0 0 754.6444081834 0.7360 
1 46 560.8867372088 0.9903 
2 82 560.8867372088 0.9903 
3 113 560.2436976641 0.9914 
4 153 560.2436976641 0.9914 
5 195 560.2436976641 0.9914 
6 236 560.2436976641 0.9914 
7 277 560.2436976641 0.9914 
8 316 560.2436976641 0.9914 
9 356 560.2436976641 0.9914 
10 396 560.2436976641 0.9914 
11 439 560.2436976641 0.9914 
12 480 560.2436976641 0.9914 
13 520 560.2436976641 0.9914 
14 561 560.2436976641 0.9914 
15 602 560.2436976641 0.9914 
16 642 560.2436976641 0.9914 
17 680 560.2436976641 0.9914 
18 720 560.2436976641 0.9914 
19 759 560.2436976641 0.9914 
20 797 560.2436976641 0.9914 
21 837 560.2436976641 0.9914 
22 879 560.2436976641 0.9914 
23 920 560.2436976641 0.9914 
24 962 560.2436976641 0.9914 
25 1003 560.2436976641 0.9914 
26 1038 560.2436976641 0.9914 
27 1075 560.2436976641 0.9914 
28 1115 560.2436976641 0.9914 
29 1156 560.2436976641 0.9914 
30 1195 560.2436976641 0.9914 
31 1232 560.2436976641 0.9914 
32 1272 560.2436976641 0.9914 
33 1313 560.2436976641 0.9914 
34 1357 556.6791413260 0.9978 
35 1402 556.6791413260 0.9978 
36 1445 556.6791413260 0.9978 
37 1487 556.6791413260 0.9978 
38 1530 556.6791413260 0.9978 
39 1571 556.6791413260 0.9978 
40 1613 556.6791413260 0.9978 
41 1654 556.6791413260 0.9978 
42 1695 556.6791413260 0.9978 
43 1739 556.6791413260 0.9978 
44 1781 556.6791413260 0.9978 
45 1823 556.6791413260 0.9978 
46 1864 556.6791413260 0.9978 
47 1906 556.6791413260 0.9978 
48 1948 556.6791413260 0.9978 
49 1992 556.6791413260 0.9978 
50 2030 556.6791413260 0.9978 
51 2067 556.6791413260 0.9978 
52 2099 556.6791413260 0.9978 
53 2139 556.6791413260 0.9978 
54 2183 556.6791413260 0.9978 
55 2228 556.6791413260 0.9978 
56 2270 556.6791413260 0.9978 
57 2313 556.6791413260 0.9978 
58 2355 556.6791413260 0.9978 
59 2398 556.6791413260 0.9978 
60 2444 556.6791413260 0.9978 
