0 0 2045.4590604909 0.6824 
1 3 1961.7905123691 0.7115 
2 5 1805.9691378544 0.7729 
3 8 1736.8700233488 0.8037 
4 10 1721.0681122271 0.8110 
5 13 1654.9883263410 0.8434 
6 15 1645.2687967022 0.8484 
7 18 1631.9453033863 0.8553 
8 20 1631.9453033863 0.8553 
9 23 1621.4938987690 0.8608 
10 25 1621.4938987690 0.8608 
11 28 1603.7469077959 0.8704 
12 30 1603.7469077959 0.8704 
13 33 1606.2393659142 0.8690 
14 35 1597.3234646843 0.8739 
15 38 1589.8538960937 0.8780 
16 40 1589.8538960937 0.8780 
17 43 1571.5444590064 0.8882 
18 45 1568.4774130131 0.8899 
19 48 1568.4774130131 0.8899 
20 50 1568.9557030643 0.8897 
21 53 1556.3231347978 0.8969 
22 55 1556.3231347978 0.8969 
23 57 1556.3231347978 0.8969 
24 60 1547.4794641142 0.9020 
25 63 1547.4794641142 0.9020 
26 65 1547.4794641142 0.9020 
27 68 1525.7967158467 0.9148 
28 70 1517.1274943681 0.9201 
29 73 1517.1274943681 0.9201 
30 75 1517.1274943681 0.9201 
31 77 1514.7485853557 0.9215 
32 79 1514.7485853557 0.9215 
33 82 1514.3109511765 0.9218 
34 84 1514.3109511765 0.9218 
35 87 1512.1935656237 0.9231 
36 89 1512.1935656237 0.9231 
37 92 1509.6961747269 0.9246 
38 94 1509.6961747269 0.9246 
39 97 1509.6961747269 0.9246 
40 99 1509.6961747269 0.9246 
41 102 1507.9588569258 0.9257 
42 104 1509.3830589606 0.9248 
43 107 1507.2956200619 0.9261 
44 109 1506.9144542896 0.9263 
45 112 1506.9144542896 0.9263 
46 114 1506.9144542896 0.9263 
47 116 1506.9144542896 0.9263 
48 119 1506.9144542896 0.9263 
49 122 1496.9355954080 0.9325 
50 124 1496.9355954080 0.9325 
51 127 1496.9355954080 0.9325 
52 129 1495.1133108265 0.9336 
53 131 1494.1713807809 0.9342 
54 134 1494.1713807809 0.9342 
55 136 1493.8422294498 0.9344 
56 139 1493.2868338879 0.9348 
57 141 1493.2868338879 0.9348 
58 144 1492.9154041854 0.9350 
59 146 1490.5391961024 0.9365 
60 149 1490.5391961024 0.9365 
