0 0 1915.8306185640 0.6741 
1 3 2018.3400630794 0.6399 
2 5 1782.8785661079 0.7244 
3 8 1671.8286944526 0.7725 
4 10 1600.5665177108 0.8069 
5 13 1575.4434382936 0.8197 
6 15 1547.8817734211 0.8343 
7 18 1516.3635024717 0.8517 
8 20 1490.7405412409 0.8663 
9 23 1485.9244117248 0.8691 
10 25 1475.7045550193 0.8751 
11 27 1472.0999011879 0.8773 
12 30 1453.1817047616 0.8887 
13 32 1450.3725575349 0.8904 
14 35 1446.5446256406 0.8928 
15 37 1439.2672323046 0.8973 
16 40 1434.6356222745 0.9002 
17 42 1433.1043618650 0.9012 
18 45 1423.4944829669 0.9072 
19 47 1421.7058996988 0.9084 
20 50 1420.3742594929 0.9092 
21 52 1419.0311039352 0.9101 
22 55 1419.0311039352 0.9101 
23 57 1412.7965087420 0.9141 
24 60 1412.7965087420 0.9141 
25 62 1412.6149070182 0.9142 
26 65 1407.0801224937 0.9178 
27 67 1407.0801224937 0.9178 
28 70 1401.2851882589 0.9216 
29 72 1400.1385013228 0.9224 
30 75 1400.1385013228 0.9224 
31 77 1398.0623394077 0.9237 
32 79 1396.0993406026 0.9250 
33 82 1396.0993406026 0.9250 
34 84 1395.9177388788 0.9252 
35 87 1392.6008645740 0.9274 
36 89 1392.6008645740 0.9274 
37 92 1392.6008645740 0.9274 
38 94 1392.5275715381 0.9274 
39 97 1386.2137015670 0.9316 
40 99 1386.2137015670 0.9316 
41 102 1386.2137015670 0.9316 
42 104 1386.2137015670 0.9316 
43 106 1386.2137015670 0.9316 
44 109 1386.2137015670 0.9316 
45 111 1386.2137015670 0.9316 
46 114 1383.2999094252 0.9336 
47 116 1383.1080445724 0.9337 
48 119 1382.8097188466 0.9339 
49 121 1382.6951340179 0.9340 
50 123 1382.3414118514 0.9342 
51 126 1382.3414118514 0.9342 
52 128 1382.3414118514 0.9342 
53 131 1382.3414118514 0.9342 
54 133 1382.3414118514 0.9342 
55 136 1382.3414118514 0.9342 
56 138 1382.3414118514 0.9342 
57 141 1382.3414118514 0.9342 
58 143 1382.3414118514 0.9342 
59 146 1380.8379784989 0.9353 
60 148 1380.8379784989 0.9353 
