0 0 1140.4255444862 0.7324 
1 29 904.1878145445 0.9238 
2 57 886.9723506258 0.9417 
3 85 867.8993524669 0.9624 
4 113 856.7375740603 0.9749 
5 140 855.6717298254 0.9761 
6 166 855.6717298254 0.9761 
7 193 854.0905321994 0.9780 
8 218 850.5538660318 0.9820 
9 242 850.5538660318 0.9820 
10 269 850.5538660318 0.9820 
11 295 843.7944470684 0.9899 
12 321 843.7944470684 0.9899 
13 348 843.7944470684 0.9899 
14 374 842.0862178916 0.9919 
15 400 842.0862178916 0.9919 
16 427 842.0862178916 0.9919 
17 454 842.0862178916 0.9919 
18 480 842.0862178916 0.9919 
19 507 842.0862178916 0.9919 
20 534 845.1981622395 0.9882 
21 560 843.4899330627 0.9902 
22 586 843.4899330627 0.9902 
23 612 843.4899330627 0.9902 
24 638 843.4899330627 0.9902 
25 664 843.4899330627 0.9902 
26 690 843.4899330627 0.9902 
27 716 843.4899330627 0.9902 
28 742 843.4899330627 0.9902 
29 769 843.4899330627 0.9902 
30 796 843.4899330627 0.9902 
31 822 843.4899330627 0.9902 
32 849 843.4899330627 0.9902 
33 875 843.4899330627 0.9902 
34 901 843.4899330627 0.9902 
35 928 843.4899330627 0.9902 
36 954 843.4899330627 0.9902 
37 980 843.4899330627 0.9902 
38 1006 843.4899330627 0.9902 
39 1032 843.4899330627 0.9902 
40 1059 843.4899330627 0.9902 
41 1085 843.4899330627 0.9902 
42 1112 843.4899330627 0.9902 
43 1138 843.4899330627 0.9902 
44 1165 844.7163365343 0.9888 
45 1191 844.0912541413 0.9895 
46 1217 844.0912541413 0.9895 
47 1244 843.9147707701 0.9897 
48 1270 843.9147707701 0.9897 
49 1297 843.7227447044 0.9900 
50 1323 842.5723911681 0.9913 
51 1350 840.2018586140 0.9941 
52 1377 840.2018586140 0.9941 
53 1403 840.2018586140 0.9941 
54 1430 840.2018586140 0.9941 
55 1457 840.2018586140 0.9941 
56 1483 840.2018586140 0.9941 
57 1510 840.2018586140 0.9941 
58 1536 840.2018586140 0.9941 
59 1563 840.2018586140 0.9941 
60 1590 840.2018586140 0.9941 
