0 0 847.6398748400 0.6189 
1 12 575.9770982639 0.9108 
2 45 537.3706503466 0.9763 
3 86 531.0248722356 0.9879 
4 126 531.0248722356 0.9879 
5 162 531.0248722356 0.9879 
6 203 531.0248722356 0.9879 
7 244 531.0248722356 0.9879 
8 283 531.0248722356 0.9879 
9 321 531.0248722356 0.9879 
10 360 531.0248722356 0.9879 
11 399 531.0248722356 0.9879 
12 440 531.0248722356 0.9879 
13 483 524.6111466425 1.0000 
14 524 524.6111466425 1.0000 
15 566 524.6111466425 1.0000 
16 607 524.6111466425 1.0000 
17 647 524.6111466425 1.0000 
18 685 524.6111466425 1.0000 
19 724 524.6111466425 1.0000 
20 760 524.6111466425 1.0000 
21 794 524.6111466425 1.0000 
22 832 524.6111466425 1.0000 
23 870 524.6111466425 1.0000 
24 908 524.6111466425 1.0000 
25 945 524.6111466425 1.0000 
26 977 524.6111466425 1.0000 
27 1011 524.6111466425 1.0000 
28 1048 524.6111466425 1.0000 
29 1082 524.6111466425 1.0000 
30 1118 524.6111466425 1.0000 
31 1153 524.6111466425 1.0000 
32 1185 524.6111466425 1.0000 
33 1220 524.6111466425 1.0000 
34 1253 524.6111466425 1.0000 
35 1289 524.6111466425 1.0000 
36 1323 524.6111466425 1.0000 
37 1359 524.6111466425 1.0000 
38 1391 524.6111466425 1.0000 
39 1424 524.6111466425 1.0000 
40 1461 524.6111466425 1.0000 
41 1496 524.6111466425 1.0000 
42 1527 524.6111466425 1.0000 
43 1554 524.6111466425 1.0000 
44 1586 524.6111466425 1.0000 
45 1620 524.6111466425 1.0000 
46 1654 524.6111466425 1.0000 
47 1691 524.6111466425 1.0000 
48 1730 524.6111466425 1.0000 
49 1764 524.6111466425 1.0000 
50 1800 524.6111466425 1.0000 
51 1842 524.6111466425 1.0000 
52 1882 524.6111466425 1.0000 
53 1923 524.6111466425 1.0000 
54 1963 524.6111466425 1.0000 
55 2002 524.6111466425 1.0000 
56 2039 524.6111466425 1.0000 
57 2078 524.6111466425 1.0000 
58 2115 524.6111466425 1.0000 
59 2153 524.6111466425 1.0000 
60 2193 524.6111466425 1.0000 
