0 0 769.6421670409 0.6816 
1 9 625.8596950315 0.8382 
2 48 532.9958250121 0.9843 
3 85 532.9958250121 0.9843 
4 120 531.0248722356 0.9879 
5 152 531.0248722356 0.9879 
6 184 531.0248722356 0.9879 
7 209 531.0248722356 0.9879 
8 239 531.0248722356 0.9879 
9 270 531.0248722356 0.9879 
10 297 531.0248722356 0.9879 
11 332 531.0248722356 0.9879 
12 366 531.0248722356 0.9879 
13 401 531.0248722356 0.9879 
14 436 531.0248722356 0.9879 
15 471 531.0248722356 0.9879 
16 506 529.3402393892 0.9911 
17 541 527.6748210713 0.9942 
18 576 527.6748210713 0.9942 
19 609 527.6748210713 0.9942 
20 644 527.6748210713 0.9942 
21 679 527.6748210713 0.9942 
22 714 527.6748210713 0.9942 
23 750 527.6748210713 0.9942 
24 785 527.6748210713 0.9942 
25 820 527.6748210713 0.9942 
26 856 527.6748210713 0.9942 
27 891 527.6748210713 0.9942 
28 928 527.6748210713 0.9942 
29 964 527.6748210713 0.9942 
30 999 527.6748210713 0.9942 
31 1035 527.6748210713 0.9942 
32 1071 527.6748210713 0.9942 
33 1108 527.6748210713 0.9942 
34 1143 527.6748210713 0.9942 
35 1178 527.6748210713 0.9942 
36 1214 527.6748210713 0.9942 
37 1250 527.6748210713 0.9942 
38 1287 527.6748210713 0.9942 
39 1322 527.6748210713 0.9942 
40 1353 527.6748210713 0.9942 
41 1383 527.6748210713 0.9942 
42 1419 527.6748210713 0.9942 
43 1454 527.6748210713 0.9942 
44 1490 527.6748210713 0.9942 
45 1528 527.6748210713 0.9942 
46 1565 527.6748210713 0.9942 
47 1602 527.6748210713 0.9942 
48 1639 527.6748210713 0.9942 
49 1676 527.6748210713 0.9942 
50 1712 527.6748210713 0.9942 
51 1748 527.6748210713 0.9942 
52 1784 527.6748210713 0.9942 
53 1821 527.6748210713 0.9942 
54 1858 527.6748210713 0.9942 
55 1894 527.6748210713 0.9942 
56 1930 527.6748210713 0.9942 
57 1967 527.6748210713 0.9942 
58 2002 527.6748210713 0.9942 
59 2038 527.6748210713 0.9942 
60 2074 527.6748210713 0.9942 
61 2112 527.6748210713 0.9942 
62 2149 527.6748210713 0.9942 
63 2185 527.6748210713 0.9942 
64 2221 527.6748210713 0.9942 
65 2257 527.6748210713 0.9942 
66 2293 527.6748210713 0.9942 
67 2329 527.6748210713 0.9942 
68 2363 527.6748210713 0.9942 
69 2397 527.6748210713 0.9942 
70 2434 527.6748210713 0.9942 
71 2470 527.6748210713 0.9942 
72 2506 527.6748210713 0.9942 
73 2543 527.6748210713 0.9942 
74 2580 527.6748210713 0.9942 
75 2618 527.6748210713 0.9942 
76 2654 527.6748210713 0.9942 
77 2690 527.6748210713 0.9942 
78 2727 527.6748210713 0.9942 
79 2764 527.6748210713 0.9942 
80 2800 527.6748210713 0.9942 
81 2838 527.6748210713 0.9942 
82 2874 527.6748210713 0.9942 
83 2910 527.6748210713 0.9942 
84 2946 527.6748210713 0.9942 
85 2983 527.6748210713 0.9942 
86 3019 527.6748210713 0.9942 
87 3055 527.6748210713 0.9942 
88 3092 527.6748210713 0.9942 
89 3127 527.6748210713 0.9942 
90 3163 527.6748210713 0.9942 
91 3199 527.6748210713 0.9942 
92 3235 527.6748210713 0.9942 
93 3271 527.6748210713 0.9942 
94 3308 527.6748210713 0.9942 
95 3344 527.6748210713 0.9942 
96 3381 527.6748210713 0.9942 
97 3416 527.6748210713 0.9942 
98 3448 527.6748210713 0.9942 
99 3483 527.6748210713 0.9942 
100 3518 527.6748210713 0.9942 
101 3553 527.6748210713 0.9942 
102 3588 527.6748210713 0.9942 
103 3625 527.6748210713 0.9942 
104 3661 527.6748210713 0.9942 
105 3697 527.6748210713 0.9942 
106 3733 527.6748210713 0.9942 
107 3768 527.6748210713 0.9942 
108 3803 527.6748210713 0.9942 
109 3838 527.6748210713 0.9942 
110 3871 527.6748210713 0.9942 
111 3904 527.6748210713 0.9942 
112 3939 527.6748210713 0.9942 
113 3974 527.6748210713 0.9942 
114 4006 527.6748210713 0.9942 
115 4033 527.6748210713 0.9942 
116 4064 527.6748210713 0.9942 
117 4099 527.6748210713 0.9942 
118 4127 527.6748210713 0.9942 
119 4156 527.6748210713 0.9942 
120 4184 527.6748210713 0.9942 
