0 0 1110.9148318620 0.7519 
1 24 970.9671633657 0.8602 
2 49 928.7075136249 0.8994 
3 73 905.3397762554 0.9226 
4 96 897.6085795284 0.9305 
5 120 878.3520903990 0.9509 
6 146 870.5267607696 0.9595 
7 172 870.5267607696 0.9595 
8 198 870.5267607696 0.9595 
9 224 862.3185777825 0.9686 
10 250 852.0662347688 0.9803 
11 275 850.5689966740 0.9820 
12 300 850.5689966740 0.9820 
13 323 850.5689966740 0.9820 
14 348 850.3919020877 0.9822 
15 373 850.3919020877 0.9822 
16 397 850.3919020877 0.9822 
17 422 850.3919020877 0.9822 
18 448 850.3919020877 0.9822 
19 472 850.3919020877 0.9822 
20 497 850.3842710624 0.9822 
21 522 850.3842710624 0.9822 
22 547 850.3842710624 0.9822 
23 569 846.7705766641 0.9864 
24 590 846.7705766641 0.9864 
25 611 846.7705766641 0.9864 
26 630 846.7705766641 0.9864 
27 655 846.7705766641 0.9864 
28 678 846.7705766641 0.9864 
29 698 846.7705766641 0.9864 
30 724 846.7705766641 0.9864 
31 749 846.7705766641 0.9864 
32 774 846.7705766641 0.9864 
33 799 846.7705766641 0.9864 
34 823 846.7705766641 0.9864 
35 848 846.7705766641 0.9864 
36 873 846.7705766641 0.9864 
37 898 846.7705766641 0.9864 
38 923 846.7705766641 0.9864 
39 949 846.7705766641 0.9864 
40 974 846.7705766641 0.9864 
41 999 846.7705766641 0.9864 
42 1024 846.7705766641 0.9864 
43 1049 846.7705766641 0.9864 
44 1074 846.7705766641 0.9864 
45 1099 846.7705766641 0.9864 
46 1124 846.7705766641 0.9864 
47 1148 846.7705766641 0.9864 
48 1170 846.7705766641 0.9864 
49 1194 846.7705766641 0.9864 
50 1219 846.7705766641 0.9864 
51 1243 846.7705766641 0.9864 
52 1268 846.7705766641 0.9864 
53 1292 846.7705766641 0.9864 
54 1318 846.7705766641 0.9864 
55 1343 846.7705766641 0.9864 
56 1367 846.7705766641 0.9864 
57 1392 846.7705766641 0.9864 
58 1417 846.7705766641 0.9864 
59 1442 846.7705766641 0.9864 
60 1467 846.7705766641 0.9864 
61 1492 846.7705766641 0.9864 
62 1517 846.7705766641 0.9864 
63 1542 846.7705766641 0.9864 
64 1567 846.7705766641 0.9864 
65 1592 846.7705766641 0.9864 
66 1618 846.7705766641 0.9864 
67 1643 846.7705766641 0.9864 
68 1667 846.7705766641 0.9864 
69 1692 846.7705766641 0.9864 
70 1718 846.7705766641 0.9864 
71 1743 846.7705766641 0.9864 
72 1768 846.7705766641 0.9864 
73 1793 846.7705766641 0.9864 
74 1818 846.7705766641 0.9864 
75 1844 846.7705766641 0.9864 
76 1869 846.7705766641 0.9864 
77 1893 846.7705766641 0.9864 
78 1919 846.7705766641 0.9864 
79 1944 846.7705766641 0.9864 
80 1969 846.7705766641 0.9864 
81 1994 846.7705766641 0.9864 
82 2019 846.7705766641 0.9864 
83 2044 846.7705766641 0.9864 
84 2070 846.7705766641 0.9864 
85 2094 846.7705766641 0.9864 
86 2119 846.7705766641 0.9864 
87 2143 846.7705766641 0.9864 
88 2167 846.7705766641 0.9864 
89 2192 846.7705766641 0.9864 
90 2217 846.7705766641 0.9864 
91 2241 846.7705766641 0.9864 
92 2264 846.7705766641 0.9864 
93 2288 846.7705766641 0.9864 
94 2313 846.7705766641 0.9864 
95 2338 846.7705766641 0.9864 
96 2363 846.7705766641 0.9864 
97 2388 846.7705766641 0.9864 
98 2414 846.7705766641 0.9864 
99 2437 846.7705766641 0.9864 
100 2462 846.7705766641 0.9864 
101 2487 846.7705766641 0.9864 
102 2511 846.7705766641 0.9864 
103 2535 846.7705766641 0.9864 
104 2559 846.7705766641 0.9864 
105 2584 846.7705766641 0.9864 
106 2610 846.7705766641 0.9864 
107 2635 846.7705766641 0.9864 
108 2661 846.7705766641 0.9864 
109 2686 846.7705766641 0.9864 
110 2711 846.7705766641 0.9864 
111 2736 846.7705766641 0.9864 
112 2760 846.7705766641 0.9864 
113 2785 846.7705766641 0.9864 
114 2809 846.7705766641 0.9864 
115 2835 846.7705766641 0.9864 
116 2859 846.7705766641 0.9864 
117 2884 846.7705766641 0.9864 
118 2908 846.7705766641 0.9864 
119 2935 846.7705766641 0.9864 
120 2960 846.7705766641 0.9864 
