0 0 1325.5258237448 0.6233 
1 13 886.2286402504 0.9322 
2 24 854.3659770039 0.9670 
3 35 847.3335931679 0.9750 
4 45 846.3598828897 0.9761 
5 55 846.0148299526 0.9765 
6 65 844.1236646502 0.9787 
7 75 842.4019656870 0.9807 
8 86 838.5603295802 0.9852 
9 96 836.8706466692 0.9872 
10 106 836.8706466692 0.9872 
11 116 836.8706466692 0.9872 
12 127 836.8706466692 0.9872 
13 137 836.8706466692 0.9872 
14 148 836.8706466692 0.9872 
15 157 836.8706466692 0.9872 
16 167 836.8706466692 0.9872 
17 177 836.8706466692 0.9872 
18 187 836.8706466692 0.9872 
19 197 836.8706466692 0.9872 
20 207 836.8706466692 0.9872 
21 217 836.8706466692 0.9872 
22 227 836.8706466692 0.9872 
23 237 836.8706466692 0.9872 
24 247 836.8706466692 0.9872 
25 257 836.8706466692 0.9872 
26 267 836.8706466692 0.9872 
27 277 836.8706466692 0.9872 
28 287 836.8706466692 0.9872 
29 297 836.8706466692 0.9872 
30 307 836.8706466692 0.9872 
31 316 836.8706466692 0.9872 
32 326 836.8706466692 0.9872 
33 336 836.8706466692 0.9872 
34 345 836.8706466692 0.9872 
35 354 836.8706466692 0.9872 
36 364 836.8706466692 0.9872 
37 374 835.6987626323 0.9886 
38 383 834.7499539660 0.9897 
39 393 834.7499539660 0.9897 
40 402 834.7499539660 0.9897 
41 412 834.7499539660 0.9897 
42 421 834.7499539660 0.9897 
43 431 834.7499539660 0.9897 
44 440 834.7499539660 0.9897 
45 450 834.7499539660 0.9897 
46 460 834.7499539660 0.9897 
47 469 834.7499539660 0.9897 
48 479 834.7499539660 0.9897 
49 489 834.7499539660 0.9897 
50 498 834.7499539660 0.9897 
51 507 834.7499539660 0.9897 
52 517 834.7499539660 0.9897 
53 526 834.7499539660 0.9897 
54 536 834.7499539660 0.9897 
55 546 834.7499539660 0.9897 
56 556 834.7499539660 0.9897 
57 565 834.7499539660 0.9897 
58 574 834.7499539660 0.9897 
59 584 834.7499539660 0.9897 
60 594 834.7499539660 0.9897 
61 604 834.7499539660 0.9897 
62 614 834.7499539660 0.9897 
63 624 834.7499539660 0.9897 
64 634 834.7499539660 0.9897 
65 644 834.7499539660 0.9897 
66 653 834.7499539660 0.9897 
67 663 834.7499539660 0.9897 
68 673 834.7499539660 0.9897 
69 683 834.7499539660 0.9897 
70 692 834.7499539660 0.9897 
71 702 834.7499539660 0.9897 
72 712 834.7499539660 0.9897 
73 722 834.7499539660 0.9897 
74 731 834.7499539660 0.9897 
75 741 834.7499539660 0.9897 
76 751 834.7499539660 0.9897 
77 761 834.7499539660 0.9897 
78 771 834.7499539660 0.9897 
79 780 834.7499539660 0.9897 
80 790 834.7499539660 0.9897 
81 800 834.7499539660 0.9897 
82 809 834.7499539660 0.9897 
83 819 834.7499539660 0.9897 
84 829 834.7499539660 0.9897 
85 838 834.7499539660 0.9897 
86 847 834.7499539660 0.9897 
87 854 834.7499539660 0.9897 
88 859 834.7499539660 0.9897 
89 867 834.7499539660 0.9897 
90 875 834.7499539660 0.9897 
91 885 834.7499539660 0.9897 
92 895 834.7499539660 0.9897 
93 903 834.7499539660 0.9897 
94 913 834.7499539660 0.9897 
95 922 834.7499539660 0.9897 
96 932 834.7499539660 0.9897 
97 941 834.7499539660 0.9897 
98 950 834.7499539660 0.9897 
99 958 834.7499539660 0.9897 
100 967 834.7499539660 0.9897 
101 975 834.7499539660 0.9897 
102 983 834.7499539660 0.9897 
103 991 834.7499539660 0.9897 
104 1000 834.7499539660 0.9897 
105 1009 834.7499539660 0.9897 
106 1018 834.7499539660 0.9897 
107 1027 834.7499539660 0.9897 
108 1036 834.7499539660 0.9897 
109 1046 834.7499539660 0.9897 
110 1055 834.7499539660 0.9897 
111 1064 834.7499539660 0.9897 
112 1073 834.7499539660 0.9897 
113 1083 834.7499539660 0.9897 
114 1093 834.7499539660 0.9897 
115 1102 834.7499539660 0.9897 
116 1112 834.7499539660 0.9897 
117 1121 834.7499539660 0.9897 
118 1132 834.7499539660 0.9897 
119 1142 834.7499539660 0.9897 
120 1151 834.7499539660 0.9897 
