0 0 1746.6772304519 0.5888 
1 5 1359.3965952008 0.7565 
2 10 1263.1457650243 0.8142 
3 15 1198.7647282172 0.8579 
4 19 1171.1255808878 0.8781 
5 24 1140.6865498084 0.9016 
6 29 1127.1902128885 0.9124 
7 34 1113.5471105843 0.9236 
8 38 1113.5471105843 0.9236 
9 43 1110.2022675525 0.9263 
10 47 1110.2022675525 0.9263 
11 52 1109.5894277448 0.9268 
12 57 1103.0585332576 0.9323 
13 62 1102.4878798518 0.9328 
14 66 1099.5990024157 0.9353 
15 71 1087.6561841693 0.9455 
16 75 1083.8846539678 0.9488 
17 80 1078.9654155219 0.9532 
18 84 1073.4107594796 0.9581 
19 89 1073.4107594796 0.9581 
20 93 1072.1746277076 0.9592 
21 97 1069.8798412321 0.9612 
22 101 1069.0814637017 0.9620 
23 105 1068.9201238897 0.9621 
24 109 1068.3517032152 0.9626 
25 114 1068.2945916845 0.9627 
26 118 1068.2945916845 0.9627 
27 122 1068.2945916845 0.9627 
28 127 1067.0087087589 0.9638 
29 131 1066.5683007574 0.9642 
30 135 1061.1377338678 0.9692 
31 140 1056.9452909278 0.9730 
32 144 1056.9452909278 0.9730 
33 148 1056.0737921356 0.9738 
34 153 1055.9512558306 0.9739 
35 157 1055.6046077786 0.9742 
36 162 1055.6046077786 0.9742 
37 166 1055.6003903208 0.9743 
38 170 1054.2451341981 0.9755 
39 174 1054.2451341981 0.9755 
40 179 1054.2451341981 0.9755 
41 183 1054.2451341981 0.9755 
42 187 1054.1819713332 0.9756 
43 192 1054.0925555947 0.9756 
44 196 1054.0925555947 0.9756 
45 201 1054.0925555947 0.9756 
46 205 1054.0925555947 0.9756 
47 209 1054.0925555947 0.9756 
48 213 1053.5761397701 0.9761 
49 217 1053.5761397701 0.9761 
50 222 1052.7277081129 0.9769 
51 226 1052.1997700293 0.9774 
52 230 1052.1997700293 0.9774 
53 235 1052.1997700293 0.9774 
54 239 1052.1997700293 0.9774 
55 243 1052.1997700293 0.9774 
56 248 1052.1997700293 0.9774 
57 252 1052.1997700293 0.9774 
58 256 1052.1997700293 0.9774 
59 260 1052.1997700293 0.9774 
60 264 1052.1997700293 0.9774 
61 269 1052.1997700293 0.9774 
62 273 1052.1997700293 0.9774 
63 277 1052.1997700293 0.9774 
64 281 1052.1997700293 0.9774 
65 286 1052.1997700293 0.9774 
66 290 1052.1997700293 0.9774 
67 295 1052.1997700293 0.9774 
68 299 1052.1997700293 0.9774 
69 303 1050.5088984985 0.9790 
70 307 1050.5088984985 0.9790 
71 311 1050.5088984985 0.9790 
72 316 1050.5088984985 0.9790 
73 320 1050.5088984985 0.9790 
74 324 1050.5088984985 0.9790 
75 329 1050.5088984985 0.9790 
76 333 1050.5088984985 0.9790 
77 337 1050.5088984985 0.9790 
78 342 1050.5088984985 0.9790 
79 346 1050.5088984985 0.9790 
80 350 1050.5088984985 0.9790 
81 355 1050.5088984985 0.9790 
82 359 1050.5088984985 0.9790 
83 363 1050.5088984985 0.9790 
84 368 1050.5088984985 0.9790 
85 372 1050.5088984985 0.9790 
86 376 1050.5088984985 0.9790 
87 381 1050.5088984985 0.9790 
88 385 1050.5088984985 0.9790 
89 389 1050.5088984985 0.9790 
90 394 1050.5088984985 0.9790 
91 398 1050.5088984985 0.9790 
92 402 1050.5088984985 0.9790 
93 407 1050.5088984985 0.9790 
94 411 1050.5088984985 0.9790 
95 415 1050.5088984985 0.9790 
96 419 1050.5088984985 0.9790 
97 424 1050.5088984985 0.9790 
98 428 1050.5088984985 0.9790 
99 432 1050.5088984985 0.9790 
100 436 1050.5088984985 0.9790 
101 440 1050.5088984985 0.9790 
102 444 1050.5088984985 0.9790 
103 449 1050.5088984985 0.9790 
104 453 1049.5509907034 0.9799 
105 457 1049.5440119665 0.9799 
106 461 1049.5440119665 0.9799 
107 466 1049.5440119665 0.9799 
108 470 1049.5440119665 0.9799 
109 474 1049.5440119665 0.9799 
110 478 1049.5440119665 0.9799 
111 483 1049.5440119665 0.9799 
112 487 1049.5440119665 0.9799 
113 491 1049.5440119665 0.9799 
114 496 1049.5440119665 0.9799 
115 500 1049.5440119665 0.9799 
116 505 1048.6386244963 0.9807 
117 509 1048.6386244963 0.9807 
118 513 1048.6386244963 0.9807 
119 518 1048.6386244963 0.9807 
120 522 1048.6386244963 0.9807 
