0 0 2028.4032801801 0.6367 
1 3 2012.4482098584 0.6417 
2 5 2012.5425855733 0.6417 
3 7 1804.5001076413 0.7157 
4 10 1709.2405428392 0.7556 
5 12 1632.1320023169 0.7913 
6 14 1617.4696370767 0.7984 
7 17 1569.3854003581 0.8229 
8 19 1548.0487846418 0.8342 
9 22 1541.8768826981 0.8376 
10 24 1541.1718089307 0.8380 
11 26 1533.4738104077 0.8422 
12 29 1518.7712071539 0.8503 
13 31 1505.4684427796 0.8578 
14 34 1486.6003959677 0.8687 
15 36 1485.2382460444 0.8695 
16 38 1485.2382460444 0.8695 
17 41 1485.2382460444 0.8695 
18 43 1485.2382460444 0.8695 
19 45 1485.2382460444 0.8695 
20 48 1481.8244621815 0.8715 
21 50 1477.3470372494 0.8742 
22 53 1467.7694592337 0.8799 
23 55 1466.5240905258 0.8806 
24 57 1445.7029476202 0.8933 
25 60 1441.0202286609 0.8962 
26 62 1439.2096805994 0.8973 
27 64 1427.5064248274 0.9047 
28 66 1427.2656337753 0.9048 
29 69 1427.2656337753 0.9048 
30 71 1427.2656337753 0.9048 
31 73 1427.2445656726 0.9049 
32 76 1426.2740993415 0.9055 
33 78 1425.3770609475 0.9060 
34 80 1421.8994251763 0.9083 
35 83 1420.4244423798 0.9092 
36 85 1420.4244423798 0.9092 
37 88 1419.3980805948 0.9099 
38 90 1419.3980805948 0.9099 
39 92 1417.3542228746 0.9112 
40 95 1417.3542228746 0.9112 
41 97 1416.6993250674 0.9116 
42 99 1415.7668974283 0.9122 
43 102 1414.7155870448 0.9129 
44 104 1412.8042909388 0.9141 
45 106 1412.6101128499 0.9142 
46 109 1407.9444084988 0.9173 
47 111 1407.9444084988 0.9173 
48 114 1405.8428927507 0.9186 
49 116 1405.6736993899 0.9187 
50 118 1405.6049164472 0.9188 
51 121 1405.6049164472 0.9188 
52 123 1405.6049164472 0.9188 
53 125 1405.6049164472 0.9188 
54 128 1405.6049164472 0.9188 
55 130 1405.6049164472 0.9188 
56 132 1404.3622519540 0.9196 
57 135 1404.3622519540 0.9196 
58 137 1404.3622519540 0.9196 
59 139 1404.3622519540 0.9196 
60 141 1404.3622519540 0.9196 
61 144 1404.3622519540 0.9196 
62 146 1403.1762561545 0.9204 
63 148 1403.1762561545 0.9204 
64 151 1403.1761896107 0.9204 
65 153 1403.1761896107 0.9204 
66 155 1403.1032237550 0.9204 
67 158 1403.1032237550 0.9204 
68 160 1403.1032237550 0.9204 
69 162 1403.1032237550 0.9204 
70 165 1403.1032237550 0.9204 
71 167 1403.1032237550 0.9204 
72 169 1403.1032237550 0.9204 
73 172 1403.1032237550 0.9204 
74 174 1403.1032237550 0.9204 
75 176 1403.1032237550 0.9204 
76 179 1403.1032237550 0.9204 
77 181 1403.1032237550 0.9204 
78 183 1403.1032237550 0.9204 
79 185 1403.1032237550 0.9204 
80 188 1402.8858836116 0.9206 
81 190 1402.2409672207 0.9210 
82 192 1401.2163726834 0.9217 
83 195 1399.3533436814 0.9229 
84 197 1398.4527455009 0.9235 
85 199 1398.3013722448 0.9236 
86 202 1398.1041719293 0.9237 
87 204 1398.1041719293 0.9237 
88 207 1395.3897123575 0.9255 
89 209 1395.3897123575 0.9255 
90 211 1394.4934933367 0.9261 
91 214 1394.4934933367 0.9261 
92 216 1394.4124195262 0.9262 
93 218 1394.4124195262 0.9262 
94 220 1394.4124195262 0.9262 
95 223 1394.4124195262 0.9262 
96 225 1394.4124195262 0.9262 
97 227 1394.4124195262 0.9262 
98 230 1394.4124195262 0.9262 
99 232 1394.4124195262 0.9262 
100 234 1394.4124195262 0.9262 
101 236 1394.4124195262 0.9262 
102 239 1394.0077834891 0.9264 
103 241 1394.0077834891 0.9264 
104 243 1394.0077834891 0.9264 
105 245 1394.0077834891 0.9264 
106 248 1393.2895264007 0.9269 
107 250 1393.2895264007 0.9269 
108 252 1392.8252772042 0.9272 
109 255 1392.2556587853 0.9276 
110 257 1388.8588275764 0.9299 
111 259 1388.0909371046 0.9304 
112 262 1384.8116734936 0.9326 
113 264 1383.9674778095 0.9332 
114 266 1380.5256798371 0.9355 
115 268 1368.1250151184 0.9440 
116 271 1367.5933680468 0.9443 
117 273 1366.8987863668 0.9448 
118 275 1362.1147649634 0.9481 
119 278 1360.5634133166 0.9492 
120 280 1360.1949270502 0.9495 
