0 0 890.5470904178 0.6237 
1 48 558.9902011313 0.9936 
2 88 556.6791413260 0.9978 
3 129 556.6791413260 0.9978 
4 169 556.6791413260 0.9978 
5 210 556.6791413260 0.9978 
6 250 556.6791413260 0.9978 
7 288 556.6791413260 0.9978 
8 327 556.6791413260 0.9978 
9 366 556.6791413260 0.9978 
10 405 556.6791413260 0.9978 
11 442 556.6791413260 0.9978 
12 478 556.6791413260 0.9978 
13 518 556.6791413260 0.9978 
14 553 556.6791413260 0.9978 
15 592 556.6791413260 0.9978 
16 631 556.6791413260 0.9978 
17 672 556.6791413260 0.9978 
18 713 556.6791413260 0.9978 
19 754 556.6791413260 0.9978 
20 795 556.6791413260 0.9978 
21 833 556.6791413260 0.9978 
22 874 556.6791413260 0.9978 
23 913 556.6791413260 0.9978 
24 951 556.6791413260 0.9978 
25 990 556.6791413260 0.9978 
26 1028 556.6791413260 0.9978 
27 1067 556.6791413260 0.9978 
28 1107 556.6791413260 0.9978 
29 1145 556.6791413260 0.9978 
30 1184 556.6791413260 0.9978 
31 1221 556.6791413260 0.9978 
32 1259 556.6791413260 0.9978 
33 1297 556.6791413260 0.9978 
34 1337 556.6791413260 0.9978 
35 1376 556.6791413260 0.9978 
36 1418 556.6791413260 0.9978 
37 1458 556.6791413260 0.9978 
38 1500 556.6791413260 0.9978 
39 1541 556.6791413260 0.9978 
40 1582 556.6791413260 0.9978 
41 1620 556.6791413260 0.9978 
42 1661 556.6791413260 0.9978 
43 1701 556.6791413260 0.9978 
44 1741 556.6791413260 0.9978 
45 1781 556.6791413260 0.9978 
46 1823 556.6791413260 0.9978 
47 1865 556.6791413260 0.9978 
48 1907 556.6791413260 0.9978 
49 1949 556.6791413260 0.9978 
50 1991 556.6791413260 0.9978 
51 2033 556.6791413260 0.9978 
52 2074 556.6791413260 0.9978 
53 2113 556.6791413260 0.9978 
54 2154 556.6791413260 0.9978 
55 2195 556.6791413260 0.9978 
56 2236 556.6791413260 0.9978 
57 2276 556.6791413260 0.9978 
58 2316 556.6791413260 0.9978 
59 2358 556.6791413260 0.9978 
60 2399 556.6791413260 0.9978 
61 2439 556.6791413260 0.9978 
62 2480 556.6791413260 0.9978 
63 2522 556.6791413260 0.9978 
64 2562 556.6791413260 0.9978 
65 2604 556.6791413260 0.9978 
66 2646 556.6791413260 0.9978 
67 2688 556.6791413260 0.9978 
68 2732 556.6791413260 0.9978 
69 2774 556.6791413260 0.9978 
70 2816 556.6791413260 0.9978 
71 2859 556.6791413260 0.9978 
72 2897 556.6791413260 0.9978 
73 2938 556.6791413260 0.9978 
74 2980 556.6791413260 0.9978 
75 3021 556.6791413260 0.9978 
76 3062 556.6791413260 0.9978 
77 3102 556.6791413260 0.9978 
78 3143 556.6791413260 0.9978 
79 3185 556.6791413260 0.9978 
80 3225 556.6791413260 0.9978 
81 3267 556.6791413260 0.9978 
82 3307 556.6791413260 0.9978 
83 3345 556.6791413260 0.9978 
84 3388 555.4302364991 1.0000 
85 3429 555.4302364991 1.0000 
86 3471 555.4302364991 1.0000 
87 3513 555.4302364991 1.0000 
88 3555 555.4302364991 1.0000 
89 3596 555.4302364991 1.0000 
90 3639 555.4302364991 1.0000 
91 3679 555.4302364991 1.0000 
92 3721 555.4302364991 1.0000 
93 3760 555.4302364991 1.0000 
94 3803 555.4302364991 1.0000 
95 3847 555.4302364991 1.0000 
96 3888 555.4302364991 1.0000 
97 3929 555.4302364991 1.0000 
98 3971 555.4302364991 1.0000 
99 4013 555.4302364991 1.0000 
100 4055 555.4302364991 1.0000 
101 4098 555.4302364991 1.0000 
102 4142 555.4302364991 1.0000 
103 4184 555.4302364991 1.0000 
104 4227 555.4302364991 1.0000 
105 4270 555.4302364991 1.0000 
106 4314 555.4302364991 1.0000 
107 4358 555.4302364991 1.0000 
108 4403 555.4302364991 1.0000 
109 4448 555.4302364991 1.0000 
110 4492 555.4302364991 1.0000 
111 4538 555.4302364991 1.0000 
112 4583 555.4302364991 1.0000 
113 4627 555.4302364991 1.0000 
114 4670 555.4302364991 1.0000 
115 4714 555.4302364991 1.0000 
116 4755 555.4302364991 1.0000 
117 4797 555.4302364991 1.0000 
118 4839 555.4302364991 1.0000 
119 4882 555.4302364991 1.0000 
120 4921 555.4302364991 1.0000 
