0 0 1165.2048149790 0.7807 
1 28 977.4762323615 0.9306 
2 55 962.6204729312 0.9450 
3 82 958.2821706836 0.9493 
4 108 957.4383772113 0.9501 
5 134 955.9181987909 0.9516 
6 159 948.8114818947 0.9588 
7 184 948.8114818947 0.9588 
8 210 948.7813174007 0.9588 
9 235 948.7813174007 0.9588 
10 261 927.1732007756 0.9811 
11 285 927.1732007756 0.9811 
12 310 924.2431409247 0.9842 
13 335 924.2431409247 0.9842 
14 359 924.2431409247 0.9842 
15 384 924.2431409247 0.9842 
16 409 924.2431409247 0.9842 
17 433 924.2431409247 0.9842 
18 458 924.2431409247 0.9842 
19 482 924.2431409247 0.9842 
20 506 924.2431409247 0.9842 
21 531 924.2431409247 0.9842 
22 555 924.2431409247 0.9842 
23 580 924.2431409247 0.9842 
24 604 924.2431409247 0.9842 
25 628 924.2431409247 0.9842 
26 651 924.2431409247 0.9842 
27 675 924.2431409247 0.9842 
28 699 924.2431409247 0.9842 
29 722 924.2431409247 0.9842 
30 746 924.2431409247 0.9842 
31 770 924.2431409247 0.9842 
32 793 924.2431409247 0.9842 
33 816 924.2431409247 0.9842 
34 840 924.2431409247 0.9842 
35 864 924.2431409247 0.9842 
36 889 924.2431409247 0.9842 
37 914 924.2431409247 0.9842 
38 939 924.2431409247 0.9842 
39 963 924.2431409247 0.9842 
40 988 924.2431409247 0.9842 
41 1013 924.2431409247 0.9842 
42 1037 924.2431409247 0.9842 
43 1062 924.2431409247 0.9842 
44 1085 924.2431409247 0.9842 
45 1109 924.2431409247 0.9842 
46 1130 924.2431409247 0.9842 
47 1155 924.2431409247 0.9842 
48 1178 924.2431409247 0.9842 
49 1202 924.2431409247 0.9842 
50 1225 923.6482042482 0.9849 
51 1249 919.2902020951 0.9895 
52 1273 919.1457219630 0.9897 
53 1297 919.1457219630 0.9897 
54 1321 919.1457219630 0.9897 
55 1344 919.1457219630 0.9897 
56 1368 919.1457219630 0.9897 
57 1392 917.6136398839 0.9914 
58 1416 917.6136398839 0.9914 
59 1440 917.6136398839 0.9914 
60 1464 917.6136398839 0.9914 
61 1488 917.6136398839 0.9914 
62 1513 917.6136398839 0.9914 
63 1537 917.6136398839 0.9914 
64 1561 917.6136398839 0.9914 
65 1586 917.6136398839 0.9914 
66 1609 917.6136398839 0.9914 
67 1633 917.6136398839 0.9914 
68 1657 917.6136398839 0.9914 
69 1681 917.6136398839 0.9914 
70 1705 917.6136398839 0.9914 
71 1729 917.6136398839 0.9914 
72 1753 917.6136398839 0.9914 
73 1778 917.6136398839 0.9914 
74 1801 917.6136398839 0.9914 
75 1825 917.6136398839 0.9914 
76 1850 917.6136398839 0.9914 
77 1873 917.6136398839 0.9914 
78 1897 917.6136398839 0.9914 
79 1922 917.6136398839 0.9914 
80 1946 917.6136398839 0.9914 
81 1971 917.6136398839 0.9914 
82 1994 917.6136398839 0.9914 
83 2018 917.6136398839 0.9914 
84 2043 917.6136398839 0.9914 
85 2067 917.6136398839 0.9914 
86 2090 917.6136398839 0.9914 
87 2114 917.6136398839 0.9914 
88 2138 917.6136398839 0.9914 
89 2162 917.6136398839 0.9914 
90 2185 917.6136398839 0.9914 
91 2209 917.6136398839 0.9914 
92 2234 917.6136398839 0.9914 
93 2258 917.6136398839 0.9914 
94 2282 917.6136398839 0.9914 
95 2306 917.6136398839 0.9914 
96 2330 917.6136398839 0.9914 
97 2353 917.6136398839 0.9914 
98 2377 917.6136398839 0.9914 
99 2401 917.6136398839 0.9914 
100 2425 917.6136398839 0.9914 
101 2449 917.6136398839 0.9914 
102 2473 917.6136398839 0.9914 
103 2497 917.6136398839 0.9914 
104 2521 917.6136398839 0.9914 
105 2544 917.6136398839 0.9914 
106 2568 917.6136398839 0.9914 
107 2591 913.3735596814 0.9960 
108 2616 913.3735596814 0.9960 
109 2640 913.3735596814 0.9960 
110 2664 913.3735596814 0.9960 
111 2689 913.3735596814 0.9960 
112 2713 913.3735596814 0.9960 
113 2737 913.3735596814 0.9960 
114 2762 913.3735596814 0.9960 
115 2786 913.3735596814 0.9960 
116 2810 913.3735596814 0.9960 
117 2834 913.3735596814 0.9960 
118 2858 913.3735596814 0.9960 
119 2882 913.3735596814 0.9960 
120 2906 913.3735596814 0.9960 
