0 0 1280.5142783637 0.6762 
1 13 1035.8444213972 0.8360 
2 26 937.8238678333 0.9234 
3 38 897.4281633945 0.9649 
4 50 889.1466972708 0.9739 
5 60 882.3891997989 0.9814 
6 71 880.8234247342 0.9831 
7 82 875.6732987834 0.9889 
8 93 875.6030221680 0.9890 
9 104 872.2369541806 0.9928 
10 114 872.1594625686 0.9929 
11 124 872.1594625686 0.9929 
12 135 872.1594625686 0.9929 
13 146 872.1594625686 0.9929 
14 157 872.1594625686 0.9929 
15 168 872.1594625686 0.9929 
16 178 872.1594625686 0.9929 
17 189 872.1594625686 0.9929 
18 198 872.1594625686 0.9929 
19 208 872.1594625686 0.9929 
20 218 872.1594625686 0.9929 
21 228 872.1594625686 0.9929 
22 239 872.1594625686 0.9929 
23 249 871.9881819131 0.9931 
24 259 871.9881819131 0.9931 
25 269 871.9881819131 0.9931 
26 279 871.9881819131 0.9931 
27 289 871.9881819131 0.9931 
28 299 871.9881819131 0.9931 
29 309 871.9881819131 0.9931 
30 320 871.9881819131 0.9931 
31 330 871.9881819131 0.9931 
32 340 871.9881819131 0.9931 
33 351 871.9881819131 0.9931 
34 361 871.9881819131 0.9931 
35 372 871.9881819131 0.9931 
36 382 871.9881819131 0.9931 
37 393 871.9881819131 0.9931 
38 403 871.9881819131 0.9931 
39 413 871.9881819131 0.9931 
40 423 870.1604305357 0.9951 
41 433 869.2326454944 0.9962 
42 443 869.2326454944 0.9962 
43 453 869.1338571425 0.9963 
44 463 869.1338571425 0.9963 
45 473 869.1338571425 0.9963 
46 483 869.1338571425 0.9963 
47 493 869.1338571425 0.9963 
48 503 869.1338571425 0.9963 
49 513 869.1338571425 0.9963 
50 523 869.1338571425 0.9963 
51 532 869.1338571425 0.9963 
52 541 869.1338571425 0.9963 
53 551 869.1338571425 0.9963 
54 561 869.1338571425 0.9963 
55 571 869.1338571425 0.9963 
56 580 869.1338571425 0.9963 
57 590 869.1338571425 0.9963 
58 601 869.1338571425 0.9963 
59 610 869.1338571425 0.9963 
60 620 869.1338571425 0.9963 
61 630 869.1338571425 0.9963 
62 640 869.1338571425 0.9963 
63 650 869.1338571425 0.9963 
64 660 869.0548832751 0.9964 
65 670 868.2929854054 0.9973 
66 681 868.2929854054 0.9973 
67 691 868.2929854054 0.9973 
68 702 867.1780769782 0.9986 
69 712 866.7381878936 0.9991 
70 722 866.7381878936 0.9991 
71 733 866.7381878936 0.9991 
72 743 865.9445056376 1.0000 
73 753 865.9445056376 1.0000 
74 764 865.9445056376 1.0000 
75 774 865.9445056376 1.0000 
76 784 865.9445056376 1.0000 
77 794 865.9445056376 1.0000 
78 805 865.9445056376 1.0000 
79 815 865.9445056376 1.0000 
80 825 865.9445056376 1.0000 
81 835 865.9445056376 1.0000 
82 845 865.9445056376 1.0000 
83 855 865.9445056376 1.0000 
84 864 865.9445056376 1.0000 
85 873 865.9445056376 1.0000 
86 881 865.9445056376 1.0000 
87 891 865.9445056376 1.0000 
88 900 865.9445056376 1.0000 
89 910 865.9445056376 1.0000 
90 919 865.9445056376 1.0000 
91 930 865.9445056376 1.0000 
92 940 865.9445056376 1.0000 
93 950 865.9445056376 1.0000 
94 960 865.9445056376 1.0000 
95 970 865.9445056376 1.0000 
96 980 865.9445056376 1.0000 
97 990 865.9445056376 1.0000 
98 1000 865.9445056376 1.0000 
99 1009 865.9445056376 1.0000 
100 1019 865.9445056376 1.0000 
101 1029 865.9445056376 1.0000 
102 1039 865.9445056376 1.0000 
103 1048 865.9445056376 1.0000 
104 1058 865.9445056376 1.0000 
105 1068 865.9445056376 1.0000 
106 1078 865.9445056376 1.0000 
107 1087 865.9445056376 1.0000 
108 1097 865.9445056376 1.0000 
109 1107 865.9445056376 1.0000 
110 1117 865.9445056376 1.0000 
111 1126 865.9445056376 1.0000 
112 1135 865.9445056376 1.0000 
113 1145 865.9445056376 1.0000 
114 1155 865.9445056376 1.0000 
115 1165 865.9445056376 1.0000 
116 1175 865.9445056376 1.0000 
117 1185 865.9445056376 1.0000 
118 1195 865.9445056376 1.0000 
119 1205 865.9445056376 1.0000 
120 1214 865.9445056376 1.0000 
