0 0 1806.6250959262 0.6435 
1 5 1673.8249648952 0.6945 
2 10 1518.9675161768 0.7654 
3 15 1430.0063172356 0.8130 
4 20 1400.9212966346 0.8298 
5 25 1366.7891150758 0.8506 
6 30 1352.2352627609 0.8597 
7 34 1336.0132778119 0.8702 
8 39 1319.6284887265 0.8810 
9 44 1315.6037458852 0.8837 
10 49 1271.1585976917 0.9146 
11 54 1284.0389151819 0.9054 
12 58 1292.5973123101 0.8994 
13 63 1292.5973123101 0.8994 
14 68 1289.2995334499 0.9017 
15 73 1289.2995334499 0.9017 
16 78 1290.0417069635 0.9012 
17 83 1289.0329399513 0.9019 
18 88 1278.8917292475 0.9090 
19 92 1286.9920313929 0.9033 
20 97 1286.4431864613 0.9037 
21 102 1276.5528075067 0.9107 
22 107 1274.8816910437 0.9119 
23 112 1274.8523856406 0.9119 
24 117 1276.5091989514 0.9107 
25 122 1276.5091989514 0.9107 
26 127 1276.5091989514 0.9107 
27 132 1276.5091989514 0.9107 
28 136 1276.5091989514 0.9107 
29 141 1276.5091989514 0.9107 
30 146 1276.5091989514 0.9107 
31 151 1275.3841938470 0.9115 
32 156 1275.3841938470 0.9115 
33 160 1274.5083856982 0.9122 
34 165 1274.5083856982 0.9122 
35 170 1274.5083856982 0.9122 
36 175 1273.7428787012 0.9127 
37 180 1273.7428787012 0.9127 
38 185 1273.7428787012 0.9127 
39 190 1276.9639468681 0.9104 
40 194 1276.9639468681 0.9104 
41 199 1276.1814515818 0.9110 
42 204 1276.1814515818 0.9110 
43 209 1271.5477437131 0.9143 
44 214 1271.9575060032 0.9140 
45 219 1271.9575060032 0.9140 
46 224 1271.9575060032 0.9140 
47 229 1271.9575060032 0.9140 
48 233 1271.9575060032 0.9140 
49 238 1271.9575060032 0.9140 
50 243 1268.6572250119 0.9164 
51 248 1268.0035920913 0.9168 
52 253 1268.0035920913 0.9168 
53 257 1269.0627715668 0.9161 
54 262 1269.0627715668 0.9161 
55 267 1269.0627715668 0.9161 
56 272 1269.0627715668 0.9161 
57 277 1269.0627715668 0.9161 
58 281 1269.0627715668 0.9161 
59 286 1269.0627715668 0.9161 
60 291 1269.0627715668 0.9161 
61 295 1269.0627715668 0.9161 
62 300 1269.0627715668 0.9161 
63 305 1268.3675137092 0.9166 
64 310 1268.3675137092 0.9166 
65 315 1266.1112686618 0.9182 
66 320 1266.1112686618 0.9182 
67 325 1260.6235713676 0.9222 
68 329 1260.3586410504 0.9224 
69 334 1259.2712637671 0.9232 
70 339 1259.2712637671 0.9232 
71 344 1259.2712637671 0.9232 
72 349 1259.2712637671 0.9232 
73 354 1259.2712637671 0.9232 
74 358 1259.2712637671 0.9232 
75 363 1259.2712637671 0.9232 
76 368 1259.2712637671 0.9232 
77 372 1259.2712637671 0.9232 
78 377 1265.0875907924 0.9189 
79 382 1265.0875907924 0.9189 
80 387 1265.0875907924 0.9189 
81 392 1265.0875907924 0.9189 
82 397 1265.0875907924 0.9189 
83 401 1264.6811639061 0.9192 
84 406 1261.9607280650 0.9212 
85 411 1261.2838681387 0.9217 
86 416 1261.2838681387 0.9217 
87 421 1261.2838681387 0.9217 
88 426 1261.2838681387 0.9217 
89 431 1261.2838681387 0.9217 
90 435 1260.5442035692 0.9223 
91 440 1259.6683522087 0.9229 
92 445 1257.7503539658 0.9243 
93 450 1257.7503539658 0.9243 
94 455 1257.7503539658 0.9243 
95 459 1257.7503539658 0.9243 
96 464 1257.3520083281 0.9246 
97 469 1257.3520083281 0.9246 
98 474 1255.7653084501 0.9258 
99 479 1255.7653084501 0.9258 
100 483 1255.7653084501 0.9258 
101 488 1254.1178045675 0.9270 
102 493 1254.1178045675 0.9270 
103 497 1254.1178045675 0.9270 
104 502 1254.1178045675 0.9270 
105 507 1254.1178045675 0.9270 
106 512 1253.9089889223 0.9271 
107 517 1253.2346435084 0.9276 
108 521 1253.2346435084 0.9276 
109 526 1253.2346435084 0.9276 
110 531 1253.2346435084 0.9276 
111 535 1253.2346435084 0.9276 
112 540 1250.6258034388 0.9296 
113 545 1242.9707774555 0.9353 
114 550 1242.9707774555 0.9353 
115 555 1242.5371797513 0.9356 
116 559 1241.2127608993 0.9366 
117 564 1241.2127608993 0.9366 
118 569 1241.2127608993 0.9366 
119 574 1241.2127608993 0.9366 
120 579 1241.2127608993 0.9366 
