0 0 2159.2586004610 0.6464 
1 3 2127.7144220497 0.6560 
2 5 2045.1155781590 0.6825 
3 8 1872.5656340752 0.7454 
4 10 1780.8982843393 0.7838 
5 13 1753.2875421308 0.7961 
6 15 1745.4669906537 0.7997 
7 18 1719.3389539258 0.8119 
8 20 1694.4533219049 0.8238 
9 23 1681.9285841120 0.8299 
10 25 1681.9285841120 0.8299 
11 27 1671.6427563504 0.8350 
12 30 1665.3506636598 0.8382 
13 32 1665.1758675687 0.8383 
14 35 1661.9578764207 0.8399 
15 38 1661.9578764207 0.8399 
16 40 1650.6039910201 0.8457 
17 42 1650.6039910201 0.8457 
18 45 1653.0410298759 0.8444 
19 47 1629.5612005707 0.8566 
20 50 1624.3592167194 0.8593 
21 52 1625.1465401224 0.8589 
22 54 1625.1465401224 0.8589 
23 57 1625.1465401224 0.8589 
24 59 1625.1465401224 0.8589 
25 62 1625.1465401224 0.8589 
26 64 1625.1465401224 0.8589 
27 67 1622.1430866242 0.8605 
28 69 1622.1430866242 0.8605 
29 72 1607.0191993724 0.8686 
30 74 1596.4744856435 0.8743 
31 77 1599.7192734804 0.8726 
32 79 1599.7192734804 0.8726 
33 82 1595.5005167604 0.8749 
34 84 1595.5005167604 0.8749 
35 86 1595.5005167604 0.8749 
36 89 1595.5005167604 0.8749 
37 91 1595.3787961583 0.8749 
38 94 1595.0872371625 0.8751 
39 96 1595.0872371625 0.8751 
40 99 1595.0872371625 0.8751 
41 101 1595.0872371625 0.8751 
42 104 1595.0872371625 0.8751 
43 106 1595.0872371625 0.8751 
44 109 1595.0872371625 0.8751 
45 111 1597.9208824513 0.8735 
46 114 1597.9208824513 0.8735 
47 116 1597.9208824513 0.8735 
48 118 1597.6467012918 0.8737 
49 121 1597.6467012918 0.8737 
50 123 1597.6467012918 0.8737 
51 126 1597.6467012918 0.8737 
52 128 1597.6467012918 0.8737 
53 131 1597.6467012918 0.8737 
54 133 1597.6467012918 0.8737 
55 136 1597.6467012918 0.8737 
56 138 1597.6467012918 0.8737 
57 141 1597.6467012918 0.8737 
58 143 1597.6467012918 0.8737 
59 146 1597.6467012918 0.8737 
60 148 1597.6467012918 0.8737 
61 151 1596.4591881545 0.8743 
62 153 1596.4591881545 0.8743 
63 156 1596.4591881545 0.8743 
64 158 1596.4591881545 0.8743 
65 161 1596.4591881545 0.8743 
66 163 1596.4591881545 0.8743 
67 165 1598.2167019304 0.8734 
68 168 1598.2167019304 0.8734 
69 171 1598.2167019304 0.8734 
70 173 1598.2167019304 0.8734 
71 176 1598.2167019304 0.8734 
72 178 1598.2167019304 0.8734 
73 180 1598.2167019304 0.8734 
74 183 1598.2167019304 0.8734 
75 185 1598.2167019304 0.8734 
76 188 1598.2167019304 0.8734 
77 190 1598.2167019304 0.8734 
78 192 1598.2167019304 0.8734 
79 195 1598.2167019304 0.8734 
80 197 1598.2167019304 0.8734 
81 200 1598.2167019304 0.8734 
82 202 1598.2167019304 0.8734 
83 205 1598.2167019304 0.8734 
84 207 1598.2167019304 0.8734 
85 210 1598.2167019304 0.8734 
86 212 1598.2167019304 0.8734 
87 214 1598.2167019304 0.8734 
88 217 1598.2167019304 0.8734 
89 219 1598.2167019304 0.8734 
90 221 1598.2167019304 0.8734 
91 224 1598.2167019304 0.8734 
92 226 1598.2167019304 0.8734 
93 229 1598.2167019304 0.8734 
94 231 1598.2167019304 0.8734 
95 233 1598.2167019304 0.8734 
96 236 1598.2167019304 0.8734 
97 238 1598.2167019304 0.8734 
98 240 1598.2167019304 0.8734 
99 243 1603.3821928349 0.8706 
100 245 1603.3821928349 0.8706 
101 247 1603.3821928349 0.8706 
102 250 1603.3821928349 0.8706 
103 252 1603.3821928349 0.8706 
104 255 1603.3821928349 0.8706 
105 257 1603.3821928349 0.8706 
106 260 1603.3821928349 0.8706 
107 262 1601.8118966650 0.8714 
108 264 1601.8118966650 0.8714 
109 267 1601.8118966650 0.8714 
110 269 1601.8118966650 0.8714 
111 272 1601.8118966650 0.8714 
112 274 1601.8118966650 0.8714 
113 277 1601.8118966650 0.8714 
114 279 1601.8118966650 0.8714 
115 282 1601.8118966650 0.8714 
116 284 1601.8118966650 0.8714 
117 287 1601.8118966650 0.8714 
118 289 1601.9920798093 0.8713 
119 292 1601.8072183652 0.8714 
120 294 1601.8072183652 0.8714 
