0 0 1664.5926077564 0.6260 
1 8 1376.8346786782 0.7569 
2 15 1305.5028907535 0.7982 
3 22 1263.3075706138 0.8249 
4 30 1237.7948224794 0.8419 
5 36 1236.7171352489 0.8426 
6 43 1235.6221916348 0.8434 
7 51 1231.7783137069 0.8460 
8 57 1230.3550941420 0.8470 
9 64 1230.3550941420 0.8470 
10 71 1230.3550941420 0.8470 
11 78 1229.9750899709 0.8473 
12 85 1227.9380092553 0.8487 
13 92 1226.9576446936 0.8493 
14 99 1226.9576446936 0.8493 
15 106 1199.4747022863 0.8688 
16 113 1194.0682464807 0.8727 
17 120 1189.5617638331 0.8760 
18 127 1186.2767813760 0.8785 
19 134 1183.3272422611 0.8807 
20 141 1182.7730293488 0.8811 
21 148 1181.0789907305 0.8823 
22 154 1179.2832626755 0.8837 
23 161 1177.3090333474 0.8852 
24 168 1174.1872843470 0.8875 
25 174 1174.1872843470 0.8875 
26 181 1171.8415702092 0.8893 
27 188 1166.6254535265 0.8933 
28 195 1166.0800189241 0.8937 
29 201 1164.7457533863 0.8947 
30 208 1160.4559709112 0.8980 
31 215 1160.4559709112 0.8980 
32 222 1160.4559709112 0.8980 
33 229 1160.4559709112 0.8980 
34 236 1160.4559709112 0.8980 
35 243 1160.4559709112 0.8980 
36 250 1159.8004443897 0.8985 
37 257 1159.6112094799 0.8987 
38 264 1159.6112094799 0.8987 
39 270 1154.7483564992 0.9025 
40 278 1146.6780928584 0.9088 
41 285 1141.2317239394 0.9131 
42 291 1139.8956756139 0.9142 
43 298 1139.5393844441 0.9145 
44 305 1139.0126239054 0.9149 
45 311 1138.4950695552 0.9153 
46 318 1138.4950695552 0.9153 
47 324 1138.4950695552 0.9153 
48 330 1138.4950695552 0.9153 
49 336 1138.4950695552 0.9153 
50 343 1138.4950695552 0.9153 
51 349 1138.4950695552 0.9153 
52 356 1138.4950695552 0.9153 
53 362 1138.0983564187 0.9157 
54 369 1138.0983564187 0.9157 
55 375 1138.0983564187 0.9157 
56 382 1138.0983564187 0.9157 
57 388 1138.0983564187 0.9157 
58 394 1138.0839694055 0.9157 
59 401 1132.9769820183 0.9198 
60 407 1132.7947530826 0.9199 
61 413 1132.4095882755 0.9203 
62 419 1132.4095882755 0.9203 
63 425 1132.4095882755 0.9203 
64 431 1132.4095882755 0.9203 
65 437 1132.4095882755 0.9203 
66 444 1132.4095882755 0.9203 
67 450 1132.4095882755 0.9203 
68 456 1132.4095882755 0.9203 
69 462 1132.4095882755 0.9203 
70 468 1132.4095882755 0.9203 
71 474 1132.4095882755 0.9203 
72 480 1132.4095882755 0.9203 
73 486 1132.4095882755 0.9203 
74 493 1132.4095882755 0.9203 
75 499 1132.4095882755 0.9203 
76 505 1132.4095882755 0.9203 
77 512 1131.8852282522 0.9207 
78 518 1131.8852282522 0.9207 
79 524 1131.8852282522 0.9207 
80 531 1123.6846487883 0.9274 
81 537 1113.6832329411 0.9357 
82 544 1113.2980681339 0.9361 
83 550 1112.9417769642 0.9364 
84 556 1112.7643195101 0.9365 
85 562 1112.2467651599 0.9369 
86 569 1111.6212627921 0.9375 
87 575 1111.6212627921 0.9375 
88 582 1107.8072046216 0.9407 
89 588 1105.8276575902 0.9424 
90 594 1105.8276575902 0.9424 
91 601 1104.7221150850 0.9433 
92 607 1104.7221150850 0.9433 
93 613 1104.7221150850 0.9433 
94 620 1104.7221150850 0.9433 
95 626 1104.7221150850 0.9433 
96 633 1104.7221150850 0.9433 
97 639 1104.7221150850 0.9433 
98 646 1104.7221150850 0.9433 
99 652 1104.7221150850 0.9433 
100 658 1104.7221150850 0.9433 
101 664 1104.7221150850 0.9433 
102 671 1104.7221150850 0.9433 
103 677 1104.7221150850 0.9433 
104 683 1104.7221150850 0.9433 
105 690 1104.7221150850 0.9433 
106 696 1104.7221150850 0.9433 
107 702 1104.7221150850 0.9433 
108 709 1104.7221150850 0.9433 
109 715 1104.7221150850 0.9433 
110 721 1104.7221150850 0.9433 
111 727 1104.7221150850 0.9433 
112 734 1104.7221150850 0.9433 
113 740 1104.7221150850 0.9433 
114 746 1104.7221150850 0.9433 
115 752 1104.7221150850 0.9433 
116 758 1104.7221150850 0.9433 
117 765 1104.7221150850 0.9433 
118 771 1104.7221150850 0.9433 
119 777 1104.7221150850 0.9433 
120 783 1104.7221150850 0.9433 
