0 0 1142.6867528865 0.7172 
1 14 1031.8853270079 0.7942 
2 27 923.5481367255 0.8874 
3 39 878.9850535868 0.9324 
4 51 865.4580463718 0.9470 
5 63 855.3114476704 0.9582 
6 75 853.5267016083 0.9602 
7 85 846.8160656408 0.9678 
8 97 845.4651762815 0.9694 
9 108 845.4651762815 0.9694 
10 119 845.3684581473 0.9695 
11 129 845.0461064122 0.9698 
12 140 845.0461064122 0.9698 
13 151 844.7399050842 0.9702 
14 161 844.7399050842 0.9702 
15 172 844.7399050842 0.9702 
16 181 844.7399050842 0.9702 
17 192 844.7399050842 0.9702 
18 202 844.7399050842 0.9702 
19 212 844.7399050842 0.9702 
20 222 844.7399050842 0.9702 
21 232 844.7399050842 0.9702 
22 242 844.7399050842 0.9702 
23 252 844.7399050842 0.9702 
24 263 844.7399050842 0.9702 
25 273 844.7399050842 0.9702 
26 283 844.7399050842 0.9702 
27 293 844.7399050842 0.9702 
28 303 844.7399050842 0.9702 
29 314 844.7399050842 0.9702 
30 324 844.7399050842 0.9702 
31 334 844.7399050842 0.9702 
32 344 844.7399050842 0.9702 
33 354 844.7399050842 0.9702 
34 363 844.7399050842 0.9702 
35 373 844.7399050842 0.9702 
36 383 844.7399050842 0.9702 
37 393 844.7399050842 0.9702 
38 402 844.7399050842 0.9702 
39 412 844.7399050842 0.9702 
40 422 844.7399050842 0.9702 
41 432 844.7399050842 0.9702 
42 441 844.7399050842 0.9702 
43 452 844.7399050842 0.9702 
44 462 844.7399050842 0.9702 
45 471 844.7399050842 0.9702 
46 482 844.7399050842 0.9702 
47 492 844.7399050842 0.9702 
48 502 844.7399050842 0.9702 
49 512 844.7399050842 0.9702 
50 522 844.7399050842 0.9702 
51 532 844.7399050842 0.9702 
52 542 844.7399050842 0.9702 
53 552 827.4725326943 0.9904 
54 563 826.3187393438 0.9918 
55 573 825.6486929660 0.9926 
56 582 825.6486929660 0.9926 
57 592 825.6486929660 0.9926 
58 602 825.6486929660 0.9926 
59 611 825.6486929660 0.9926 
60 621 825.6486929660 0.9926 
61 631 825.6486929660 0.9926 
62 641 825.6486929660 0.9926 
63 651 825.6486929660 0.9926 
64 661 825.6486929660 0.9926 
65 670 825.6486929660 0.9926 
66 680 825.6486929660 0.9926 
67 691 825.6486929660 0.9926 
68 701 825.6486929660 0.9926 
69 711 825.6486929660 0.9926 
70 722 825.6486929660 0.9926 
71 732 825.6486929660 0.9926 
72 742 825.6486929660 0.9926 
73 752 825.6486929660 0.9926 
74 763 825.6486929660 0.9926 
75 774 825.6486929660 0.9926 
76 784 825.6486929660 0.9926 
77 794 825.6486929660 0.9926 
78 804 825.6486929660 0.9926 
79 814 825.6486929660 0.9926 
80 825 825.6486929660 0.9926 
81 836 825.6486929660 0.9926 
82 847 825.6486929660 0.9926 
83 858 825.6486929660 0.9926 
84 869 825.6486929660 0.9926 
85 880 825.6486929660 0.9926 
86 890 825.6486929660 0.9926 
87 900 825.6486929660 0.9926 
88 911 825.6486929660 0.9926 
89 921 825.6486929660 0.9926 
90 931 825.6486929660 0.9926 
91 942 825.6486929660 0.9926 
92 953 825.6486929660 0.9926 
93 963 825.6486929660 0.9926 
94 974 825.6486929660 0.9926 
95 984 825.6486929660 0.9926 
96 994 825.6486929660 0.9926 
97 1004 825.6486929660 0.9926 
98 1015 825.6486929660 0.9926 
99 1024 825.6486929660 0.9926 
100 1035 825.6486929660 0.9926 
101 1046 825.6486929660 0.9926 
102 1056 825.6486929660 0.9926 
103 1067 825.6486929660 0.9926 
104 1078 825.6486929660 0.9926 
105 1089 825.6486929660 0.9926 
106 1099 825.6486929660 0.9926 
107 1110 825.6486929660 0.9926 
108 1121 825.6486929660 0.9926 
109 1132 825.6486929660 0.9926 
110 1142 825.6486929660 0.9926 
111 1152 825.6486929660 0.9926 
112 1163 825.6486929660 0.9926 
113 1174 825.6486929660 0.9926 
114 1184 825.6486929660 0.9926 
115 1195 825.6486929660 0.9926 
116 1205 825.6486929660 0.9926 
117 1216 825.6486929660 0.9926 
118 1226 825.6486929660 0.9926 
119 1237 825.6486929660 0.9926 
120 1248 825.6486929660 0.9926 
