0 0 1937.0549283932 0.7956 
1 9 1803.7500444224 0.8544 
2 18 1789.7556006719 0.8611 
3 27 1720.8134091149 0.8956 
4 35 1696.3278576516 0.9085 
5 43 1686.6460525624 0.9137 
6 52 1647.8325144554 0.9353 
7 60 1632.8344858088 0.9438 
8 69 1622.5896492458 0.9498 
9 77 1607.2731987753 0.9589 
10 85 1603.7743462733 0.9609 
11 94 1596.1519329755 0.9655 
12 102 1596.1519329755 0.9655 
13 111 1591.2922095177 0.9685 
14 118 1580.3618150422 0.9752 
15 127 1580.0162513304 0.9754 
16 135 1576.5594485803 0.9775 
17 142 1574.3168078932 0.9789 
18 150 1573.9576342901 0.9791 
19 158 1573.9576342901 0.9791 
20 166 1573.9576342901 0.9791 
21 173 1573.2511529958 0.9796 
22 181 1572.8428648572 0.9798 
23 189 1572.8428648572 0.9798 
24 197 1572.3976008443 0.9801 
25 205 1572.3976008443 0.9801 
26 213 1572.3976008443 0.9801 
27 221 1572.3129189374 0.9802 
28 229 1571.9695535101 0.9804 
29 237 1571.2096694271 0.9809 
30 244 1569.9711482174 0.9816 
31 252 1569.2127610740 0.9821 
32 260 1568.4745766681 0.9826 
33 268 1568.4745766681 0.9826 
34 276 1568.1742458780 0.9828 
35 284 1568.1742458780 0.9828 
36 292 1568.1742458780 0.9828 
37 300 1568.1742458780 0.9828 
38 308 1568.0514979157 0.9828 
39 316 1567.3125313198 0.9833 
40 324 1567.3125313198 0.9833 
41 331 1566.5883667677 0.9838 
42 339 1565.7499731587 0.9843 
43 347 1565.7499731587 0.9843 
44 355 1565.7499731587 0.9843 
45 363 1565.7499731587 0.9843 
46 371 1565.3114781432 0.9846 
47 378 1565.3114781432 0.9846 
48 385 1565.3114781432 0.9846 
49 393 1565.3114781432 0.9846 
50 400 1565.3114781432 0.9846 
51 408 1565.3114781432 0.9846 
52 416 1565.3114781432 0.9846 
53 424 1565.3114781432 0.9846 
54 431 1565.3114781432 0.9846 
55 439 1565.3114781432 0.9846 
56 447 1565.3114781432 0.9846 
57 455 1565.3114781432 0.9846 
58 463 1565.3114781432 0.9846 
59 471 1565.3114781432 0.9846 
60 478 1565.3114781432 0.9846 
61 486 1565.3114781432 0.9846 
62 494 1565.3114781432 0.9846 
63 502 1565.3114781432 0.9846 
64 510 1565.3114781432 0.9846 
65 518 1565.3114781432 0.9846 
66 526 1565.3114781432 0.9846 
67 533 1565.3114781432 0.9846 
68 541 1565.3114781432 0.9846 
69 549 1565.3114781432 0.9846 
70 557 1565.3114781432 0.9846 
71 565 1565.3114781432 0.9846 
72 573 1565.3114781432 0.9846 
73 581 1565.3114781432 0.9846 
74 589 1565.3114781432 0.9846 
75 596 1565.3114781432 0.9846 
76 604 1565.3114781432 0.9846 
77 612 1565.3114781432 0.9846 
78 619 1565.3114781432 0.9846 
79 627 1565.3114781432 0.9846 
80 636 1565.3114781432 0.9846 
81 643 1565.3114781432 0.9846 
82 651 1565.3114781432 0.9846 
83 659 1565.3114781432 0.9846 
84 667 1565.3114781432 0.9846 
85 675 1565.3114781432 0.9846 
86 682 1565.3114781432 0.9846 
87 690 1565.3114781432 0.9846 
88 698 1565.3114781432 0.9846 
89 706 1565.3114781432 0.9846 
90 714 1565.3114781432 0.9846 
91 722 1565.3114781432 0.9846 
92 730 1565.3114781432 0.9846 
93 738 1565.3114781432 0.9846 
94 746 1565.3114781432 0.9846 
95 754 1565.3114781432 0.9846 
96 761 1565.3114781432 0.9846 
97 769 1565.3114781432 0.9846 
98 777 1565.3114781432 0.9846 
99 785 1565.3114781432 0.9846 
100 793 1564.1236365303 0.9853 
101 801 1564.1236365303 0.9853 
102 808 1564.1236365303 0.9853 
103 816 1564.1236365303 0.9853 
104 824 1564.1236365303 0.9853 
105 832 1564.1236365303 0.9853 
106 840 1564.1236365303 0.9853 
107 847 1564.1236365303 0.9853 
108 855 1564.1236365303 0.9853 
109 863 1564.1236365303 0.9853 
110 871 1564.1236365303 0.9853 
111 879 1564.1236365303 0.9853 
112 887 1564.1236365303 0.9853 
113 895 1564.1236365303 0.9853 
114 903 1564.1236365303 0.9853 
115 911 1564.1236365303 0.9853 
116 919 1564.1236365303 0.9853 
117 927 1564.1236365303 0.9853 
118 935 1564.1236365303 0.9853 
119 943 1564.1236365303 0.9853 
120 950 1564.1236365303 0.9853 
