0 0 1216.3468495822 0.7123 
1 14 999.1767211727 0.8671 
2 27 945.9998559291 0.9158 
3 40 914.3375989630 0.9475 
4 52 905.7894587050 0.9565 
5 65 888.1027016385 0.9755 
6 77 877.5325303638 0.9873 
7 89 876.3842488120 0.9886 
8 101 875.1968552132 0.9899 
9 114 874.6891242833 0.9905 
10 126 874.6891242833 0.9905 
11 138 874.6891242833 0.9905 
12 151 874.3567317574 0.9909 
13 163 873.5489042924 0.9918 
14 175 873.5489042924 0.9918 
15 188 873.5489042924 0.9918 
16 200 873.5489042924 0.9918 
17 212 873.5489042924 0.9918 
18 224 873.5489042924 0.9918 
19 236 873.5489042924 0.9918 
20 248 873.5489042924 0.9918 
21 260 873.5489042924 0.9918 
22 272 873.5489042924 0.9918 
23 284 873.5489042924 0.9918 
24 297 873.5489042924 0.9918 
25 308 873.5489042924 0.9918 
26 320 873.5489042924 0.9918 
27 332 873.5489042924 0.9918 
28 344 873.5489042924 0.9918 
29 356 873.5489042924 0.9918 
30 368 873.5489042924 0.9918 
31 380 873.5489042924 0.9918 
32 392 873.5489042924 0.9918 
33 404 873.5489042924 0.9918 
34 416 873.5489042924 0.9918 
35 427 873.5489042924 0.9918 
36 440 873.5489042924 0.9918 
37 452 873.5489042924 0.9918 
38 463 873.5489042924 0.9918 
39 476 873.5489042924 0.9918 
40 488 873.5489042924 0.9918 
41 500 873.5489042924 0.9918 
42 512 873.5489042924 0.9918 
43 525 873.5489042924 0.9918 
44 537 873.5489042924 0.9918 
45 549 873.5489042924 0.9918 
46 562 873.5489042924 0.9918 
47 574 873.5489042924 0.9918 
48 586 873.5489042924 0.9918 
49 599 873.5489042924 0.9918 
50 611 873.5489042924 0.9918 
51 623 873.5489042924 0.9918 
52 635 873.5489042924 0.9918 
53 648 873.5489042924 0.9918 
54 660 873.5489042924 0.9918 
55 672 873.5489042924 0.9918 
56 685 873.5489042924 0.9918 
57 697 873.5489042924 0.9918 
58 709 873.5489042924 0.9918 
59 721 873.5489042924 0.9918 
60 734 873.5489042924 0.9918 
61 747 873.5489042924 0.9918 
62 759 873.5489042924 0.9918 
63 771 873.5489042924 0.9918 
64 783 873.5489042924 0.9918 
65 796 873.5489042924 0.9918 
66 808 873.5489042924 0.9918 
67 821 873.5489042924 0.9918 
68 833 873.5489042924 0.9918 
69 845 873.5489042924 0.9918 
70 858 873.5489042924 0.9918 
71 870 873.5489042924 0.9918 
72 882 873.5489042924 0.9918 
73 894 873.5489042924 0.9918 
74 906 873.5489042924 0.9918 
75 919 873.5489042924 0.9918 
76 931 873.5489042924 0.9918 
77 943 873.5489042924 0.9918 
78 955 873.5489042924 0.9918 
79 967 873.5489042924 0.9918 
80 979 873.5489042924 0.9918 
81 992 873.5489042924 0.9918 
82 1004 873.5489042924 0.9918 
83 1016 873.5489042924 0.9918 
84 1029 873.5489042924 0.9918 
85 1041 873.5489042924 0.9918 
86 1053 873.5489042924 0.9918 
87 1066 873.5489042924 0.9918 
88 1078 873.5489042924 0.9918 
89 1090 873.5489042924 0.9918 
90 1102 873.5489042924 0.9918 
91 1114 873.5489042924 0.9918 
92 1127 873.5489042924 0.9918 
93 1139 873.5489042924 0.9918 
94 1152 873.5489042924 0.9918 
95 1164 873.5489042924 0.9918 
96 1176 873.5489042924 0.9918 
97 1189 873.5489042924 0.9918 
98 1201 873.5489042924 0.9918 
99 1213 873.5489042924 0.9918 
100 1225 873.5489042924 0.9918 
101 1238 873.5489042924 0.9918 
102 1250 873.5489042924 0.9918 
103 1262 873.5489042924 0.9918 
104 1275 871.1210990921 0.9945 
105 1287 871.1210990921 0.9945 
106 1299 871.1210990921 0.9945 
107 1311 871.1210990921 0.9945 
108 1323 871.1210990921 0.9945 
109 1336 871.1210990921 0.9945 
110 1349 871.1210990921 0.9945 
111 1361 871.1210990921 0.9945 
112 1373 871.1210990921 0.9945 
113 1385 871.1210990921 0.9945 
114 1399 871.1210990921 0.9945 
115 1411 871.1210990921 0.9945 
116 1423 871.1210990921 0.9945 
117 1435 871.1210990921 0.9945 
118 1448 871.1210990921 0.9945 
119 1460 871.1210990921 0.9945 
120 1472 871.1210990921 0.9945 
