0 0 769.6421670409 0.6816 0 1110.9148318620 0.7519 0 1325.5258237448 0.6233 0 1746.6772304519 0.5888 0 2028.4032801801 0.6367 0 890.5470904178 0.6237 0 1165.2048149790 0.7807 0 1280.5142783637 0.6762 0 1806.6250959262 0.6435 0 2159.2586004610 0.6464 0 1664.5926077564 0.6260 0 1142.6867528865 0.7172 0 1937.0549283932 0.7956 0 1216.3468495822 0.7123
1 9 625.8596950315 0.8382 24 970.9671633657 0.8602 13 886.2286402504 0.9322 5 1359.3965952008 0.7565 3 2012.4482098584 0.6417 48 558.9902011313 0.9936 28 977.4762323615 0.9306 13 1035.8444213972 0.8360 5 1673.8249648952 0.6945 3 2127.7144220497 0.6560 8 1376.8346786782 0.7569 14 1031.8853270079 0.7942 9 1803.7500444224 0.8544 14 999.1767211727 0.8671
2 48 532.9958250121 0.9843 49 928.7075136249 0.8994 24 854.3659770039 0.9670 10 1263.1457650243 0.8142 5 2012.5425855733 0.6417 88 556.6791413260 0.9978 55 962.6204729312 0.9450 26 937.8238678333 0.9234 10 1518.9675161768 0.7654 5 2045.1155781590 0.6825 15 1305.5028907535 0.7982 27 923.5481367255 0.8874 18 1789.7556006719 0.8611 27 945.9998559291 0.9158
3 85 532.9958250121 0.9843 73 905.3397762554 0.9226 35 847.3335931679 0.9750 15 1198.7647282172 0.8579 7 1804.5001076413 0.7157 129 556.6791413260 0.9978 82 958.2821706836 0.9493 38 897.4281633945 0.9649 15 1430.0063172356 0.8130 8 1872.5656340752 0.7454 22 1263.3075706138 0.8249 39 878.9850535868 0.9324 27 1720.8134091149 0.8956 40 914.3375989630 0.9475
4 120 531.0248722356 0.9879 96 897.6085795284 0.9305 45 846.3598828897 0.9761 19 1171.1255808878 0.8781 10 1709.2405428392 0.7556 169 556.6791413260 0.9978 108 957.4383772113 0.9501 50 889.1466972708 0.9739 20 1400.9212966346 0.8298 10 1780.8982843393 0.7838 30 1237.7948224794 0.8419 51 865.4580463718 0.9470 35 1696.3278576516 0.9085 52 905.7894587050 0.9565
5 152 531.0248722356 0.9879 120 878.3520903990 0.9509 55 846.0148299526 0.9765 24 1140.6865498084 0.9016 12 1632.1320023169 0.7913 210 556.6791413260 0.9978 134 955.9181987909 0.9516 60 882.3891997989 0.9814 25 1366.7891150758 0.8506 13 1753.2875421308 0.7961 36 1236.7171352489 0.8426 63 855.3114476704 0.9582 43 1686.6460525624 0.9137 65 888.1027016385 0.9755
6 184 531.0248722356 0.9879 146 870.5267607696 0.9595 65 844.1236646502 0.9787 29 1127.1902128885 0.9124 14 1617.4696370767 0.7984 250 556.6791413260 0.9978 159 948.8114818947 0.9588 71 880.8234247342 0.9831 30 1352.2352627609 0.8597 15 1745.4669906537 0.7997 43 1235.6221916348 0.8434 75 853.5267016083 0.9602 52 1647.8325144554 0.9353 77 877.5325303638 0.9873
7 209 531.0248722356 0.9879 172 870.5267607696 0.9595 75 842.4019656870 0.9807 34 1113.5471105843 0.9236 17 1569.3854003581 0.8229 288 556.6791413260 0.9978 184 948.8114818947 0.9588 82 875.6732987834 0.9889 34 1336.0132778119 0.8702 18 1719.3389539258 0.8119 51 1231.7783137069 0.8460 85 846.8160656408 0.9678 60 1632.8344858088 0.9438 89 876.3842488120 0.9886
8 239 531.0248722356 0.9879 198 870.5267607696 0.9595 86 838.5603295802 0.9852 38 1113.5471105843 0.9236 19 1548.0487846418 0.8342 327 556.6791413260 0.9978 210 948.7813174007 0.9588 93 875.6030221680 0.9890 39 1319.6284887265 0.8810 20 1694.4533219049 0.8238 57 1230.3550941420 0.8470 97 845.4651762815 0.9694 69 1622.5896492458 0.9498 101 875.1968552132 0.9899
9 270 531.0248722356 0.9879 224 862.3185777825 0.9686 96 836.8706466692 0.9872 43 1110.2022675525 0.9263 22 1541.8768826981 0.8376 366 556.6791413260 0.9978 235 948.7813174007 0.9588 104 872.2369541806 0.9928 44 1315.6037458852 0.8837 23 1681.9285841120 0.8299 64 1230.3550941420 0.8470 108 845.4651762815 0.9694 77 1607.2731987753 0.9589 114 874.6891242833 0.9905
10 297 531.0248722356 0.9879 250 852.0662347688 0.9803 106 836.8706466692 0.9872 47 1110.2022675525 0.9263 24 1541.1718089307 0.8380 405 556.6791413260 0.9978 261 927.1732007756 0.9811 114 872.1594625686 0.9929 49 1271.1585976917 0.9146 25 1681.9285841120 0.8299 71 1230.3550941420 0.8470 119 845.3684581473 0.9695 85 1603.7743462733 0.9609 126 874.6891242833 0.9905
11 332 531.0248722356 0.9879 275 850.5689966740 0.9820 116 836.8706466692 0.9872 52 1109.5894277448 0.9268 26 1533.4738104077 0.8422 442 556.6791413260 0.9978 285 927.1732007756 0.9811 124 872.1594625686 0.9929 54 1284.0389151819 0.9054 27 1671.6427563504 0.8350 78 1229.9750899709 0.8473 129 845.0461064122 0.9698 94 1596.1519329755 0.9655 138 874.6891242833 0.9905
12 366 531.0248722356 0.9879 300 850.5689966740 0.9820 127 836.8706466692 0.9872 57 1103.0585332576 0.9323 29 1518.7712071539 0.8503 478 556.6791413260 0.9978 310 924.2431409247 0.9842 135 872.1594625686 0.9929 58 1292.5973123101 0.8994 30 1665.3506636598 0.8382 85 1227.9380092553 0.8487 140 845.0461064122 0.9698 102 1596.1519329755 0.9655 151 874.3567317574 0.9909
13 401 531.0248722356 0.9879 323 850.5689966740 0.9820 137 836.8706466692 0.9872 62 1102.4878798518 0.9328 31 1505.4684427796 0.8578 518 556.6791413260 0.9978 335 924.2431409247 0.9842 146 872.1594625686 0.9929 63 1292.5973123101 0.8994 32 1665.1758675687 0.8383 92 1226.9576446936 0.8493 151 844.7399050842 0.9702 111 1591.2922095177 0.9685 163 873.5489042924 0.9918
14 436 531.0248722356 0.9879 348 850.3919020877 0.9822 148 836.8706466692 0.9872 66 1099.5990024157 0.9353 34 1486.6003959677 0.8687 553 556.6791413260 0.9978 359 924.2431409247 0.9842 157 872.1594625686 0.9929 68 1289.2995334499 0.9017 35 1661.9578764207 0.8399 99 1226.9576446936 0.8493 161 844.7399050842 0.9702 118 1580.3618150422 0.9752 175 873.5489042924 0.9918
15 471 531.0248722356 0.9879 373 850.3919020877 0.9822 157 836.8706466692 0.9872 71 1087.6561841693 0.9455 36 1485.2382460444 0.8695 592 556.6791413260 0.9978 384 924.2431409247 0.9842 168 872.1594625686 0.9929 73 1289.2995334499 0.9017 38 1661.9578764207 0.8399 106 1199.4747022863 0.8688 172 844.7399050842 0.9702 127 1580.0162513304 0.9754 188 873.5489042924 0.9918
16 506 529.3402393892 0.9911 397 850.3919020877 0.9822 167 836.8706466692 0.9872 75 1083.8846539678 0.9488 38 1485.2382460444 0.8695 631 556.6791413260 0.9978 409 924.2431409247 0.9842 178 872.1594625686 0.9929 78 1290.0417069635 0.9012 40 1650.6039910201 0.8457 113 1194.0682464807 0.8727 181 844.7399050842 0.9702 135 1576.5594485803 0.9775 200 873.5489042924 0.9918
17 541 527.6748210713 0.9942 422 850.3919020877 0.9822 177 836.8706466692 0.9872 80 1078.9654155219 0.9532 41 1485.2382460444 0.8695 672 556.6791413260 0.9978 433 924.2431409247 0.9842 189 872.1594625686 0.9929 83 1289.0329399513 0.9019 42 1650.6039910201 0.8457 120 1189.5617638331 0.8760 192 844.7399050842 0.9702 142 1574.3168078932 0.9789 212 873.5489042924 0.9918
18 576 527.6748210713 0.9942 448 850.3919020877 0.9822 187 836.8706466692 0.9872 84 1073.4107594796 0.9581 43 1485.2382460444 0.8695 713 556.6791413260 0.9978 458 924.2431409247 0.9842 198 872.1594625686 0.9929 88 1278.8917292475 0.9090 45 1653.0410298759 0.8444 127 1186.2767813760 0.8785 202 844.7399050842 0.9702 150 1573.9576342901 0.9791 224 873.5489042924 0.9918
19 609 527.6748210713 0.9942 472 850.3919020877 0.9822 197 836.8706466692 0.9872 89 1073.4107594796 0.9581 45 1485.2382460444 0.8695 754 556.6791413260 0.9978 482 924.2431409247 0.9842 208 872.1594625686 0.9929 92 1286.9920313929 0.9033 47 1629.5612005707 0.8566 134 1183.3272422611 0.8807 212 844.7399050842 0.9702 158 1573.9576342901 0.9791 236 873.5489042924 0.9918
20 644 527.6748210713 0.9942 497 850.3842710624 0.9822 207 836.8706466692 0.9872 93 1072.1746277076 0.9592 48 1481.8244621815 0.8715 795 556.6791413260 0.9978 506 924.2431409247 0.9842 218 872.1594625686 0.9929 97 1286.4431864613 0.9037 50 1624.3592167194 0.8593 141 1182.7730293488 0.8811 222 844.7399050842 0.9702 166 1573.9576342901 0.9791 248 873.5489042924 0.9918
21 679 527.6748210713 0.9942 522 850.3842710624 0.9822 217 836.8706466692 0.9872 97 1069.8798412321 0.9612 50 1477.3470372494 0.8742 833 556.6791413260 0.9978 531 924.2431409247 0.9842 228 872.1594625686 0.9929 102 1276.5528075067 0.9107 52 1625.1465401224 0.8589 148 1181.0789907305 0.8823 232 844.7399050842 0.9702 173 1573.2511529958 0.9796 260 873.5489042924 0.9918
22 714 527.6748210713 0.9942 547 850.3842710624 0.9822 227 836.8706466692 0.9872 101 1069.0814637017 0.9620 53 1467.7694592337 0.8799 874 556.6791413260 0.9978 555 924.2431409247 0.9842 239 872.1594625686 0.9929 107 1274.8816910437 0.9119 54 1625.1465401224 0.8589 154 1179.2832626755 0.8837 242 844.7399050842 0.9702 181 1572.8428648572 0.9798 272 873.5489042924 0.9918
23 750 527.6748210713 0.9942 569 846.7705766641 0.9864 237 836.8706466692 0.9872 105 1068.9201238897 0.9621 55 1466.5240905258 0.8806 913 556.6791413260 0.9978 580 924.2431409247 0.9842 249 871.9881819131 0.9931 112 1274.8523856406 0.9119 57 1625.1465401224 0.8589 161 1177.3090333474 0.8852 252 844.7399050842 0.9702 189 1572.8428648572 0.9798 284 873.5489042924 0.9918
24 785 527.6748210713 0.9942 590 846.7705766641 0.9864 247 836.8706466692 0.9872 109 1068.3517032152 0.9626 57 1445.7029476202 0.8933 951 556.6791413260 0.9978 604 924.2431409247 0.9842 259 871.9881819131 0.9931 117 1276.5091989514 0.9107 59 1625.1465401224 0.8589 168 1174.1872843470 0.8875 263 844.7399050842 0.9702 197 1572.3976008443 0.9801 297 873.5489042924 0.9918
25 820 527.6748210713 0.9942 611 846.7705766641 0.9864 257 836.8706466692 0.9872 114 1068.2945916845 0.9627 60 1441.0202286609 0.8962 990 556.6791413260 0.9978 628 924.2431409247 0.9842 269 871.9881819131 0.9931 122 1276.5091989514 0.9107 62 1625.1465401224 0.8589 174 1174.1872843470 0.8875 273 844.7399050842 0.9702 205 1572.3976008443 0.9801 308 873.5489042924 0.9918
26 856 527.6748210713 0.9942 630 846.7705766641 0.9864 267 836.8706466692 0.9872 118 1068.2945916845 0.9627 62 1439.2096805994 0.8973 1028 556.6791413260 0.9978 651 924.2431409247 0.9842 279 871.9881819131 0.9931 127 1276.5091989514 0.9107 64 1625.1465401224 0.8589 181 1171.8415702092 0.8893 283 844.7399050842 0.9702 213 1572.3976008443 0.9801 320 873.5489042924 0.9918
27 891 527.6748210713 0.9942 655 846.7705766641 0.9864 277 836.8706466692 0.9872 122 1068.2945916845 0.9627 64 1427.5064248274 0.9047 1067 556.6791413260 0.9978 675 924.2431409247 0.9842 289 871.9881819131 0.9931 132 1276.5091989514 0.9107 67 1622.1430866242 0.8605 188 1166.6254535265 0.8933 293 844.7399050842 0.9702 221 1572.3129189374 0.9802 332 873.5489042924 0.9918
28 928 527.6748210713 0.9942 678 846.7705766641 0.9864 287 836.8706466692 0.9872 127 1067.0087087589 0.9638 66 1427.2656337753 0.9048 1107 556.6791413260 0.9978 699 924.2431409247 0.9842 299 871.9881819131 0.9931 136 1276.5091989514 0.9107 69 1622.1430866242 0.8605 195 1166.0800189241 0.8937 303 844.7399050842 0.9702 229 1571.9695535101 0.9804 344 873.5489042924 0.9918
29 964 527.6748210713 0.9942 698 846.7705766641 0.9864 297 836.8706466692 0.9872 131 1066.5683007574 0.9642 69 1427.2656337753 0.9048 1145 556.6791413260 0.9978 722 924.2431409247 0.9842 309 871.9881819131 0.9931 141 1276.5091989514 0.9107 72 1607.0191993724 0.8686 201 1164.7457533863 0.8947 314 844.7399050842 0.9702 237 1571.2096694271 0.9809 356 873.5489042924 0.9918
30 999 527.6748210713 0.9942 724 846.7705766641 0.9864 307 836.8706466692 0.9872 135 1061.1377338678 0.9692 71 1427.2656337753 0.9048 1184 556.6791413260 0.9978 746 924.2431409247 0.9842 320 871.9881819131 0.9931 146 1276.5091989514 0.9107 74 1596.4744856435 0.8743 208 1160.4559709112 0.8980 324 844.7399050842 0.9702 244 1569.9711482174 0.9816 368 873.5489042924 0.9918
31 1035 527.6748210713 0.9942 749 846.7705766641 0.9864 316 836.8706466692 0.9872 140 1056.9452909278 0.9730 73 1427.2445656726 0.9049 1221 556.6791413260 0.9978 770 924.2431409247 0.9842 330 871.9881819131 0.9931 151 1275.3841938470 0.9115 77 1599.7192734804 0.8726 215 1160.4559709112 0.8980 334 844.7399050842 0.9702 252 1569.2127610740 0.9821 380 873.5489042924 0.9918
32 1071 527.6748210713 0.9942 774 846.7705766641 0.9864 326 836.8706466692 0.9872 144 1056.9452909278 0.9730 76 1426.2740993415 0.9055 1259 556.6791413260 0.9978 793 924.2431409247 0.9842 340 871.9881819131 0.9931 156 1275.3841938470 0.9115 79 1599.7192734804 0.8726 222 1160.4559709112 0.8980 344 844.7399050842 0.9702 260 1568.4745766681 0.9826 392 873.5489042924 0.9918
33 1108 527.6748210713 0.9942 799 846.7705766641 0.9864 336 836.8706466692 0.9872 148 1056.0737921356 0.9738 78 1425.3770609475 0.9060 1297 556.6791413260 0.9978 816 924.2431409247 0.9842 351 871.9881819131 0.9931 160 1274.5083856982 0.9122 82 1595.5005167604 0.8749 229 1160.4559709112 0.8980 354 844.7399050842 0.9702 268 1568.4745766681 0.9826 404 873.5489042924 0.9918
34 1143 527.6748210713 0.9942 823 846.7705766641 0.9864 345 836.8706466692 0.9872 153 1055.9512558306 0.9739 80 1421.8994251763 0.9083 1337 556.6791413260 0.9978 840 924.2431409247 0.9842 361 871.9881819131 0.9931 165 1274.5083856982 0.9122 84 1595.5005167604 0.8749 236 1160.4559709112 0.8980 363 844.7399050842 0.9702 276 1568.1742458780 0.9828 416 873.5489042924 0.9918
35 1178 527.6748210713 0.9942 848 846.7705766641 0.9864 354 836.8706466692 0.9872 157 1055.6046077786 0.9742 83 1420.4244423798 0.9092 1376 556.6791413260 0.9978 864 924.2431409247 0.9842 372 871.9881819131 0.9931 170 1274.5083856982 0.9122 86 1595.5005167604 0.8749 243 1160.4559709112 0.8980 373 844.7399050842 0.9702 284 1568.1742458780 0.9828 427 873.5489042924 0.9918
36 1214 527.6748210713 0.9942 873 846.7705766641 0.9864 364 836.8706466692 0.9872 162 1055.6046077786 0.9742 85 1420.4244423798 0.9092 1418 556.6791413260 0.9978 889 924.2431409247 0.9842 382 871.9881819131 0.9931 175 1273.7428787012 0.9127 89 1595.5005167604 0.8749 250 1159.8004443897 0.8985 383 844.7399050842 0.9702 292 1568.1742458780 0.9828 440 873.5489042924 0.9918
37 1250 527.6748210713 0.9942 898 846.7705766641 0.9864 374 835.6987626323 0.9886 166 1055.6003903208 0.9743 88 1419.3980805948 0.9099 1458 556.6791413260 0.9978 914 924.2431409247 0.9842 393 871.9881819131 0.9931 180 1273.7428787012 0.9127 91 1595.3787961583 0.8749 257 1159.6112094799 0.8987 393 844.7399050842 0.9702 300 1568.1742458780 0.9828 452 873.5489042924 0.9918
38 1287 527.6748210713 0.9942 923 846.7705766641 0.9864 383 834.7499539660 0.9897 170 1054.2451341981 0.9755 90 1419.3980805948 0.9099 1500 556.6791413260 0.9978 939 924.2431409247 0.9842 403 871.9881819131 0.9931 185 1273.7428787012 0.9127 94 1595.0872371625 0.8751 264 1159.6112094799 0.8987 402 844.7399050842 0.9702 308 1568.0514979157 0.9828 463 873.5489042924 0.9918
39 1322 527.6748210713 0.9942 949 846.7705766641 0.9864 393 834.7499539660 0.9897 174 1054.2451341981 0.9755 92 1417.3542228746 0.9112 1541 556.6791413260 0.9978 963 924.2431409247 0.9842 413 871.9881819131 0.9931 190 1276.9639468681 0.9104 96 1595.0872371625 0.8751 270 1154.7483564992 0.9025 412 844.7399050842 0.9702 316 1567.3125313198 0.9833 476 873.5489042924 0.9918
40 1353 527.6748210713 0.9942 974 846.7705766641 0.9864 402 834.7499539660 0.9897 179 1054.2451341981 0.9755 95 1417.3542228746 0.9112 1582 556.6791413260 0.9978 988 924.2431409247 0.9842 423 870.1604305357 0.9951 194 1276.9639468681 0.9104 99 1595.0872371625 0.8751 278 1146.6780928584 0.9088 422 844.7399050842 0.9702 324 1567.3125313198 0.9833 488 873.5489042924 0.9918
41 1383 527.6748210713 0.9942 999 846.7705766641 0.9864 412 834.7499539660 0.9897 183 1054.2451341981 0.9755 97 1416.6993250674 0.9116 1620 556.6791413260 0.9978 1013 924.2431409247 0.9842 433 869.2326454944 0.9962 199 1276.1814515818 0.9110 101 1595.0872371625 0.8751 285 1141.2317239394 0.9131 432 844.7399050842 0.9702 331 1566.5883667677 0.9838 500 873.5489042924 0.9918
42 1419 527.6748210713 0.9942 1024 846.7705766641 0.9864 421 834.7499539660 0.9897 187 1054.1819713332 0.9756 99 1415.7668974283 0.9122 1661 556.6791413260 0.9978 1037 924.2431409247 0.9842 443 869.2326454944 0.9962 204 1276.1814515818 0.9110 104 1595.0872371625 0.8751 291 1139.8956756139 0.9142 441 844.7399050842 0.9702 339 1565.7499731587 0.9843 512 873.5489042924 0.9918
43 1454 527.6748210713 0.9942 1049 846.7705766641 0.9864 431 834.7499539660 0.9897 192 1054.0925555947 0.9756 102 1414.7155870448 0.9129 1701 556.6791413260 0.9978 1062 924.2431409247 0.9842 453 869.1338571425 0.9963 209 1271.5477437131 0.9143 106 1595.0872371625 0.8751 298 1139.5393844441 0.9145 452 844.7399050842 0.9702 347 1565.7499731587 0.9843 525 873.5489042924 0.9918
44 1490 527.6748210713 0.9942 1074 846.7705766641 0.9864 440 834.7499539660 0.9897 196 1054.0925555947 0.9756 104 1412.8042909388 0.9141 1741 556.6791413260 0.9978 1085 924.2431409247 0.9842 463 869.1338571425 0.9963 214 1271.9575060032 0.9140 109 1595.0872371625 0.8751 305 1139.0126239054 0.9149 462 844.7399050842 0.9702 355 1565.7499731587 0.9843 537 873.5489042924 0.9918
45 1528 527.6748210713 0.9942 1099 846.7705766641 0.9864 450 834.7499539660 0.9897 201 1054.0925555947 0.9756 106 1412.6101128499 0.9142 1781 556.6791413260 0.9978 1109 924.2431409247 0.9842 473 869.1338571425 0.9963 219 1271.9575060032 0.9140 111 1597.9208824513 0.8735 311 1138.4950695552 0.9153 471 844.7399050842 0.9702 363 1565.7499731587 0.9843 549 873.5489042924 0.9918
46 1565 527.6748210713 0.9942 1124 846.7705766641 0.9864 460 834.7499539660 0.9897 205 1054.0925555947 0.9756 109 1407.9444084988 0.9173 1823 556.6791413260 0.9978 1130 924.2431409247 0.9842 483 869.1338571425 0.9963 224 1271.9575060032 0.9140 114 1597.9208824513 0.8735 318 1138.4950695552 0.9153 482 844.7399050842 0.9702 371 1565.3114781432 0.9846 562 873.5489042924 0.9918
47 1602 527.6748210713 0.9942 1148 846.7705766641 0.9864 469 834.7499539660 0.9897 209 1054.0925555947 0.9756 111 1407.9444084988 0.9173 1865 556.6791413260 0.9978 1155 924.2431409247 0.9842 493 869.1338571425 0.9963 229 1271.9575060032 0.9140 116 1597.9208824513 0.8735 324 1138.4950695552 0.9153 492 844.7399050842 0.9702 378 1565.3114781432 0.9846 574 873.5489042924 0.9918
48 1639 527.6748210713 0.9942 1170 846.7705766641 0.9864 479 834.7499539660 0.9897 213 1053.5761397701 0.9761 114 1405.8428927507 0.9186 1907 556.6791413260 0.9978 1178 924.2431409247 0.9842 503 869.1338571425 0.9963 233 1271.9575060032 0.9140 118 1597.6467012918 0.8737 330 1138.4950695552 0.9153 502 844.7399050842 0.9702 385 1565.3114781432 0.9846 586 873.5489042924 0.9918
49 1676 527.6748210713 0.9942 1194 846.7705766641 0.9864 489 834.7499539660 0.9897 217 1053.5761397701 0.9761 116 1405.6736993899 0.9187 1949 556.6791413260 0.9978 1202 924.2431409247 0.9842 513 869.1338571425 0.9963 238 1271.9575060032 0.9140 121 1597.6467012918 0.8737 336 1138.4950695552 0.9153 512 844.7399050842 0.9702 393 1565.3114781432 0.9846 599 873.5489042924 0.9918
50 1712 527.6748210713 0.9942 1219 846.7705766641 0.9864 498 834.7499539660 0.9897 222 1052.7277081129 0.9769 118 1405.6049164472 0.9188 1991 556.6791413260 0.9978 1225 923.6482042482 0.9849 523 869.1338571425 0.9963 243 1268.6572250119 0.9164 123 1597.6467012918 0.8737 343 1138.4950695552 0.9153 522 844.7399050842 0.9702 400 1565.3114781432 0.9846 611 873.5489042924 0.9918
51 1748 527.6748210713 0.9942 1243 846.7705766641 0.9864 507 834.7499539660 0.9897 226 1052.1997700293 0.9774 121 1405.6049164472 0.9188 2033 556.6791413260 0.9978 1249 919.2902020951 0.9895 532 869.1338571425 0.9963 248 1268.0035920913 0.9168 126 1597.6467012918 0.8737 349 1138.4950695552 0.9153 532 844.7399050842 0.9702 408 1565.3114781432 0.9846 623 873.5489042924 0.9918
52 1784 527.6748210713 0.9942 1268 846.7705766641 0.9864 517 834.7499539660 0.9897 230 1052.1997700293 0.9774 123 1405.6049164472 0.9188 2074 556.6791413260 0.9978 1273 919.1457219630 0.9897 541 869.1338571425 0.9963 253 1268.0035920913 0.9168 128 1597.6467012918 0.8737 356 1138.4950695552 0.9153 542 844.7399050842 0.9702 416 1565.3114781432 0.9846 635 873.5489042924 0.9918
53 1821 527.6748210713 0.9942 1292 846.7705766641 0.9864 526 834.7499539660 0.9897 235 1052.1997700293 0.9774 125 1405.6049164472 0.9188 2113 556.6791413260 0.9978 1297 919.1457219630 0.9897 551 869.1338571425 0.9963 257 1269.0627715668 0.9161 131 1597.6467012918 0.8737 362 1138.0983564187 0.9157 552 827.4725326943 0.9904 424 1565.3114781432 0.9846 648 873.5489042924 0.9918
54 1858 527.6748210713 0.9942 1318 846.7705766641 0.9864 536 834.7499539660 0.9897 239 1052.1997700293 0.9774 128 1405.6049164472 0.9188 2154 556.6791413260 0.9978 1321 919.1457219630 0.9897 561 869.1338571425 0.9963 262 1269.0627715668 0.9161 133 1597.6467012918 0.8737 369 1138.0983564187 0.9157 563 826.3187393438 0.9918 431 1565.3114781432 0.9846 660 873.5489042924 0.9918
55 1894 527.6748210713 0.9942 1343 846.7705766641 0.9864 546 834.7499539660 0.9897 243 1052.1997700293 0.9774 130 1405.6049164472 0.9188 2195 556.6791413260 0.9978 1344 919.1457219630 0.9897 571 869.1338571425 0.9963 267 1269.0627715668 0.9161 136 1597.6467012918 0.8737 375 1138.0983564187 0.9157 573 825.6486929660 0.9926 439 1565.3114781432 0.9846 672 873.5489042924 0.9918
56 1930 527.6748210713 0.9942 1367 846.7705766641 0.9864 556 834.7499539660 0.9897 248 1052.1997700293 0.9774 132 1404.3622519540 0.9196 2236 556.6791413260 0.9978 1368 919.1457219630 0.9897 580 869.1338571425 0.9963 272 1269.0627715668 0.9161 138 1597.6467012918 0.8737 382 1138.0983564187 0.9157 582 825.6486929660 0.9926 447 1565.3114781432 0.9846 685 873.5489042924 0.9918
57 1967 527.6748210713 0.9942 1392 846.7705766641 0.9864 565 834.7499539660 0.9897 252 1052.1997700293 0.9774 135 1404.3622519540 0.9196 2276 556.6791413260 0.9978 1392 917.6136398839 0.9914 590 869.1338571425 0.9963 277 1269.0627715668 0.9161 141 1597.6467012918 0.8737 388 1138.0983564187 0.9157 592 825.6486929660 0.9926 455 1565.3114781432 0.9846 697 873.5489042924 0.9918
58 2002 527.6748210713 0.9942 1417 846.7705766641 0.9864 574 834.7499539660 0.9897 256 1052.1997700293 0.9774 137 1404.3622519540 0.9196 2316 556.6791413260 0.9978 1416 917.6136398839 0.9914 601 869.1338571425 0.9963 281 1269.0627715668 0.9161 143 1597.6467012918 0.8737 394 1138.0839694055 0.9157 602 825.6486929660 0.9926 463 1565.3114781432 0.9846 709 873.5489042924 0.9918
59 2038 527.6748210713 0.9942 1442 846.7705766641 0.9864 584 834.7499539660 0.9897 260 1052.1997700293 0.9774 139 1404.3622519540 0.9196 2358 556.6791413260 0.9978 1440 917.6136398839 0.9914 610 869.1338571425 0.9963 286 1269.0627715668 0.9161 146 1597.6467012918 0.8737 401 1132.9769820183 0.9198 611 825.6486929660 0.9926 471 1565.3114781432 0.9846 721 873.5489042924 0.9918
60 2074 527.6748210713 0.9942 1467 846.7705766641 0.9864 594 834.7499539660 0.9897 264 1052.1997700293 0.9774 141 1404.3622519540 0.9196 2399 556.6791413260 0.9978 1464 917.6136398839 0.9914 620 869.1338571425 0.9963 291 1269.0627715668 0.9161 148 1597.6467012918 0.8737 407 1132.7947530826 0.9199 621 825.6486929660 0.9926 478 1565.3114781432 0.9846 734 873.5489042924 0.9918
61 2112 527.6748210713 0.9942 1492 846.7705766641 0.9864 604 834.7499539660 0.9897 269 1052.1997700293 0.9774 144 1404.3622519540 0.9196 2439 556.6791413260 0.9978 1488 917.6136398839 0.9914 630 869.1338571425 0.9963 295 1269.0627715668 0.9161 151 1596.4591881545 0.8743 413 1132.4095882755 0.9203 631 825.6486929660 0.9926 486 1565.3114781432 0.9846 747 873.5489042924 0.9918
62 2149 527.6748210713 0.9942 1517 846.7705766641 0.9864 614 834.7499539660 0.9897 273 1052.1997700293 0.9774 146 1403.1762561545 0.9204 2480 556.6791413260 0.9978 1513 917.6136398839 0.9914 640 869.1338571425 0.9963 300 1269.0627715668 0.9161 153 1596.4591881545 0.8743 419 1132.4095882755 0.9203 641 825.6486929660 0.9926 494 1565.3114781432 0.9846 759 873.5489042924 0.9918
63 2185 527.6748210713 0.9942 1542 846.7705766641 0.9864 624 834.7499539660 0.9897 277 1052.1997700293 0.9774 148 1403.1762561545 0.9204 2522 556.6791413260 0.9978 1537 917.6136398839 0.9914 650 869.1338571425 0.9963 305 1268.3675137092 0.9166 156 1596.4591881545 0.8743 425 1132.4095882755 0.9203 651 825.6486929660 0.9926 502 1565.3114781432 0.9846 771 873.5489042924 0.9918
64 2221 527.6748210713 0.9942 1567 846.7705766641 0.9864 634 834.7499539660 0.9897 281 1052.1997700293 0.9774 151 1403.1761896107 0.9204 2562 556.6791413260 0.9978 1561 917.6136398839 0.9914 660 869.0548832751 0.9964 310 1268.3675137092 0.9166 158 1596.4591881545 0.8743 431 1132.4095882755 0.9203 661 825.6486929660 0.9926 510 1565.3114781432 0.9846 783 873.5489042924 0.9918
65 2257 527.6748210713 0.9942 1592 846.7705766641 0.9864 644 834.7499539660 0.9897 286 1052.1997700293 0.9774 153 1403.1761896107 0.9204 2604 556.6791413260 0.9978 1586 917.6136398839 0.9914 670 868.2929854054 0.9973 315 1266.1112686618 0.9182 161 1596.4591881545 0.8743 437 1132.4095882755 0.9203 670 825.6486929660 0.9926 518 1565.3114781432 0.9846 796 873.5489042924 0.9918
66 2293 527.6748210713 0.9942 1618 846.7705766641 0.9864 653 834.7499539660 0.9897 290 1052.1997700293 0.9774 155 1403.1032237550 0.9204 2646 556.6791413260 0.9978 1609 917.6136398839 0.9914 681 868.2929854054 0.9973 320 1266.1112686618 0.9182 163 1596.4591881545 0.8743 444 1132.4095882755 0.9203 680 825.6486929660 0.9926 526 1565.3114781432 0.9846 808 873.5489042924 0.9918
67 2329 527.6748210713 0.9942 1643 846.7705766641 0.9864 663 834.7499539660 0.9897 295 1052.1997700293 0.9774 158 1403.1032237550 0.9204 2688 556.6791413260 0.9978 1633 917.6136398839 0.9914 691 868.2929854054 0.9973 325 1260.6235713676 0.9222 165 1598.2167019304 0.8734 450 1132.4095882755 0.9203 691 825.6486929660 0.9926 533 1565.3114781432 0.9846 821 873.5489042924 0.9918
68 2363 527.6748210713 0.9942 1667 846.7705766641 0.9864 673 834.7499539660 0.9897 299 1052.1997700293 0.9774 160 1403.1032237550 0.9204 2732 556.6791413260 0.9978 1657 917.6136398839 0.9914 702 867.1780769782 0.9986 329 1260.3586410504 0.9224 168 1598.2167019304 0.8734 456 1132.4095882755 0.9203 701 825.6486929660 0.9926 541 1565.3114781432 0.9846 833 873.5489042924 0.9918
69 2397 527.6748210713 0.9942 1692 846.7705766641 0.9864 683 834.7499539660 0.9897 303 1050.5088984985 0.9790 162 1403.1032237550 0.9204 2774 556.6791413260 0.9978 1681 917.6136398839 0.9914 712 866.7381878936 0.9991 334 1259.2712637671 0.9232 171 1598.2167019304 0.8734 462 1132.4095882755 0.9203 711 825.6486929660 0.9926 549 1565.3114781432 0.9846 845 873.5489042924 0.9918
70 2434 527.6748210713 0.9942 1718 846.7705766641 0.9864 692 834.7499539660 0.9897 307 1050.5088984985 0.9790 165 1403.1032237550 0.9204 2816 556.6791413260 0.9978 1705 917.6136398839 0.9914 722 866.7381878936 0.9991 339 1259.2712637671 0.9232 173 1598.2167019304 0.8734 468 1132.4095882755 0.9203 722 825.6486929660 0.9926 557 1565.3114781432 0.9846 858 873.5489042924 0.9918
71 2470 527.6748210713 0.9942 1743 846.7705766641 0.9864 702 834.7499539660 0.9897 311 1050.5088984985 0.9790 167 1403.1032237550 0.9204 2859 556.6791413260 0.9978 1729 917.6136398839 0.9914 733 866.7381878936 0.9991 344 1259.2712637671 0.9232 176 1598.2167019304 0.8734 474 1132.4095882755 0.9203 732 825.6486929660 0.9926 565 1565.3114781432 0.9846 870 873.5489042924 0.9918
72 2506 527.6748210713 0.9942 1768 846.7705766641 0.9864 712 834.7499539660 0.9897 316 1050.5088984985 0.9790 169 1403.1032237550 0.9204 2897 556.6791413260 0.9978 1753 917.6136398839 0.9914 743 865.9445056376 1.0000 349 1259.2712637671 0.9232 178 1598.2167019304 0.8734 480 1132.4095882755 0.9203 742 825.6486929660 0.9926 573 1565.3114781432 0.9846 882 873.5489042924 0.9918
73 2543 527.6748210713 0.9942 1793 846.7705766641 0.9864 722 834.7499539660 0.9897 320 1050.5088984985 0.9790 172 1403.1032237550 0.9204 2938 556.6791413260 0.9978 1778 917.6136398839 0.9914 753 865.9445056376 1.0000 354 1259.2712637671 0.9232 180 1598.2167019304 0.8734 486 1132.4095882755 0.9203 752 825.6486929660 0.9926 581 1565.3114781432 0.9846 894 873.5489042924 0.9918
74 2580 527.6748210713 0.9942 1818 846.7705766641 0.9864 731 834.7499539660 0.9897 324 1050.5088984985 0.9790 174 1403.1032237550 0.9204 2980 556.6791413260 0.9978 1801 917.6136398839 0.9914 764 865.9445056376 1.0000 358 1259.2712637671 0.9232 183 1598.2167019304 0.8734 493 1132.4095882755 0.9203 763 825.6486929660 0.9926 589 1565.3114781432 0.9846 906 873.5489042924 0.9918
75 2618 527.6748210713 0.9942 1844 846.7705766641 0.9864 741 834.7499539660 0.9897 329 1050.5088984985 0.9790 176 1403.1032237550 0.9204 3021 556.6791413260 0.9978 1825 917.6136398839 0.9914 774 865.9445056376 1.0000 363 1259.2712637671 0.9232 185 1598.2167019304 0.8734 499 1132.4095882755 0.9203 774 825.6486929660 0.9926 596 1565.3114781432 0.9846 919 873.5489042924 0.9918
76 2654 527.6748210713 0.9942 1869 846.7705766641 0.9864 751 834.7499539660 0.9897 333 1050.5088984985 0.9790 179 1403.1032237550 0.9204 3062 556.6791413260 0.9978 1850 917.6136398839 0.9914 784 865.9445056376 1.0000 368 1259.2712637671 0.9232 188 1598.2167019304 0.8734 505 1132.4095882755 0.9203 784 825.6486929660 0.9926 604 1565.3114781432 0.9846 931 873.5489042924 0.9918
77 2690 527.6748210713 0.9942 1893 846.7705766641 0.9864 761 834.7499539660 0.9897 337 1050.5088984985 0.9790 181 1403.1032237550 0.9204 3102 556.6791413260 0.9978 1873 917.6136398839 0.9914 794 865.9445056376 1.0000 372 1259.2712637671 0.9232 190 1598.2167019304 0.8734 512 1131.8852282522 0.9207 794 825.6486929660 0.9926 612 1565.3114781432 0.9846 943 873.5489042924 0.9918
78 2727 527.6748210713 0.9942 1919 846.7705766641 0.9864 771 834.7499539660 0.9897 342 1050.5088984985 0.9790 183 1403.1032237550 0.9204 3143 556.6791413260 0.9978 1897 917.6136398839 0.9914 805 865.9445056376 1.0000 377 1265.0875907924 0.9189 192 1598.2167019304 0.8734 518 1131.8852282522 0.9207 804 825.6486929660 0.9926 619 1565.3114781432 0.9846 955 873.5489042924 0.9918
79 2764 527.6748210713 0.9942 1944 846.7705766641 0.9864 780 834.7499539660 0.9897 346 1050.5088984985 0.9790 185 1403.1032237550 0.9204 3185 556.6791413260 0.9978 1922 917.6136398839 0.9914 815 865.9445056376 1.0000 382 1265.0875907924 0.9189 195 1598.2167019304 0.8734 524 1131.8852282522 0.9207 814 825.6486929660 0.9926 627 1565.3114781432 0.9846 967 873.5489042924 0.9918
80 2800 527.6748210713 0.9942 1969 846.7705766641 0.9864 790 834.7499539660 0.9897 350 1050.5088984985 0.9790 188 1402.8858836116 0.9206 3225 556.6791413260 0.9978 1946 917.6136398839 0.9914 825 865.9445056376 1.0000 387 1265.0875907924 0.9189 197 1598.2167019304 0.8734 531 1123.6846487883 0.9274 825 825.6486929660 0.9926 636 1565.3114781432 0.9846 979 873.5489042924 0.9918
81 2838 527.6748210713 0.9942 1994 846.7705766641 0.9864 800 834.7499539660 0.9897 355 1050.5088984985 0.9790 190 1402.2409672207 0.9210 3267 556.6791413260 0.9978 1971 917.6136398839 0.9914 835 865.9445056376 1.0000 392 1265.0875907924 0.9189 200 1598.2167019304 0.8734 537 1113.6832329411 0.9357 836 825.6486929660 0.9926 643 1565.3114781432 0.9846 992 873.5489042924 0.9918
82 2874 527.6748210713 0.9942 2019 846.7705766641 0.9864 809 834.7499539660 0.9897 359 1050.5088984985 0.9790 192 1401.2163726834 0.9217 3307 556.6791413260 0.9978 1994 917.6136398839 0.9914 845 865.9445056376 1.0000 397 1265.0875907924 0.9189 202 1598.2167019304 0.8734 544 1113.2980681339 0.9361 847 825.6486929660 0.9926 651 1565.3114781432 0.9846 1004 873.5489042924 0.9918
83 2910 527.6748210713 0.9942 2044 846.7705766641 0.9864 819 834.7499539660 0.9897 363 1050.5088984985 0.9790 195 1399.3533436814 0.9229 3345 556.6791413260 0.9978 2018 917.6136398839 0.9914 855 865.9445056376 1.0000 401 1264.6811639061 0.9192 205 1598.2167019304 0.8734 550 1112.9417769642 0.9364 858 825.6486929660 0.9926 659 1565.3114781432 0.9846 1016 873.5489042924 0.9918
84 2946 527.6748210713 0.9942 2070 846.7705766641 0.9864 829 834.7499539660 0.9897 368 1050.5088984985 0.9790 197 1398.4527455009 0.9235 3388 555.4302364991 1.0000 2043 917.6136398839 0.9914 864 865.9445056376 1.0000 406 1261.9607280650 0.9212 207 1598.2167019304 0.8734 556 1112.7643195101 0.9365 869 825.6486929660 0.9926 667 1565.3114781432 0.9846 1029 873.5489042924 0.9918
85 2983 527.6748210713 0.9942 2094 846.7705766641 0.9864 838 834.7499539660 0.9897 372 1050.5088984985 0.9790 199 1398.3013722448 0.9236 3429 555.4302364991 1.0000 2067 917.6136398839 0.9914 873 865.9445056376 1.0000 411 1261.2838681387 0.9217 210 1598.2167019304 0.8734 562 1112.2467651599 0.9369 880 825.6486929660 0.9926 675 1565.3114781432 0.9846 1041 873.5489042924 0.9918
86 3019 527.6748210713 0.9942 2119 846.7705766641 0.9864 847 834.7499539660 0.9897 376 1050.5088984985 0.9790 202 1398.1041719293 0.9237 3471 555.4302364991 1.0000 2090 917.6136398839 0.9914 881 865.9445056376 1.0000 416 1261.2838681387 0.9217 212 1598.2167019304 0.8734 569 1111.6212627921 0.9375 890 825.6486929660 0.9926 682 1565.3114781432 0.9846 1053 873.5489042924 0.9918
87 3055 527.6748210713 0.9942 2143 846.7705766641 0.9864 854 834.7499539660 0.9897 381 1050.5088984985 0.9790 204 1398.1041719293 0.9237 3513 555.4302364991 1.0000 2114 917.6136398839 0.9914 891 865.9445056376 1.0000 421 1261.2838681387 0.9217 214 1598.2167019304 0.8734 575 1111.6212627921 0.9375 900 825.6486929660 0.9926 690 1565.3114781432 0.9846 1066 873.5489042924 0.9918
88 3092 527.6748210713 0.9942 2167 846.7705766641 0.9864 859 834.7499539660 0.9897 385 1050.5088984985 0.9790 207 1395.3897123575 0.9255 3555 555.4302364991 1.0000 2138 917.6136398839 0.9914 900 865.9445056376 1.0000 426 1261.2838681387 0.9217 217 1598.2167019304 0.8734 582 1107.8072046216 0.9407 911 825.6486929660 0.9926 698 1565.3114781432 0.9846 1078 873.5489042924 0.9918
89 3127 527.6748210713 0.9942 2192 846.7705766641 0.9864 867 834.7499539660 0.9897 389 1050.5088984985 0.9790 209 1395.3897123575 0.9255 3596 555.4302364991 1.0000 2162 917.6136398839 0.9914 910 865.9445056376 1.0000 431 1261.2838681387 0.9217 219 1598.2167019304 0.8734 588 1105.8276575902 0.9424 921 825.6486929660 0.9926 706 1565.3114781432 0.9846 1090 873.5489042924 0.9918
90 3163 527.6748210713 0.9942 2217 846.7705766641 0.9864 875 834.7499539660 0.9897 394 1050.5088984985 0.9790 211 1394.4934933367 0.9261 3639 555.4302364991 1.0000 2185 917.6136398839 0.9914 919 865.9445056376 1.0000 435 1260.5442035692 0.9223 221 1598.2167019304 0.8734 594 1105.8276575902 0.9424 931 825.6486929660 0.9926 714 1565.3114781432 0.9846 1102 873.5489042924 0.9918
91 3199 527.6748210713 0.9942 2241 846.7705766641 0.9864 885 834.7499539660 0.9897 398 1050.5088984985 0.9790 214 1394.4934933367 0.9261 3679 555.4302364991 1.0000 2209 917.6136398839 0.9914 930 865.9445056376 1.0000 440 1259.6683522087 0.9229 224 1598.2167019304 0.8734 601 1104.7221150850 0.9433 942 825.6486929660 0.9926 722 1565.3114781432 0.9846 1114 873.5489042924 0.9918
92 3235 527.6748210713 0.9942 2264 846.7705766641 0.9864 895 834.7499539660 0.9897 402 1050.5088984985 0.9790 216 1394.4124195262 0.9262 3721 555.4302364991 1.0000 2234 917.6136398839 0.9914 940 865.9445056376 1.0000 445 1257.7503539658 0.9243 226 1598.2167019304 0.8734 607 1104.7221150850 0.9433 953 825.6486929660 0.9926 730 1565.3114781432 0.9846 1127 873.5489042924 0.9918
93 3271 527.6748210713 0.9942 2288 846.7705766641 0.9864 903 834.7499539660 0.9897 407 1050.5088984985 0.9790 218 1394.4124195262 0.9262 3760 555.4302364991 1.0000 2258 917.6136398839 0.9914 950 865.9445056376 1.0000 450 1257.7503539658 0.9243 229 1598.2167019304 0.8734 613 1104.7221150850 0.9433 963 825.6486929660 0.9926 738 1565.3114781432 0.9846 1139 873.5489042924 0.9918
94 3308 527.6748210713 0.9942 2313 846.7705766641 0.9864 913 834.7499539660 0.9897 411 1050.5088984985 0.9790 220 1394.4124195262 0.9262 3803 555.4302364991 1.0000 2282 917.6136398839 0.9914 960 865.9445056376 1.0000 455 1257.7503539658 0.9243 231 1598.2167019304 0.8734 620 1104.7221150850 0.9433 974 825.6486929660 0.9926 746 1565.3114781432 0.9846 1152 873.5489042924 0.9918
95 3344 527.6748210713 0.9942 2338 846.7705766641 0.9864 922 834.7499539660 0.9897 415 1050.5088984985 0.9790 223 1394.4124195262 0.9262 3847 555.4302364991 1.0000 2306 917.6136398839 0.9914 970 865.9445056376 1.0000 459 1257.7503539658 0.9243 233 1598.2167019304 0.8734 626 1104.7221150850 0.9433 984 825.6486929660 0.9926 754 1565.3114781432 0.9846 1164 873.5489042924 0.9918
96 3381 527.6748210713 0.9942 2363 846.7705766641 0.9864 932 834.7499539660 0.9897 419 1050.5088984985 0.9790 225 1394.4124195262 0.9262 3888 555.4302364991 1.0000 2330 917.6136398839 0.9914 980 865.9445056376 1.0000 464 1257.3520083281 0.9246 236 1598.2167019304 0.8734 633 1104.7221150850 0.9433 994 825.6486929660 0.9926 761 1565.3114781432 0.9846 1176 873.5489042924 0.9918
97 3416 527.6748210713 0.9942 2388 846.7705766641 0.9864 941 834.7499539660 0.9897 424 1050.5088984985 0.9790 227 1394.4124195262 0.9262 3929 555.4302364991 1.0000 2353 917.6136398839 0.9914 990 865.9445056376 1.0000 469 1257.3520083281 0.9246 238 1598.2167019304 0.8734 639 1104.7221150850 0.9433 1004 825.6486929660 0.9926 769 1565.3114781432 0.9846 1189 873.5489042924 0.9918
98 3448 527.6748210713 0.9942 2414 846.7705766641 0.9864 950 834.7499539660 0.9897 428 1050.5088984985 0.9790 230 1394.4124195262 0.9262 3971 555.4302364991 1.0000 2377 917.6136398839 0.9914 1000 865.9445056376 1.0000 474 1255.7653084501 0.9258 240 1598.2167019304 0.8734 646 1104.7221150850 0.9433 1015 825.6486929660 0.9926 777 1565.3114781432 0.9846 1201 873.5489042924 0.9918
99 3483 527.6748210713 0.9942 2437 846.7705766641 0.9864 958 834.7499539660 0.9897 432 1050.5088984985 0.9790 232 1394.4124195262 0.9262 4013 555.4302364991 1.0000 2401 917.6136398839 0.9914 1009 865.9445056376 1.0000 479 1255.7653084501 0.9258 243 1603.3821928349 0.8706 652 1104.7221150850 0.9433 1024 825.6486929660 0.9926 785 1565.3114781432 0.9846 1213 873.5489042924 0.9918
100 3518 527.6748210713 0.9942 2462 846.7705766641 0.9864 967 834.7499539660 0.9897 436 1050.5088984985 0.9790 234 1394.4124195262 0.9262 4055 555.4302364991 1.0000 2425 917.6136398839 0.9914 1019 865.9445056376 1.0000 483 1255.7653084501 0.9258 245 1603.3821928349 0.8706 658 1104.7221150850 0.9433 1035 825.6486929660 0.9926 793 1564.1236365303 0.9853 1225 873.5489042924 0.9918
101 3553 527.6748210713 0.9942 2487 846.7705766641 0.9864 975 834.7499539660 0.9897 440 1050.5088984985 0.9790 236 1394.4124195262 0.9262 4098 555.4302364991 1.0000 2449 917.6136398839 0.9914 1029 865.9445056376 1.0000 488 1254.1178045675 0.9270 247 1603.3821928349 0.8706 664 1104.7221150850 0.9433 1046 825.6486929660 0.9926 801 1564.1236365303 0.9853 1238 873.5489042924 0.9918
102 3588 527.6748210713 0.9942 2511 846.7705766641 0.9864 983 834.7499539660 0.9897 444 1050.5088984985 0.9790 239 1394.0077834891 0.9264 4142 555.4302364991 1.0000 2473 917.6136398839 0.9914 1039 865.9445056376 1.0000 493 1254.1178045675 0.9270 250 1603.3821928349 0.8706 671 1104.7221150850 0.9433 1056 825.6486929660 0.9926 808 1564.1236365303 0.9853 1250 873.5489042924 0.9918
103 3625 527.6748210713 0.9942 2535 846.7705766641 0.9864 991 834.7499539660 0.9897 449 1050.5088984985 0.9790 241 1394.0077834891 0.9264 4184 555.4302364991 1.0000 2497 917.6136398839 0.9914 1048 865.9445056376 1.0000 497 1254.1178045675 0.9270 252 1603.3821928349 0.8706 677 1104.7221150850 0.9433 1067 825.6486929660 0.9926 816 1564.1236365303 0.9853 1262 873.5489042924 0.9918
104 3661 527.6748210713 0.9942 2559 846.7705766641 0.9864 1000 834.7499539660 0.9897 453 1049.5509907034 0.9799 243 1394.0077834891 0.9264 4227 555.4302364991 1.0000 2521 917.6136398839 0.9914 1058 865.9445056376 1.0000 502 1254.1178045675 0.9270 255 1603.3821928349 0.8706 683 1104.7221150850 0.9433 1078 825.6486929660 0.9926 824 1564.1236365303 0.9853 1275 871.1210990921 0.9945
105 3697 527.6748210713 0.9942 2584 846.7705766641 0.9864 1009 834.7499539660 0.9897 457 1049.5440119665 0.9799 245 1394.0077834891 0.9264 4270 555.4302364991 1.0000 2544 917.6136398839 0.9914 1068 865.9445056376 1.0000 507 1254.1178045675 0.9270 257 1603.3821928349 0.8706 690 1104.7221150850 0.9433 1089 825.6486929660 0.9926 832 1564.1236365303 0.9853 1287 871.1210990921 0.9945
106 3733 527.6748210713 0.9942 2610 846.7705766641 0.9864 1018 834.7499539660 0.9897 461 1049.5440119665 0.9799 248 1393.2895264007 0.9269 4314 555.4302364991 1.0000 2568 917.6136398839 0.9914 1078 865.9445056376 1.0000 512 1253.9089889223 0.9271 260 1603.3821928349 0.8706 696 1104.7221150850 0.9433 1099 825.6486929660 0.9926 840 1564.1236365303 0.9853 1299 871.1210990921 0.9945
107 3768 527.6748210713 0.9942 2635 846.7705766641 0.9864 1027 834.7499539660 0.9897 466 1049.5440119665 0.9799 250 1393.2895264007 0.9269 4358 555.4302364991 1.0000 2591 913.3735596814 0.9960 1087 865.9445056376 1.0000 517 1253.2346435084 0.9276 262 1601.8118966650 0.8714 702 1104.7221150850 0.9433 1110 825.6486929660 0.9926 847 1564.1236365303 0.9853 1311 871.1210990921 0.9945
108 3803 527.6748210713 0.9942 2661 846.7705766641 0.9864 1036 834.7499539660 0.9897 470 1049.5440119665 0.9799 252 1392.8252772042 0.9272 4403 555.4302364991 1.0000 2616 913.3735596814 0.9960 1097 865.9445056376 1.0000 521 1253.2346435084 0.9276 264 1601.8118966650 0.8714 709 1104.7221150850 0.9433 1121 825.6486929660 0.9926 855 1564.1236365303 0.9853 1323 871.1210990921 0.9945
109 3838 527.6748210713 0.9942 2686 846.7705766641 0.9864 1046 834.7499539660 0.9897 474 1049.5440119665 0.9799 255 1392.2556587853 0.9276 4448 555.4302364991 1.0000 2640 913.3735596814 0.9960 1107 865.9445056376 1.0000 526 1253.2346435084 0.9276 267 1601.8118966650 0.8714 715 1104.7221150850 0.9433 1132 825.6486929660 0.9926 863 1564.1236365303 0.9853 1336 871.1210990921 0.9945
110 3871 527.6748210713 0.9942 2711 846.7705766641 0.9864 1055 834.7499539660 0.9897 478 1049.5440119665 0.9799 257 1388.8588275764 0.9299 4492 555.4302364991 1.0000 2664 913.3735596814 0.9960 1117 865.9445056376 1.0000 531 1253.2346435084 0.9276 269 1601.8118966650 0.8714 721 1104.7221150850 0.9433 1142 825.6486929660 0.9926 871 1564.1236365303 0.9853 1349 871.1210990921 0.9945
111 3904 527.6748210713 0.9942 2736 846.7705766641 0.9864 1064 834.7499539660 0.9897 483 1049.5440119665 0.9799 259 1388.0909371046 0.9304 4538 555.4302364991 1.0000 2689 913.3735596814 0.9960 1126 865.9445056376 1.0000 535 1253.2346435084 0.9276 272 1601.8118966650 0.8714 727 1104.7221150850 0.9433 1152 825.6486929660 0.9926 879 1564.1236365303 0.9853 1361 871.1210990921 0.9945
112 3939 527.6748210713 0.9942 2760 846.7705766641 0.9864 1073 834.7499539660 0.9897 487 1049.5440119665 0.9799 262 1384.8116734936 0.9326 4583 555.4302364991 1.0000 2713 913.3735596814 0.9960 1135 865.9445056376 1.0000 540 1250.6258034388 0.9296 274 1601.8118966650 0.8714 734 1104.7221150850 0.9433 1163 825.6486929660 0.9926 887 1564.1236365303 0.9853 1373 871.1210990921 0.9945
113 3974 527.6748210713 0.9942 2785 846.7705766641 0.9864 1083 834.7499539660 0.9897 491 1049.5440119665 0.9799 264 1383.9674778095 0.9332 4627 555.4302364991 1.0000 2737 913.3735596814 0.9960 1145 865.9445056376 1.0000 545 1242.9707774555 0.9353 277 1601.8118966650 0.8714 740 1104.7221150850 0.9433 1174 825.6486929660 0.9926 895 1564.1236365303 0.9853 1385 871.1210990921 0.9945
114 4006 527.6748210713 0.9942 2809 846.7705766641 0.9864 1093 834.7499539660 0.9897 496 1049.5440119665 0.9799 266 1380.5256798371 0.9355 4670 555.4302364991 1.0000 2762 913.3735596814 0.9960 1155 865.9445056376 1.0000 550 1242.9707774555 0.9353 279 1601.8118966650 0.8714 746 1104.7221150850 0.9433 1184 825.6486929660 0.9926 903 1564.1236365303 0.9853 1399 871.1210990921 0.9945
115 4033 527.6748210713 0.9942 2835 846.7705766641 0.9864 1102 834.7499539660 0.9897 500 1049.5440119665 0.9799 268 1368.1250151184 0.9440 4714 555.4302364991 1.0000 2786 913.3735596814 0.9960 1165 865.9445056376 1.0000 555 1242.5371797513 0.9356 282 1601.8118966650 0.8714 752 1104.7221150850 0.9433 1195 825.6486929660 0.9926 911 1564.1236365303 0.9853 1411 871.1210990921 0.9945
116 4064 527.6748210713 0.9942 2859 846.7705766641 0.9864 1112 834.7499539660 0.9897 505 1048.6386244963 0.9807 271 1367.5933680468 0.9443 4755 555.4302364991 1.0000 2810 913.3735596814 0.9960 1175 865.9445056376 1.0000 559 1241.2127608993 0.9366 284 1601.8118966650 0.8714 758 1104.7221150850 0.9433 1205 825.6486929660 0.9926 919 1564.1236365303 0.9853 1423 871.1210990921 0.9945
117 4099 527.6748210713 0.9942 2884 846.7705766641 0.9864 1121 834.7499539660 0.9897 509 1048.6386244963 0.9807 273 1366.8987863668 0.9448 4797 555.4302364991 1.0000 2834 913.3735596814 0.9960 1185 865.9445056376 1.0000 564 1241.2127608993 0.9366 287 1601.8118966650 0.8714 765 1104.7221150850 0.9433 1216 825.6486929660 0.9926 927 1564.1236365303 0.9853 1435 871.1210990921 0.9945
118 4127 527.6748210713 0.9942 2908 846.7705766641 0.9864 1132 834.7499539660 0.9897 513 1048.6386244963 0.9807 275 1362.1147649634 0.9481 4839 555.4302364991 1.0000 2858 913.3735596814 0.9960 1195 865.9445056376 1.0000 569 1241.2127608993 0.9366 289 1601.9920798093 0.8713 771 1104.7221150850 0.9433 1226 825.6486929660 0.9926 935 1564.1236365303 0.9853 1448 871.1210990921 0.9945
119 4156 527.6748210713 0.9942 2935 846.7705766641 0.9864 1142 834.7499539660 0.9897 518 1048.6386244963 0.9807 278 1360.5634133166 0.9492 4882 555.4302364991 1.0000 2882 913.3735596814 0.9960 1205 865.9445056376 1.0000 574 1241.2127608993 0.9366 292 1601.8072183652 0.8714 777 1104.7221150850 0.9433 1237 825.6486929660 0.9926 943 1564.1236365303 0.9853 1460 871.1210990921 0.9945
120 4184 527.6748210713 0.9942 2960 846.7705766641 0.9864 1151 834.7499539660 0.9897 522 1048.6386244963 0.9807 280 1360.1949270502 0.9495 4921 555.4302364991 1.0000 2906 913.3735596814 0.9960 1214 865.9445056376 1.0000 579 1241.2127608993 0.9366 294 1601.8072183652 0.8714 783 1104.7221150850 0.9433 1248 825.6486929660 0.9926 950 1564.1236365303 0.9853 1472 871.1210990921 0.9945
