0 0 834.9980732879 0.0000 
5 16 552.5065649030 0.9495 
10 238 524.6111466425 1.0000 
15 957 524.6111466425 1.0000 
20 1574 524.6111466425 1.0000 
25 2295 524.6111466425 1.0000 
30 2875 524.6111466425 1.0000 
35 3429 524.6111466425 1.0000 
40 3932 524.6111466425 1.0000 
45 4432 524.6111466425 1.0000 
50 4889 524.6111466425 1.0000 
55 5350 524.6111466425 1.0000 
60 5769 524.6111466425 1.0000 
65 6187 524.6111466425 1.0000 
70 6584 524.6111466425 1.0000 
75 6974 524.6111466425 1.0000 
80 7355 524.6111466425 1.0000 
85 7726 524.6111466425 1.0000 
90 8085 524.6111466425 1.0000 
95 8436 524.6111466425 1.0000 
100 8770 524.6111466425 1.0000 
105 9094 524.6111466425 1.0000 
110 9428 524.6111466425 1.0000 
115 9745 524.6111466425 1.0000 
120 10052 524.6111466425 1.0000 
125 10368 524.6111466425 1.0000 
130 10664 524.6111466425 1.0000 
135 10955 524.6111466425 1.0000 
140 11241 524.6111466425 1.0000 
145 11523 524.6111466425 1.0000 
150 11806 524.6111466425 1.0000 
155 12072 524.6111466425 1.0000 
160 12346 524.6111466425 1.0000 
165 12607 524.6111466425 1.0000 
170 12862 524.6111466425 1.0000 
175 13125 524.6111466425 1.0000 
180 13381 524.6111466425 1.0000 
185 13635 524.6111466425 1.0000 
190 13866 524.6111466425 1.0000 
195 14119 524.6111466425 1.0000 
200 14363 524.6111466425 1.0000 
205 14602 524.6111466425 1.0000 
210 14831 524.6111466425 1.0000 
215 15070 524.6111466425 1.0000 
220 15309 524.6111466425 1.0000 
225 15543 524.6111466425 1.0000 
230 15766 524.6111466425 1.0000 
235 15991 524.6111466425 1.0000 
240 16219 524.6111466425 1.0000 
245 16433 524.6111466425 1.0000 
250 16638 524.6111466425 1.0000 
255 16854 524.6111466425 1.0000 
260 17074 524.6111466425 1.0000 
265 17283 524.6111466425 1.0000 
270 17485 524.6111466425 1.0000 
275 17690 524.6111466425 1.0000 
280 17903 524.6111466425 1.0000 
285 18108 524.6111466425 1.0000 
290 18323 524.6111466425 1.0000 
295 18520 524.6111466425 1.0000 
300 18723 524.6111466425 1.0000 
