0 0 1096.7941520590 0.0000 
5 9 1034.6640944787 0.8073 
10 20 954.1899659126 0.8754 
15 38 926.9568958746 0.9011 
20 356 876.8987329448 0.9525 
25 742 869.8192905738 0.9603 
30 1127 869.8192905738 0.9603 
35 1511 862.2117992612 0.9687 
40 1898 862.2117992612 0.9687 
45 2277 862.2117992612 0.9687 
50 2602 860.4937931614 0.9707 
55 2980 860.4937931614 0.9707 
60 3368 860.4937931614 0.9707 
65 3726 860.4937931614 0.9707 
70 4050 860.4937931614 0.9707 
75 4375 860.4937931614 0.9707 
80 4695 860.4937931614 0.9707 
85 4985 860.4937931614 0.9707 
90 5277 860.4937931614 0.9707 
95 5576 860.4937931614 0.9707 
100 5839 860.4937931614 0.9707 
105 6108 860.4937931614 0.9707 
110 6376 860.4937931614 0.9707 
115 6636 860.4937931614 0.9707 
120 6883 860.4937931614 0.9707 
125 7126 860.4937931614 0.9707 
130 7377 860.4937931614 0.9707 
135 7615 860.4937931614 0.9707 
140 7843 860.4937931614 0.9707 
145 8079 860.4937931614 0.9707 
150 8313 860.4937931614 0.9707 
155 8545 860.4937931614 0.9707 
160 8761 860.4937931614 0.9707 
165 8961 860.4937931614 0.9707 
170 9165 860.4937931614 0.9707 
175 9377 860.4937931614 0.9707 
180 9600 860.4937931614 0.9707 
185 9810 860.4937931614 0.9707 
190 10013 860.4937931614 0.9707 
195 10208 860.4937931614 0.9707 
200 10412 860.4937931614 0.9707 
205 10607 860.4937931614 0.9707 
210 10792 860.4937931614 0.9707 
215 10970 860.4937931614 0.9707 
220 11151 860.4937931614 0.9707 
225 11347 860.4937931614 0.9707 
230 11527 860.4937931614 0.9707 
235 11718 860.4937931614 0.9707 
240 11892 860.4937931614 0.9707 
245 12070 860.4937931614 0.9707 
250 12235 860.4937931614 0.9707 
255 12405 860.4937931614 0.9707 
260 12585 860.4937931614 0.9707 
265 12739 860.4937931614 0.9707 
270 12897 860.4937931614 0.9707 
275 13050 860.4937931614 0.9707 
280 13197 860.4937931614 0.9707 
285 13347 860.4937931614 0.9707 
290 13510 860.4937931614 0.9707 
295 13673 860.4937931614 0.9707 
300 13830 860.4937931614 0.9707 
