0 0 1268.1292266319 0.0000 
5 4 1041.2432191500 0.7934 
10 8 957.1283901438 0.8631 
15 13 896.7657070897 0.9212 
20 18 871.5072868226 0.9479 
25 24 859.7171881893 0.9609 
30 31 855.6814941822 0.9655 
35 45 842.4240234442 0.9807 
40 191 835.8517667665 0.9884 
45 353 835.8517667665 0.9884 
50 515 835.4698027333 0.9888 
55 675 835.4698027333 0.9888 
60 836 835.4698027333 0.9888 
65 995 835.4698027333 0.9888 
70 1155 835.2103187514 0.9891 
75 1314 835.2103187514 0.9891 
80 1472 835.2103187514 0.9891 
85 1630 835.2103187514 0.9891 
90 1790 835.2103187514 0.9891 
95 1949 835.2103187514 0.9891 
100 2103 835.2103187514 0.9891 
105 2227 835.2103187514 0.9891 
110 2351 835.2103187514 0.9891 
115 2478 835.2103187514 0.9891 
120 2602 835.2103187514 0.9891 
125 2723 835.2103187514 0.9891 
130 2843 835.2103187514 0.9891 
135 2968 835.2103187514 0.9891 
140 3089 835.2103187514 0.9891 
145 3199 835.2103187514 0.9891 
150 3310 835.2103187514 0.9891 
155 3418 835.2103187514 0.9891 
160 3527 835.2103187514 0.9891 
165 3635 835.2103187514 0.9891 
170 3744 835.2103187514 0.9891 
175 3851 835.2103187514 0.9891 
180 3961 835.2103187514 0.9891 
185 4070 835.2103187514 0.9891 
190 4172 835.2103187514 0.9891 
195 4270 835.2103187514 0.9891 
200 4371 835.2103187514 0.9891 
205 4467 835.2103187514 0.9891 
210 4565 835.2103187514 0.9891 
215 4659 835.2103187514 0.9891 
220 4757 835.2103187514 0.9891 
225 4859 835.2103187514 0.9891 
230 4960 835.2103187514 0.9891 
235 5057 835.2103187514 0.9891 
240 5147 835.2103187514 0.9891 
245 5247 835.2103187514 0.9891 
250 5338 835.2103187514 0.9891 
255 5428 835.2103187514 0.9891 
260 5518 835.2103187514 0.9891 
265 5608 835.2103187514 0.9891 
270 5700 835.2103187514 0.9891 
275 5794 835.2103187514 0.9891 
280 5886 835.2103187514 0.9891 
285 5977 835.2103187514 0.9891 
290 6064 835.2103187514 0.9891 
295 6145 835.2103187514 0.9891 
300 6234 835.2103187514 0.9891 
