0 0 1641.3458790278 0.0000 
5 2 1641.3458790278 0.0000 
10 3 1559.1956436793 0.6596 
15 5 1343.1376038000 0.7657 
20 6 1313.4305003603 0.7830 
25 8 1257.7302560904 0.8177 
30 9 1236.7516054827 0.8315 
35 11 1220.6035946151 0.8426 
40 13 1205.2545467751 0.8533 
45 15 1175.9102562123 0.8746 
50 17 1165.6396597773 0.8823 
55 19 1142.0660818848 0.9005 
60 21 1142.0660818848 0.9005 
65 23 1140.6490645877 0.9016 
70 26 1131.3184751837 0.9090 
75 29 1125.4514288959 0.9138 
80 32 1123.0074347414 0.9158 
85 37 1117.4658127904 0.9203 
90 43 1099.6497285016 0.9352 
95 85 1076.3605884759 0.9555 
100 152 1074.8388539749 0.9568 
105 218 1070.8414045484 0.9604 
110 286 1062.7338901226 0.9677 
115 353 1061.0910122495 0.9692 
120 423 1057.2167719170 0.9728 
125 491 1057.2167719170 0.9728 
130 557 1057.2167719170 0.9728 
135 627 1057.2167719170 0.9728 
140 696 1057.2167719170 0.9728 
145 764 1057.2167719170 0.9728 
150 832 1057.2167719170 0.9728 
155 901 1057.2167719170 0.9728 
160 971 1057.2167719170 0.9728 
165 1038 1057.2167719170 0.9728 
170 1108 1055.7408353001 0.9741 
175 1178 1055.7408353001 0.9741 
180 1247 1055.7408353001 0.9741 
185 1316 1055.7408353001 0.9741 
190 1386 1055.7408353001 0.9741 
195 1454 1055.7408353001 0.9741 
200 1525 1055.7408353001 0.9741 
205 1594 1055.7408353001 0.9741 
210 1661 1055.7408353001 0.9741 
215 1729 1055.7408353001 0.9741 
220 1796 1055.7408353001 0.9741 
225 1865 1055.7408353001 0.9741 
230 1935 1055.7408353001 0.9741 
235 2003 1055.7408353001 0.9741 
240 2070 1055.7408353001 0.9741 
245 2131 1055.7408353001 0.9741 
250 2190 1055.7408353001 0.9741 
255 2253 1055.7408353001 0.9741 
260 2314 1055.7408353001 0.9741 
265 2373 1055.7408353001 0.9741 
270 2431 1055.7408353001 0.9741 
275 2490 1055.7408353001 0.9741 
280 2549 1055.7408353001 0.9741 
285 2609 1055.7408353001 0.9741 
290 2669 1055.7408353001 0.9741 
295 2728 1055.7408353001 0.9741 
300 2787 1055.7408353001 0.9741 
