0 0 2076.5407048784 0.0000 
5 1 2076.5407048784 0.0000 
10 2 2076.5407048784 0.0000 
20 3 2076.5407048784 0.0000 
25 4 2076.5407048784 0.0000 
30 5 2076.5407048784 0.0000 
40 6 1751.2608895095 0.7374 
45 7 1727.8377858518 0.7474 
50 8 1727.8377858518 0.7474 
55 9 1727.8377858518 0.7474 
65 10 1681.6048130731 0.7680 
70 11 1649.7084632125 0.7828 
75 12 1627.7244018205 0.7934 
80 13 1619.1413639004 0.7976 
85 14 1599.6000525099 0.8074 
90 15 1582.8319525322 0.8159 
95 16 1582.8319525322 0.8159 
100 17 1559.8109868773 0.8280 
105 18 1552.9275488282 0.8316 
110 19 1552.9275488282 0.8316 
115 20 1543.0354678879 0.8370 
120 21 1521.4091596106 0.8489 
125 22 1521.4091596106 0.8489 
130 23 1521.4091596106 0.8489 
135 25 1497.4873502110 0.8624 
140 26 1493.5384505538 0.8647 
145 27 1492.1793975184 0.8655 
150 29 1472.2358318544 0.8772 
155 31 1446.7699664892 0.8926 
160 32 1445.6199609040 0.8934 
165 34 1443.1339223838 0.8949 
170 36 1442.5715693762 0.8952 
175 39 1442.1105811662 0.8955 
180 42 1442.1105811662 0.8955 
185 48 1432.6995796908 0.9014 
190 82 1396.0616113382 0.9251 
195 119 1387.2754557265 0.9309 
200 153 1384.0128465374 0.9331 
205 190 1380.1467408163 0.9357 
210 223 1379.6906006710 0.9360 
215 256 1379.0359630487 0.9365 
220 290 1379.0262195156 0.9365 
225 324 1378.8589802885 0.9366 
230 359 1377.9663024128 0.9372 
235 394 1377.8065289826 0.9373 
240 428 1377.3717096907 0.9376 
245 464 1375.4116522876 0.9390 
250 497 1373.8019871400 0.9401 
255 533 1373.3259157936 0.9404 
260 566 1373.3259157936 0.9404 
265 599 1373.3259157936 0.9404 
270 631 1371.6630746140 0.9415 
275 665 1366.2351949604 0.9453 
280 697 1365.5310944504 0.9457 
285 730 1365.5119034982 0.9458 
290 764 1365.5119034982 0.9458 
295 796 1365.5119034982 0.9458 
300 829 1365.5119034982 0.9458 
