0 0 813.5077821781 0.0000 
5 23 562.2686163783 0.9878 
10 399 556.6791413260 0.9978 
15 1175 556.6791413260 0.9978 
20 1772 556.6791413260 0.9978 
25 2347 556.6791413260 0.9978 
30 2876 556.6791413260 0.9978 
35 3384 556.6791413260 0.9978 
40 3869 556.6791413260 0.9978 
45 4343 556.6791413260 0.9978 
50 4778 556.6791413260 0.9978 
55 5213 556.6791413260 0.9978 
60 5611 556.6791413260 0.9978 
65 6015 556.6791413260 0.9978 
70 6406 556.6791413260 0.9978 
75 6794 556.6791413260 0.9978 
80 7158 556.6791413260 0.9978 
85 7515 556.6791413260 0.9978 
90 7869 556.6791413260 0.9978 
95 8205 556.6791413260 0.9978 
100 8525 556.6791413260 0.9978 
105 8838 556.6791413260 0.9978 
110 9167 556.6791413260 0.9978 
115 9472 556.6791413260 0.9978 
120 9778 556.6791413260 0.9978 
125 10068 556.6791413260 0.9978 
130 10357 556.6791413260 0.9978 
135 10634 556.6791413260 0.9978 
140 10925 556.6791413260 0.9978 
145 11211 556.6791413260 0.9978 
150 11491 556.6791413260 0.9978 
155 11744 556.6791413260 0.9978 
160 12006 556.6791413260 0.9978 
165 12267 556.6791413260 0.9978 
170 12522 556.6791413260 0.9978 
175 12777 556.6791413260 0.9978 
180 13034 556.6791413260 0.9978 
185 13282 556.6791413260 0.9978 
190 13533 556.6791413260 0.9978 
195 13765 556.6791413260 0.9978 
200 14021 556.6791413260 0.9978 
205 14263 556.6791413260 0.9978 
210 14491 556.6791413260 0.9978 
215 14737 556.6791413260 0.9978 
220 14965 556.6791413260 0.9978 
225 15201 556.6791413260 0.9978 
230 15411 556.6791413260 0.9978 
235 15646 556.6791413260 0.9978 
240 15856 556.6791413260 0.9978 
245 16082 556.6791413260 0.9978 
250 16291 556.6791413260 0.9978 
255 16507 556.6791413260 0.9978 
260 16719 556.6791413260 0.9978 
265 16938 556.6791413260 0.9978 
270 17157 556.6791413260 0.9978 
275 17384 556.6791413260 0.9978 
280 17592 556.6791413260 0.9978 
285 17816 556.6791413260 0.9978 
290 18019 556.6791413260 0.9978 
295 18235 556.6791413260 0.9978 
300 18430 556.6791413260 0.9978 
