0 0 1071.5872500101 0.0000 
5 9 1071.5872500101 0.0000 
10 21 1071.5872500101 0.0000 
15 40 1071.5872500101 0.0000 
20 385 933.6038499056 0.9744 
25 770 916.4207014344 0.9926 
30 1162 916.4207014344 0.9926 
35 1552 916.0196781033 0.9931 
40 1937 916.0196781033 0.9931 
45 2304 916.0196781033 0.9931 
50 2680 915.3035809684 0.9939 
55 3069 915.0275330310 0.9942 
60 3457 915.0275330310 0.9942 
65 3841 915.0275330310 0.9942 
70 4181 915.0275330310 0.9942 
75 4510 915.0275330310 0.9942 
80 4842 915.0275330310 0.9942 
85 5148 915.0275330310 0.9942 
90 5437 915.0275330310 0.9942 
95 5733 915.0275330310 0.9942 
100 6019 915.0275330310 0.9942 
105 6291 915.0275330310 0.9942 
110 6565 915.0275330310 0.9942 
115 6837 915.0275330310 0.9942 
120 7092 915.0275330310 0.9942 
125 7339 915.0275330310 0.9942 
130 7588 915.0275330310 0.9942 
135 7825 915.0275330310 0.9942 
140 8060 915.0275330310 0.9942 
145 8290 915.0275330310 0.9942 
150 8526 915.0275330310 0.9942 
155 8747 915.0275330310 0.9942 
160 8973 915.0275330310 0.9942 
165 9187 915.0275330310 0.9942 
170 9396 915.0275330310 0.9942 
175 9613 915.0275330310 0.9942 
180 9831 915.0275330310 0.9942 
185 10016 915.0275330310 0.9942 
190 10221 915.0275330310 0.9942 
195 10419 915.0275330310 0.9942 
200 10614 915.0275330310 0.9942 
205 10811 915.0275330310 0.9942 
210 11003 915.0275330310 0.9942 
215 11183 915.0275330310 0.9942 
220 11365 915.0275330310 0.9942 
225 11549 915.0275330310 0.9942 
230 11735 915.0275330310 0.9942 
235 11922 915.0275330310 0.9942 
240 12114 915.0275330310 0.9942 
245 12287 915.0275330310 0.9942 
250 12463 915.0275330310 0.9942 
255 12633 915.0275330310 0.9942 
260 12815 915.0275330310 0.9942 
265 12986 915.0275330310 0.9942 
270 13158 915.0275330310 0.9942 
275 13335 915.0275330310 0.9942 
280 13495 915.0275330310 0.9942 
285 13654 915.0275330310 0.9942 
290 13832 915.0275330310 0.9942 
295 13985 915.0275330310 0.9942 
300 14139 915.0275330310 0.9942 
