0 0 1308.9791764010 0.0000 
5 4 1308.9791764010 0.0000 
10 8 1308.9791764010 0.0000 
15 13 956.5847948541 0.9052 
20 19 934.2122534834 0.9269 
25 25 907.1567259964 0.9546 
30 34 890.6368475567 0.9723 
35 77 880.7093075175 0.9832 
40 250 865.9445056376 1.0000 
45 420 865.9445056376 1.0000 
50 591 865.9445056376 1.0000 
55 761 865.9445056376 1.0000 
60 933 865.9445056376 1.0000 
65 1103 865.9445056376 1.0000 
70 1260 865.9445056376 1.0000 
75 1393 865.9445056376 1.0000 
80 1528 865.9445056376 1.0000 
85 1657 865.9445056376 1.0000 
90 1789 865.9445056376 1.0000 
95 1919 865.9445056376 1.0000 
100 2050 865.9445056376 1.0000 
105 2183 865.9445056376 1.0000 
110 2303 865.9445056376 1.0000 
115 2424 865.9445056376 1.0000 
120 2544 865.9445056376 1.0000 
125 2663 865.9445056376 1.0000 
130 2783 865.9445056376 1.0000 
135 2901 865.9445056376 1.0000 
140 3016 865.9445056376 1.0000 
145 3139 865.9445056376 1.0000 
150 3256 865.9445056376 1.0000 
155 3366 865.9445056376 1.0000 
160 3476 865.9445056376 1.0000 
165 3580 865.9445056376 1.0000 
170 3687 865.9445056376 1.0000 
175 3795 865.9445056376 1.0000 
180 3900 865.9445056376 1.0000 
185 4005 865.9445056376 1.0000 
190 4117 865.9445056376 1.0000 
195 4222 865.9445056376 1.0000 
200 4323 865.9445056376 1.0000 
205 4424 865.9445056376 1.0000 
210 4520 865.9445056376 1.0000 
215 4616 865.9445056376 1.0000 
220 4713 865.9445056376 1.0000 
225 4813 865.9445056376 1.0000 
230 4908 865.9445056376 1.0000 
235 5002 865.9445056376 1.0000 
240 5093 865.9445056376 1.0000 
245 5188 865.9445056376 1.0000 
250 5274 865.9445056376 1.0000 
255 5366 865.9445056376 1.0000 
260 5454 865.9445056376 1.0000 
265 5542 865.9445056376 1.0000 
270 5629 865.9445056376 1.0000 
275 5727 865.9445056376 1.0000 
280 5814 865.9445056376 1.0000 
285 5901 865.9445056376 1.0000 
290 5986 865.9445056376 1.0000 
295 6088 865.9445056376 1.0000 
300 6178 865.9445056376 1.0000 
