0 0 1756.6711407067 0.0000 
5 2 1756.6711407067 0.0000 
10 3 1756.6711407067 0.0000 
15 5 1756.6711407067 0.0000 
20 7 1756.6711407067 0.0000 
25 8 1756.6711407067 0.0000 
30 10 1756.6711407067 0.0000 
35 12 1756.6711407067 0.0000 
40 14 1756.6711407067 0.0000 
45 16 1386.3460156229 0.8386 
50 18 1361.1582294560 0.8541 
55 20 1336.3205374180 0.8700 
60 22 1336.3205374180 0.8700 
65 25 1309.1675675787 0.8880 
70 28 1305.5768357808 0.8904 
75 31 1269.5108338024 0.9157 
80 35 1261.3705722112 0.9217 
85 41 1260.4507000781 0.9223 
90 71 1242.0356799814 0.9360 
95 143 1224.1874212912 0.9497 
100 212 1222.3438836225 0.9511 
105 283 1221.8682702439 0.9515 
110 355 1220.3823354375 0.9526 
115 425 1220.3823354375 0.9526 
120 496 1220.3823354375 0.9526 
125 568 1220.3422379441 0.9526 
130 640 1220.1871986119 0.9528 
135 712 1220.1871986119 0.9528 
140 784 1220.1329631742 0.9528 
145 854 1219.0125702289 0.9537 
150 922 1219.0125702289 0.9537 
155 993 1219.0125702289 0.9537 
160 1064 1219.0125702289 0.9537 
165 1137 1219.0125702289 0.9537 
170 1209 1219.0125702289 0.9537 
175 1280 1218.6184652793 0.9540 
180 1352 1218.6184652793 0.9540 
185 1425 1218.6184652793 0.9540 
190 1495 1218.6184652793 0.9540 
195 1569 1218.6184652793 0.9540 
200 1638 1218.6184652793 0.9540 
205 1710 1218.6184652793 0.9540 
210 1782 1218.6184652793 0.9540 
215 1855 1218.6184652793 0.9540 
220 1928 1218.6184652793 0.9540 
225 2002 1218.6184652793 0.9540 
230 2075 1218.6184652793 0.9540 
235 2146 1218.6184652793 0.9540 
240 2220 1218.6184652793 0.9540 
245 2285 1218.6184652793 0.9540 
250 2347 1218.6184652793 0.9540 
255 2409 1218.6184652793 0.9540 
260 2470 1218.6184652793 0.9540 
265 2532 1218.6184652793 0.9540 
270 2599 1211.9018256871 0.9593 
275 2672 1211.9018256871 0.9593 
280 2746 1211.9018256871 0.9593 
285 2818 1211.9018256871 0.9593 
290 2889 1211.9018256871 0.9593 
295 2958 1211.9018256871 0.9593 
300 3029 1211.9018256871 0.9593 
