0 0 2042.6414152310 0.0000 
5 1 2042.6414152310 0.0000 
10 2 2042.6414152310 0.0000 
20 3 2042.6414152310 0.0000 
25 4 2042.6414152310 0.0000 
30 5 2042.6414152310 0.0000 
40 6 2042.6414152310 0.0000 
45 7 2042.6414152310 0.0000 
50 8 2042.6414152310 0.0000 
55 9 2042.6414152310 0.0000 
65 10 2042.6414152310 0.0000 
70 11 2042.6414152310 0.0000 
75 12 2042.6414152310 0.0000 
80 13 2042.6414152310 0.0000 
85 14 2042.6414152310 0.0000 
90 15 2042.6414152310 0.0000 
95 16 2042.6414152310 0.0000 
100 17 2042.6414152310 0.0000 
105 18 2042.6414152310 0.0000 
110 19 2042.6414152310 0.0000 
115 20 2042.6414152310 0.0000 
120 21 2042.6414152310 0.0000 
125 23 1692.9406041669 0.8245 
130 24 1692.9406041669 0.8245 
135 25 1692.9406041669 0.8245 
140 27 1639.0059012085 0.8516 
145 28 1639.0059012085 0.8516 
150 30 1631.0507501941 0.8558 
155 31 1630.8677483188 0.8559 
160 33 1607.7279802499 0.8682 
165 35 1607.7279802499 0.8682 
170 37 1607.7279802499 0.8682 
175 40 1607.7279802499 0.8682 
180 44 1607.7279802499 0.8682 
185 64 1607.7279802499 0.8682 
190 98 1607.7279802499 0.8682 
195 133 1607.7279802499 0.8682 
200 167 1536.6887441177 0.9083 
205 204 1529.7714979857 0.9125 
210 239 1520.8091222945 0.9178 
215 274 1513.6797744158 0.9222 
220 309 1512.6147106331 0.9228 
225 343 1510.7445695934 0.9239 
230 377 1506.1588206233 0.9268 
235 411 1506.1588206233 0.9268 
240 446 1504.8365273526 0.9276 
245 480 1502.2673156624 0.9292 
250 514 1500.7741441244 0.9301 
255 548 1500.7741441244 0.9301 
260 583 1500.7741441244 0.9301 
265 615 1500.7741441244 0.9301 
270 650 1500.7741441244 0.9301 
275 685 1500.7741441244 0.9301 
280 718 1500.7741441244 0.9301 
285 751 1498.5048572037 0.9315 
290 784 1497.4700140479 0.9321 
295 819 1497.3382895616 0.9322 
300 852 1495.4966757629 0.9334 
