0 0 1377.4657232069 0.0000 
5 3 1377.4657232069 0.0000 
10 5 1267.0298078365 0.8225 
15 7 1227.9766415681 0.8486 
20 10 1221.8814573705 0.8529 
25 13 1211.2535746165 0.8604 
30 16 1211.2535746165 0.8604 
35 19 1174.5451795660 0.8872 
40 23 1174.5451795660 0.8872 
45 27 1174.5451795660 0.8872 
50 32 1174.5451795660 0.8872 
55 39 1163.1829982711 0.8959 
60 97 1113.9412523300 0.9355 
65 207 1091.3659927979 0.9549 
70 320 1079.6456551125 0.9652 
75 431 1075.7975497666 0.9687 
80 542 1072.8055176233 0.9714 
85 654 1072.5306919433 0.9716 
90 765 1072.5306919433 0.9716 
95 877 1070.9943388994 0.9730 
100 986 1070.9943388994 0.9730 
105 1096 1070.9943388994 0.9730 
110 1206 1070.1847047137 0.9738 
115 1316 1069.8495644459 0.9741 
120 1425 1069.8495644459 0.9741 
125 1537 1068.8572485783 0.9750 
130 1645 1068.8572485783 0.9750 
135 1755 1067.7486938084 0.9760 
140 1862 1067.2940716740 0.9764 
145 1973 1065.6993204888 0.9779 
150 2080 1065.6993204888 0.9779 
155 2191 1065.6993204888 0.9779 
160 2301 1065.6993204888 0.9779 
165 2410 1065.6993204888 0.9779 
170 2519 1065.6993204888 0.9779 
175 2630 1065.6993204888 0.9779 
180 2739 1064.3876680841 0.9791 
185 2848 1064.3876680841 0.9791 
190 2959 1064.3876680841 0.9791 
195 3068 1064.3876680841 0.9791 
200 3176 1064.3876680841 0.9791 
205 3284 1064.3876680841 0.9791 
210 3394 1064.3876680841 0.9791 
215 3506 1064.3876680841 0.9791 
220 3616 1064.3876680841 0.9791 
225 3720 1064.3876680841 0.9791 
230 3818 1064.3876680841 0.9791 
235 3918 1062.2167753898 0.9811 
240 4027 1062.1048742267 0.9812 
245 4137 1062.1048742267 0.9812 
250 4246 1062.1048742267 0.9812 
255 4354 1062.1048742267 0.9812 
260 4464 1062.1048742267 0.9812 
265 4577 1062.1048742267 0.9812 
270 4689 1062.1048742267 0.9812 
275 4799 1062.1048742267 0.9812 
280 4909 1062.1048742267 0.9812 
285 5012 1062.1048742267 0.9812 
290 5120 1061.1101579274 0.9821 
295 5232 1058.7899451473 0.9842 
300 5344 1058.7899451473 0.9842 
