0 0 1045.5645883702 0.0000 
5 4 991.4146961410 0.8267 
10 9 925.2553194375 0.8858 
15 14 914.6593782773 0.8960 
20 20 880.9517425026 0.9303 
25 26 875.3594707617 0.9363 
30 36 869.2639034346 0.9428 
35 112 847.0213469105 0.9676 
40 278 847.0213469105 0.9676 
45 449 825.6486929660 0.9926 
50 626 825.6486929660 0.9926 
55 799 825.6486929660 0.9926 
60 970 825.6486929660 0.9926 
65 1142 825.6486929660 0.9926 
70 1318 825.6486929660 0.9926 
75 1494 825.3770366257 0.9930 
80 1663 825.3770366257 0.9930 
85 1837 825.3770366257 0.9930 
90 2013 825.3770366257 0.9930 
95 2189 825.3770366257 0.9930 
100 2368 825.3770366257 0.9930 
105 2527 824.7767082213 0.9937 
110 2704 824.7767082213 0.9937 
115 2880 824.7767082213 0.9937 
120 3055 824.7767082213 0.9937 
125 3229 824.7767082213 0.9937 
130 3408 824.7767082213 0.9937 
135 3568 824.7767082213 0.9937 
140 3707 824.7767082213 0.9937 
145 3853 824.7767082213 0.9937 
150 4002 824.7767082213 0.9937 
155 4147 824.7767082213 0.9937 
160 4292 824.7767082213 0.9937 
165 4436 824.7767082213 0.9937 
170 4572 824.7767082213 0.9937 
175 4710 824.7767082213 0.9937 
180 4844 824.7767082213 0.9937 
185 4971 824.7767082213 0.9937 
190 5107 824.7767082213 0.9937 
195 5240 824.7767082213 0.9937 
200 5371 824.7767082213 0.9937 
205 5502 824.7767082213 0.9937 
210 5625 824.7767082213 0.9937 
215 5742 824.7767082213 0.9937 
220 5866 824.7767082213 0.9937 
225 5986 824.7767082213 0.9937 
230 6102 824.7767082213 0.9937 
235 6221 824.7767082213 0.9937 
240 6341 824.7767082213 0.9937 
245 6461 824.7767082213 0.9937 
250 6575 824.7767082213 0.9937 
255 6688 824.7767082213 0.9937 
260 6796 824.7767082213 0.9937 
265 6914 824.7767082213 0.9937 
270 7030 824.7767082213 0.9937 
275 7142 824.7767082213 0.9937 
280 7246 824.7767082213 0.9937 
285 7349 824.7767082213 0.9937 
290 7453 824.7767082213 0.9937 
295 7557 824.7767082213 0.9937 
300 7659 824.7767082213 0.9937 
