0 0 1517.8823709011 0.0000 
5 3 1517.8823709011 0.0000 
10 6 1517.8823709011 0.0000 
15 9 1517.8823709011 0.0000 
20 12 1517.8823709011 0.0000 
25 15 1517.8823709011 0.0000 
30 19 1517.8823709011 0.0000 
35 23 1517.8823709011 0.0000 
40 28 1517.8823709011 0.0000 
45 35 1791.3568322908 0.8603 
50 49 1790.9988840803 0.8605 
55 174 1790.9988840803 0.8605 
60 301 1654.2845403719 0.9316 
65 426 1650.7917230233 0.9336 
70 551 1642.4836079671 0.9383 
75 676 1639.3343709139 0.9401 
80 800 1639.3343709139 0.9401 
85 923 1636.9175329704 0.9415 
90 1050 1635.8963247049 0.9421 
95 1177 1635.5420738801 0.9423 
100 1305 1628.4857885840 0.9464 
105 1434 1628.4857885840 0.9464 
110 1559 1628.4857885840 0.9464 
115 1688 1628.0302607535 0.9466 
120 1813 1626.7408959480 0.9474 
125 1943 1626.7408959480 0.9474 
130 2072 1610.1205323403 0.9572 
135 2200 1609.7021908428 0.9574 
140 2327 1609.7021908428 0.9574 
145 2458 1608.5142357866 0.9581 
150 2585 1608.5142357866 0.9581 
155 2712 1608.5142357866 0.9581 
160 2840 1608.5142357866 0.9581 
165 2969 1608.5142357866 0.9581 
170 3098 1608.3662796370 0.9582 
175 3224 1608.3662796370 0.9582 
180 3353 1607.9214623482 0.9585 
185 3481 1607.9214623482 0.9585 
190 3608 1607.6472481358 0.9586 
195 3735 1607.6472481358 0.9586 
200 3862 1607.6472481358 0.9586 
205 3989 1607.6472481358 0.9586 
210 4114 1607.6472481358 0.9586 
215 4241 1607.6472481358 0.9586 
220 4371 1607.6472481358 0.9586 
225 4500 1607.6472481358 0.9586 
230 4626 1607.6472481358 0.9586 
235 4741 1607.6472481358 0.9586 
240 4855 1607.6472481358 0.9586 
245 4974 1607.6472481358 0.9586 
250 5096 1607.6472481358 0.9586 
255 5209 1607.6472481358 0.9586 
260 5326 1607.6472481358 0.9586 
265 5442 1607.6472481358 0.9586 
270 5559 1607.6472481358 0.9586 
275 5667 1607.6472481358 0.9586 
280 5796 1606.8140321871 0.9591 
285 5923 1606.8140321871 0.9591 
290 6056 1606.8140321871 0.9591 
295 6181 1606.8140321871 0.9591 
300 6309 1606.8140321871 0.9591 
