0 0 1304.7635990699 0.0000 
5 5 971.7945992614 0.8915 
10 9 925.6353056799 0.9360 
15 14 919.2278248528 0.9425 
20 20 915.1096484607 0.9467 
25 28 911.0168125381 0.9510 
30 39 901.0455831142 0.9615 
35 163 894.0903304217 0.9690 
40 357 892.7394410623 0.9705 
45 543 892.7394410623 0.9705 
50 731 892.7394410623 0.9705 
55 923 892.7394410623 0.9705 
60 1113 892.7394410623 0.9705 
65 1298 892.7394410623 0.9705 
70 1489 892.4677847220 0.9708 
75 1680 892.4677847220 0.9708 
80 1874 892.4677847220 0.9708 
85 2065 892.4677847220 0.9708 
90 2259 881.9512276028 0.9823 
95 2448 881.7877119982 0.9825 
100 2636 881.7877119982 0.9825 
105 2822 881.7877119982 0.9825 
110 3010 881.7877119982 0.9825 
115 3200 881.7877119982 0.9825 
120 3390 880.2306041194 0.9843 
125 3581 880.2306041194 0.9843 
130 3775 880.2306041194 0.9843 
135 3967 880.2306041194 0.9843 
140 4162 880.2306041194 0.9843 
145 4348 880.2306041194 0.9843 
150 4514 880.2306041194 0.9843 
155 4679 880.2306041194 0.9843 
160 4842 880.2306041194 0.9843 
165 5006 880.2306041194 0.9843 
170 5171 880.2306041194 0.9843 
175 5338 880.2306041194 0.9843 
180 5491 880.2306041194 0.9843 
185 5642 880.2306041194 0.9843 
190 5791 880.2306041194 0.9843 
195 5943 880.2306041194 0.9843 
200 6093 880.2306041194 0.9843 
205 6252 880.0661336315 0.9844 
210 6447 880.0661336315 0.9844 
215 6641 880.0661336315 0.9844 
220 6832 880.0661336315 0.9844 
225 7025 880.0661336315 0.9844 
230 7214 880.0661336315 0.9844 
235 7399 879.1946752975 0.9854 
240 7592 878.5155960409 0.9862 
245 7790 878.5155960409 0.9862 
250 7984 878.5155960409 0.9862 
255 8179 878.5155960409 0.9862 
260 8374 878.5155960409 0.9862 
265 8566 878.5155960409 0.9862 
270 8742 878.5155960409 0.9862 
275 8912 878.5155960409 0.9862 
280 9089 878.5155960409 0.9862 
285 9258 878.5155960409 0.9862 
290 9427 878.5155960409 0.9862 
295 9597 878.5155960409 0.9862 
300 9750 878.5155960409 0.9862 
