0 0 2067.2769769665 0.0000 
5 3 2067.2769769665 0.0000 
10 7 2067.2769769665 0.0000 
15 11 1698.6971630261 0.7603 
20 15 1557.7480038888 0.8290 
25 19 1544.3657529386 0.8362 
30 23 1497.3559652530 0.8625 
35 27 1484.0825426160 0.8702 
40 31 1482.9957066665 0.8708 
45 36 1459.9170096904 0.8846 
50 40 1442.3640392000 0.8954 
55 45 1433.3689119207 0.9010 
60 49 1433.3689119207 0.9010 
65 54 1432.1230931043 0.9018 
70 59 1431.2811428653 0.9023 
75 64 1428.7700028877 0.9039 
80 69 1425.6068886199 0.9059 
85 74 1422.6059022633 0.9078 
90 80 1422.4875728654 0.9079 
95 85 1422.4875728654 0.9079 
100 91 1422.4875728654 0.9079 
105 97 1412.0193067738 0.9146 
110 104 1410.9057934628 0.9153 
115 111 1410.8723537148 0.9154 
120 117 1410.8723537148 0.9154 
125 125 1410.8723537148 0.9154 
130 133 1406.5858209972 0.9181 
135 141 1405.3817365301 0.9189 
140 150 1405.2729248042 0.9190 
145 160 1405.2729248042 0.9190 
150 171 1400.3707929470 0.9222 
155 184 1399.5069066831 0.9228 
160 201 1398.1667868001 0.9237 
165 226 1394.7837624888 0.9259 
170 255 1385.0681120572 0.9324 
175 284 1382.6803357769 0.9340 
180 314 1380.4603623887 0.9355 
185 344 1379.3439700534 0.9363 
190 374 1373.3226813565 0.9404 
195 403 1370.9503213459 0.9420 
200 432 1366.4381705094 0.9451 
205 462 1365.3825712588 0.9459 
210 491 1365.1939550427 0.9460 
215 520 1365.1939550427 0.9460 
220 549 1365.1939550427 0.9460 
225 578 1365.1939550427 0.9460 
230 608 1362.8066445561 0.9476 
235 638 1360.7568686570 0.9491 
240 666 1359.9838917220 0.9496 
245 694 1359.9838917220 0.9496 
250 723 1359.9838917220 0.9496 
255 753 1359.9838917220 0.9496 
260 782 1359.9838917220 0.9496 
265 810 1359.9838917220 0.9496 
270 839 1359.1618624226 0.9502 
275 868 1359.1618624226 0.9502 
280 897 1359.1618624226 0.9502 
285 925 1359.1618624226 0.9502 
290 955 1359.1535423350 0.9502 
295 984 1357.9055914664 0.9511 
300 1013 1357.5384286859 0.9513 
305 1043 1357.4500601704 0.9514 
310 1072 1357.4500601704 0.9514 
315 1103 1357.4500601704 0.9514 
320 1132 1353.5494402892 0.9541 
325 1161 1352.9432794697 0.9545 
330 1191 1352.9432794697 0.9545 
335 1219 1352.0456383704 0.9552 
340 1247 1352.0456383704 0.9552 
345 1277 1352.0456383704 0.9552 
350 1308 1351.6114094224 0.9555 
355 1335 1351.6114094224 0.9555 
360 1364 1351.6114094224 0.9555 
365 1391 1351.6114094224 0.9555 
370 1420 1351.6114094224 0.9555 
375 1450 1349.3365434426 0.9571 
380 1480 1349.3365434426 0.9571 
385 1511 1349.3365434426 0.9571 
390 1541 1347.6687001936 0.9583 
395 1570 1347.6687001936 0.9583 
400 1598 1347.6687001936 0.9583 
405 1626 1346.4090206826 0.9592 
410 1655 1346.3871711330 0.9592 
415 1683 1346.3871711330 0.9592 
420 1713 1345.9279906519 0.9595 
425 1742 1345.8437795915 0.9596 
430 1772 1345.8437795915 0.9596 
435 1801 1345.8437795915 0.9596 
440 1830 1345.8437795915 0.9596 
445 1860 1343.3655246143 0.9614 
450 1888 1341.3338517317 0.9628 
455 1918 1339.6967468770 0.9640 
460 1947 1338.6241375476 0.9648 
465 1977 1338.6241375476 0.9648 
470 2006 1331.3124283592 0.9701 
475 2034 1331.3124283592 0.9701 
480 2064 1331.3124283592 0.9701 
485 2092 1331.3124283592 0.9701 
490 2121 1329.4700095744 0.9714 
495 2150 1329.4700095744 0.9714 
500 2178 1329.4700095744 0.9714 
505 2207 1329.4700095744 0.9714 
510 2238 1329.4700095744 0.9714 
515 2267 1329.4700095744 0.9714 
520 2295 1329.4700095744 0.9714 
525 2325 1329.4700095744 0.9714 
530 2355 1329.4700095744 0.9714 
535 2385 1329.4700095744 0.9714 
540 2415 1329.4700095744 0.9714 
545 2444 1329.4700095744 0.9714 
550 2472 1329.4700095744 0.9714 
555 2500 1329.4700095744 0.9714 
560 2529 1329.4700095744 0.9714 
565 2558 1329.4700095744 0.9714 
570 2587 1329.4700095744 0.9714 
575 2615 1329.4700095744 0.9714 
580 2643 1329.4700095744 0.9714 
585 2670 1329.4700095744 0.9714 
590 2699 1329.4700095744 0.9714 
595 2729 1329.4700095744 0.9714 
600 2759 1329.4700095744 0.9714 
605 2789 1329.4700095744 0.9714 
610 2818 1329.4700095744 0.9714 
615 2848 1329.4700095744 0.9714 
620 2878 1329.4700095744 0.9714 
625 2908 1329.4700095744 0.9714 
630 2937 1329.4700095744 0.9714 
635 2967 1329.4700095744 0.9714 
640 2997 1329.4700095744 0.9714 
645 3026 1329.4700095744 0.9714 
650 3054 1329.4700095744 0.9714 
655 3085 1329.4700095744 0.9714 
660 3114 1329.4700095744 0.9714 
665 3143 1329.4700095744 0.9714 
670 3171 1329.4700095744 0.9714 
675 3199 1329.0464115087 0.9717 
680 3228 1329.0464115087 0.9717 
685 3256 1329.0464115087 0.9717 
690 3285 1329.0464115087 0.9717 
695 3313 1329.0464115087 0.9717 
700 3342 1329.0464115087 0.9717 
705 3370 1329.0464115087 0.9717 
710 3400 1329.0464115087 0.9717 
715 3430 1329.0464115087 0.9717 
720 3459 1329.0464115087 0.9717 
725 3489 1329.0464115087 0.9717 
730 3519 1329.0464115087 0.9717 
735 3547 1329.0464115087 0.9717 
740 3576 1329.0464115087 0.9717 
745 3605 1329.0464115087 0.9717 
750 3634 1329.0464115087 0.9717 
755 3662 1329.0464115087 0.9717 
760 3690 1329.0464115087 0.9717 
765 3719 1328.2117279812 0.9723 
770 3748 1328.2117279812 0.9723 
775 3778 1328.2117279812 0.9723 
780 3806 1328.2117279812 0.9723 
785 3835 1327.4808572276 0.9729 
790 3865 1327.4808572276 0.9729 
795 3894 1327.4808572276 0.9729 
800 3924 1327.4808572276 0.9729 
805 3953 1327.4808572276 0.9729 
810 3981 1327.4808572276 0.9729 
815 4010 1327.4808572276 0.9729 
820 4038 1327.4808572276 0.9729 
825 4067 1327.4808572276 0.9729 
830 4097 1327.4808572276 0.9729 
835 4125 1327.4808572276 0.9729 
840 4154 1327.4808572276 0.9729 
845 4183 1327.4808572276 0.9729 
850 4211 1327.4808572276 0.9729 
855 4240 1327.4808572276 0.9729 
860 4269 1327.4808572276 0.9729 
865 4298 1327.4808572276 0.9729 
870 4327 1327.4808572276 0.9729 
875 4355 1327.4808572276 0.9729 
880 4384 1327.4808572276 0.9729 
885 4414 1327.4808572276 0.9729 
890 4445 1327.4808572276 0.9729 
895 4474 1327.4808572276 0.9729 
900 4502 1327.4808572276 0.9729 
905 4531 1327.4808572276 0.9729 
910 4560 1327.4808572276 0.9729 
915 4588 1327.4808572276 0.9729 
920 4618 1327.4808572276 0.9729 
925 4648 1327.4808572276 0.9729 
930 4676 1327.4808572276 0.9729 
935 4705 1327.4808572276 0.9729 
940 4733 1327.4808572276 0.9729 
945 4762 1327.4808572276 0.9729 
950 4790 1327.4808572276 0.9729 
955 4819 1327.4808572276 0.9729 
960 4849 1327.4808572276 0.9729 
965 4879 1327.4808572276 0.9729 
970 4908 1327.4808572276 0.9729 
975 4938 1327.4808572276 0.9729 
980 4967 1327.4808572276 0.9729 
985 4996 1327.4808572276 0.9729 
990 5025 1327.4808572276 0.9729 
995 5053 1327.4808572276 0.9729 
1000 5084 1327.4808572276 0.9729 
1005 5113 1327.4808572276 0.9729 
1010 5141 1327.4808572276 0.9729 
1015 5170 1327.4808572276 0.9729 
1020 5199 1327.4808572276 0.9729 
1025 5228 1327.4808572276 0.9729 
1030 5257 1327.4808572276 0.9729 
1035 5285 1327.4808572276 0.9729 
1040 5313 1327.4808572276 0.9729 
1045 5341 1327.4808572276 0.9729 
1050 5369 1327.4808572276 0.9729 
1055 5397 1327.4808572276 0.9729 
1060 5425 1327.4808572276 0.9729 
1065 5453 1327.4808572276 0.9729 
1070 5482 1327.4808572276 0.9729 
1075 5510 1327.4808572276 0.9729 
1080 5537 1327.4808572276 0.9729 
1085 5565 1327.4808572276 0.9729 
1090 5593 1327.4808572276 0.9729 
1095 5621 1327.4808572276 0.9729 
1100 5648 1327.4808572276 0.9729 
1105 5677 1327.4808572276 0.9729 
1110 5706 1327.4808572276 0.9729 
1115 5735 1327.4808572276 0.9729 
1120 5762 1327.4808572276 0.9729 
1125 5791 1327.4808572276 0.9729 
1130 5820 1327.4808572276 0.9729 
1135 5848 1327.4808572276 0.9729 
1140 5877 1327.4808572276 0.9729 
1145 5907 1327.4808572276 0.9729 
1150 5937 1327.4808572276 0.9729 
1155 5965 1327.4808572276 0.9729 
1160 5994 1327.4808572276 0.9729 
1165 6024 1327.4808572276 0.9729 
1170 6052 1327.4808572276 0.9729 
1175 6080 1327.4808572276 0.9729 
1180 6110 1327.4808572276 0.9729 
1185 6138 1327.4808572276 0.9729 
1190 6167 1327.4808572276 0.9729 
1195 6197 1327.4808572276 0.9729 
1200 6227 1327.4808572276 0.9729 
1205 6257 1327.4808572276 0.9729 
1210 6286 1327.4808572276 0.9729 
1215 6316 1327.4808572276 0.9729 
1220 6346 1327.4808572276 0.9729 
1225 6375 1327.4808572276 0.9729 
1230 6404 1327.4808572276 0.9729 
1235 6432 1327.4808572276 0.9729 
1240 6460 1327.4808572276 0.9729 
1245 6490 1327.4808572276 0.9729 
1250 6519 1327.4808572276 0.9729 
1255 6548 1327.4808572276 0.9729 
1260 6577 1327.4808572276 0.9729 
1265 6604 1327.4808572276 0.9729 
1270 6633 1327.4808572276 0.9729 
1275 6661 1327.4808572276 0.9729 
1280 6690 1327.4808572276 0.9729 
1285 6718 1327.4808572276 0.9729 
1290 6747 1327.4808572276 0.9729 
1295 6775 1327.4808572276 0.9729 
1300 6805 1327.4808572276 0.9729 
1305 6834 1327.4808572276 0.9729 
1310 6864 1327.4808572276 0.9729 
1315 6893 1327.4808572276 0.9729 
1320 6922 1327.4808572276 0.9729 
1325 6949 1327.4808572276 0.9729 
1330 6978 1327.4808572276 0.9729 
1335 7007 1327.4808572276 0.9729 
1340 7036 1327.4808572276 0.9729 
1345 7064 1327.4808572276 0.9729 
1350 7092 1327.4808572276 0.9729 
1355 7122 1327.4808572276 0.9729 
1360 7150 1327.4808572276 0.9729 
1365 7179 1327.4808572276 0.9729 
1370 7207 1327.4808572276 0.9729 
1375 7236 1327.4808572276 0.9729 
1380 7265 1327.4808572276 0.9729 
1385 7293 1327.4808572276 0.9729 
1390 7322 1327.4808572276 0.9729 
1395 7350 1327.4808572276 0.9729 
1400 7377 1327.4808572276 0.9729 
1405 7406 1327.4808572276 0.9729 
1410 7434 1327.4808572276 0.9729 
1415 7461 1327.4808572276 0.9729 
1420 7488 1327.4808572276 0.9729 
1425 7517 1327.4808572276 0.9729 
1430 7544 1327.4808572276 0.9729 
1435 7570 1327.4808572276 0.9729 
1440 7597 1327.4808572276 0.9729 
1445 7623 1327.4808572276 0.9729 
1450 7651 1327.4808572276 0.9729 
1455 7679 1327.4808572276 0.9729 
1460 7707 1327.4808572276 0.9729 
1465 7735 1327.4808572276 0.9729 
1470 7763 1327.4808572276 0.9729 
1475 7792 1327.4808572276 0.9729 
1480 7819 1327.4808572276 0.9729 
1485 7838 1327.4808572276 0.9729 
1490 7859 1327.4808572276 0.9729 
1495 7883 1327.4808572276 0.9729 
1500 7910 1327.4808572276 0.9729 
1505 7939 1327.4808572276 0.9729 
1510 7965 1327.4808572276 0.9729 
1515 7993 1327.4808572276 0.9729 
1520 8022 1327.4808572276 0.9729 
1525 8047 1327.4808572276 0.9729 
1530 8077 1327.4808572276 0.9729 
1535 8103 1327.4808572276 0.9729 
1540 8132 1327.4808572276 0.9729 
1545 8162 1327.4808572276 0.9729 
1550 8192 1327.4808572276 0.9729 
1555 8221 1327.4808572276 0.9729 
1560 8249 1327.4808572276 0.9729 
1565 8278 1327.4808572276 0.9729 
1570 8307 1327.4808572276 0.9729 
1575 8337 1327.4808572276 0.9729 
1580 8356 1327.4808572276 0.9729 
1585 8378 1327.4808572276 0.9729 
1590 8404 1327.4808572276 0.9729 
1595 8431 1327.4808572276 0.9729 
1600 8458 1327.4808572276 0.9729 
1605 8486 1327.4808572276 0.9729 
1610 8515 1327.4808572276 0.9729 
1615 8543 1327.4808572276 0.9729 
1620 8571 1327.4808572276 0.9729 
1625 8598 1327.4808572276 0.9729 
1630 8625 1327.4808572276 0.9729 
1635 8654 1327.4808572276 0.9729 
1640 8682 1327.4808572276 0.9729 
1645 8709 1327.4808572276 0.9729 
1650 8737 1327.4808572276 0.9729 
1655 8766 1327.4808572276 0.9729 
1660 8792 1327.4808572276 0.9729 
1665 8820 1327.4808572276 0.9729 
1670 8846 1327.4808572276 0.9729 
1675 8874 1327.4808572276 0.9729 
1680 8901 1327.4808572276 0.9729 
1685 8925 1327.4808572276 0.9729 
1690 8951 1327.4808572276 0.9729 
1695 8979 1327.4808572276 0.9729 
1700 9008 1327.4808572276 0.9729 
1705 9036 1327.4808572276 0.9729 
1710 9064 1327.4808572276 0.9729 
1715 9093 1327.4808572276 0.9729 
1720 9123 1327.4808572276 0.9729 
1725 9151 1327.4808572276 0.9729 
1730 9180 1327.4808572276 0.9729 
1735 9208 1327.4808572276 0.9729 
1740 9236 1327.4808572276 0.9729 
1745 9263 1327.4808572276 0.9729 
1750 9292 1327.4808572276 0.9729 
1755 9319 1327.4808572276 0.9729 
1760 9346 1327.4808572276 0.9729 
1765 9374 1327.4808572276 0.9729 
1770 9402 1327.4808572276 0.9729 
1775 9430 1327.4808572276 0.9729 
1780 9458 1327.4808572276 0.9729 
1785 9486 1327.4808572276 0.9729 
1790 9514 1327.4808572276 0.9729 
1795 9542 1327.4808572276 0.9729 
1800 9570 1327.4808572276 0.9729 
