0 0 2204.6433397889 0.0000 
5 4 2204.6433397889 0.0000 
10 8 2204.6433397889 0.0000 
15 12 2204.6433397889 0.0000 
20 15 2204.6433397889 0.0000 
25 19 2204.6433397889 0.0000 
30 23 2204.6433397889 0.0000 
35 27 2204.6433397889 0.0000 
40 31 2204.6433397889 0.0000 
45 36 2204.6433397889 0.0000 
50 40 2204.6433397889 0.0000 
55 44 2204.6433397889 0.0000 
60 49 2204.6433397889 0.0000 
65 53 2204.6433397889 0.0000 
70 58 2204.6433397889 0.0000 
75 62 2204.6433397889 0.0000 
80 67 2204.6433397889 0.0000 
85 72 2204.6433397889 0.0000 
90 77 2204.6433397889 0.0000 
95 83 2204.6433397889 0.0000 
100 88 2204.6433397889 0.0000 
105 94 2204.6433397889 0.0000 
110 100 2204.6433397889 0.0000 
115 106 2204.6433397889 0.0000 
120 112 2204.6433397889 0.0000 
125 119 2204.6433397889 0.0000 
130 125 2204.6433397889 0.0000 
135 133 2204.6433397889 0.0000 
140 140 2204.6433397889 0.0000 
145 148 2204.6433397889 0.0000 
150 157 2204.6433397889 0.0000 
155 167 2204.6433397889 0.0000 
160 179 2204.6433397889 0.0000 
165 195 2204.6433397889 0.0000 
170 218 2204.6433397889 0.0000 
175 248 2204.6433397889 0.0000 
180 275 2204.6433397889 0.0000 
185 303 2204.6433397889 0.0000 
190 331 2204.6433397889 0.0000 
195 361 2204.6433397889 0.0000 
200 388 2204.6433397889 0.0000 
205 417 2204.6433397889 0.0000 
210 444 2204.6433397889 0.0000 
215 473 2204.6433397889 0.0000 
220 502 2204.6433397889 0.0000 
225 531 2204.6433397889 0.0000 
230 560 2204.6433397889 0.0000 
235 590 2204.6433397889 0.0000 
240 620 2204.6433397889 0.0000 
245 650 1471.0189495881 0.9489 
250 680 1471.0189495881 0.9489 
255 704 1471.0189495881 0.9489 
260 727 1470.9525400999 0.9489 
265 754 1470.9525400999 0.9489 
270 781 1469.0661687287 0.9502 
275 810 1465.6414971860 0.9524 
280 839 1463.0619447938 0.9541 
285 867 1462.4354041871 0.9545 
290 896 1461.1779316705 0.9553 
295 926 1461.1779316705 0.9553 
300 954 1460.2227777041 0.9559 
305 983 1453.5800027076 0.9603 
310 1013 1453.5800027076 0.9603 
315 1042 1451.9803498527 0.9613 
320 1071 1451.9207248496 0.9614 
325 1101 1447.8445697812 0.9641 
330 1131 1447.3784282539 0.9644 
335 1160 1445.2519565009 0.9658 
340 1191 1444.7840382385 0.9661 
345 1220 1444.7840382385 0.9661 
350 1249 1444.7840382385 0.9661 
355 1277 1444.7840382385 0.9661 
360 1303 1444.7840382385 0.9661 
365 1334 1444.7840382385 0.9661 
370 1364 1444.7840382385 0.9661 
375 1393 1444.7840382385 0.9661 
380 1421 1444.7840382385 0.9661 
385 1452 1444.3728129473 0.9664 
390 1479 1440.7015818736 0.9689 
395 1508 1439.2055169637 0.9699 
400 1537 1439.2055169637 0.9699 
405 1567 1438.3017142706 0.9705 
410 1597 1437.6102740968 0.9710 
415 1627 1437.6102740968 0.9710 
420 1657 1437.6102740968 0.9710 
425 1687 1437.6102740968 0.9710 
430 1715 1437.6102740968 0.9710 
435 1743 1437.6102740968 0.9710 
440 1773 1437.6102740968 0.9710 
445 1800 1437.6102740968 0.9710 
450 1830 1437.6102740968 0.9710 
455 1860 1437.6102740968 0.9710 
460 1890 1437.6102740968 0.9710 
465 1920 1437.6102740968 0.9710 
470 1951 1437.6102740968 0.9710 
475 1980 1437.6102740968 0.9710 
480 2009 1437.6102740968 0.9710 
485 2038 1437.6102740968 0.9710 
490 2066 1437.6102740968 0.9710 
495 2095 1437.6102740968 0.9710 
500 2125 1437.6102740968 0.9710 
505 2152 1437.6102740968 0.9710 
510 2183 1437.6102740968 0.9710 
515 2207 1437.6102740968 0.9710 
520 2231 1437.6102740968 0.9710 
525 2259 1437.6102740968 0.9710 
530 2289 1437.6102740968 0.9710 
535 2319 1437.6102740968 0.9710 
540 2348 1437.6102740968 0.9710 
545 2377 1437.6102740968 0.9710 
550 2406 1437.6102740968 0.9710 
555 2433 1437.6102740968 0.9710 
560 2460 1437.6102740968 0.9710 
565 2489 1437.6102740968 0.9710 
570 2518 1437.6102740968 0.9710 
575 2548 1437.6102740968 0.9710 
580 2578 1437.6102740968 0.9710 
585 2608 1437.6102740968 0.9710 
590 2639 1437.6102740968 0.9710 
595 2669 1437.6102740968 0.9710 
600 2698 1437.6102740968 0.9710 
605 2727 1437.6102740968 0.9710 
610 2757 1437.6102740968 0.9710 
615 2787 1437.6102740968 0.9710 
620 2816 1437.6102740968 0.9710 
625 2846 1437.6102740968 0.9710 
630 2874 1437.6102740968 0.9710 
635 2904 1437.6102740968 0.9710 
640 2932 1437.6102740968 0.9710 
645 2961 1437.6102740968 0.9710 
650 2991 1437.6102740968 0.9710 
655 3020 1437.6102740968 0.9710 
660 3047 1437.6102740968 0.9710 
665 3077 1437.6102740968 0.9710 
670 3107 1437.6102740968 0.9710 
675 3137 1437.6102740968 0.9710 
680 3166 1437.6102740968 0.9710 
685 3195 1437.6102740968 0.9710 
690 3224 1437.6102740968 0.9710 
695 3252 1437.6102740968 0.9710 
700 3279 1437.6102740968 0.9710 
705 3308 1437.6102740968 0.9710 
710 3336 1437.6102740968 0.9710 
715 3361 1437.6102740968 0.9710 
720 3389 1437.6102740968 0.9710 
725 3417 1437.6102740968 0.9710 
730 3447 1437.6102740968 0.9710 
735 3476 1437.6102740968 0.9710 
740 3506 1437.6102740968 0.9710 
745 3534 1437.6102740968 0.9710 
750 3562 1437.6102740968 0.9710 
755 3592 1437.6102740968 0.9710 
760 3621 1437.6102740968 0.9710 
765 3650 1437.6102740968 0.9710 
770 3679 1437.6102740968 0.9710 
775 3709 1437.6102740968 0.9710 
780 3735 1437.6102740968 0.9710 
785 3764 1437.6102740968 0.9710 
790 3791 1437.6102740968 0.9710 
795 3820 1437.6102740968 0.9710 
800 3848 1437.6102740968 0.9710 
805 3879 1437.6102740968 0.9710 
810 3907 1437.6102740968 0.9710 
815 3938 1437.6102740968 0.9710 
820 3966 1437.6102740968 0.9710 
825 3995 1437.6102740968 0.9710 
830 4026 1437.6102740968 0.9710 
835 4056 1437.6102740968 0.9710 
840 4085 1437.6102740968 0.9710 
845 4116 1437.6102740968 0.9710 
850 4145 1437.6102740968 0.9710 
855 4176 1437.6102740968 0.9710 
860 4206 1437.6102740968 0.9710 
865 4237 1437.6102740968 0.9710 
870 4265 1437.6102740968 0.9710 
875 4294 1437.6102740968 0.9710 
880 4323 1437.6102740968 0.9710 
885 4352 1437.6102740968 0.9710 
890 4382 1437.6102740968 0.9710 
895 4410 1437.6102740968 0.9710 
900 4438 1437.6102740968 0.9710 
905 4467 1437.6102740968 0.9710 
910 4493 1437.6102740968 0.9710 
915 4523 1437.6102740968 0.9710 
920 4553 1437.6102740968 0.9710 
925 4584 1437.6102740968 0.9710 
930 4614 1437.6102740968 0.9710 
935 4644 1437.6102740968 0.9710 
940 4675 1437.6102740968 0.9710 
945 4706 1437.6102740968 0.9710 
950 4737 1437.6102740968 0.9710 
955 4768 1437.6102740968 0.9710 
960 4798 1437.6102740968 0.9710 
965 4827 1437.6102740968 0.9710 
970 4855 1437.6102740968 0.9710 
975 4884 1437.6102740968 0.9710 
980 4914 1437.6102740968 0.9710 
985 4943 1437.6102740968 0.9710 
990 4969 1437.6102740968 0.9710 
995 4996 1437.6102740968 0.9710 
1000 5025 1437.6102740968 0.9710 
1005 5055 1437.6102740968 0.9710 
1010 5083 1437.6102740968 0.9710 
1015 5113 1437.6102740968 0.9710 
1020 5143 1437.6102740968 0.9710 
1025 5172 1437.6102740968 0.9710 
1030 5201 1437.6102740968 0.9710 
1035 5231 1437.6102740968 0.9710 
1040 5260 1437.6102740968 0.9710 
1045 5290 1437.6102740968 0.9710 
1050 5319 1437.6102740968 0.9710 
1055 5349 1437.6102740968 0.9710 
1060 5377 1437.6102740968 0.9710 
1065 5406 1437.6102740968 0.9710 
1070 5433 1437.6102740968 0.9710 
1075 5461 1437.6102740968 0.9710 
1080 5491 1437.6102740968 0.9710 
1085 5518 1437.6102740968 0.9710 
1090 5548 1437.6102740968 0.9710 
1095 5577 1437.6102740968 0.9710 
1100 5605 1437.6102740968 0.9710 
1105 5634 1437.6102740968 0.9710 
1110 5663 1437.6102740968 0.9710 
1115 5694 1437.6102740968 0.9710 
1120 5721 1437.6102740968 0.9710 
1125 5749 1437.6102740968 0.9710 
1130 5777 1437.6102740968 0.9710 
1135 5807 1437.6102740968 0.9710 
1140 5835 1437.6102740968 0.9710 
1145 5863 1437.6102740968 0.9710 
1150 5891 1437.6102740968 0.9710 
1155 5920 1437.6102740968 0.9710 
1160 5947 1437.6102740968 0.9710 
1165 5976 1437.6102740968 0.9710 
1170 6003 1437.6102740968 0.9710 
1175 6030 1437.6102740968 0.9710 
1180 6059 1437.6102740968 0.9710 
1185 6086 1437.6102740968 0.9710 
1190 6111 1437.6102740968 0.9710 
1195 6136 1437.6102740968 0.9710 
1200 6163 1437.6102740968 0.9710 
1205 6192 1437.6102740968 0.9710 
1210 6217 1437.6102740968 0.9710 
1215 6244 1437.6102740968 0.9710 
1220 6267 1437.6102740968 0.9710 
1225 6295 1437.6102740968 0.9710 
1230 6324 1437.6102740968 0.9710 
1235 6353 1437.6102740968 0.9710 
1240 6380 1437.6102740968 0.9710 
1245 6408 1437.6102740968 0.9710 
1250 6435 1437.6102740968 0.9710 
1255 6464 1437.6102740968 0.9710 
1260 6491 1437.6102740968 0.9710 
1265 6522 1437.6102740968 0.9710 
1270 6547 1437.6102740968 0.9710 
1275 6573 1437.6102740968 0.9710 
1280 6601 1437.6102740968 0.9710 
1285 6629 1437.6102740968 0.9710 
1290 6657 1437.6102740968 0.9710 
1295 6684 1437.6102740968 0.9710 
1300 6712 1437.6102740968 0.9710 
1305 6739 1437.6102740968 0.9710 
1310 6769 1437.6102740968 0.9710 
1315 6799 1437.6102740968 0.9710 
1320 6825 1437.6102740968 0.9710 
1325 6854 1437.6102740968 0.9710 
1330 6879 1437.6102740968 0.9710 
1335 6908 1437.6102740968 0.9710 
1340 6938 1437.6102740968 0.9710 
1345 6966 1437.6102740968 0.9710 
1350 6991 1437.6102740968 0.9710 
1355 7020 1437.6102740968 0.9710 
1360 7049 1437.6102740968 0.9710 
1365 7078 1437.6102740968 0.9710 
1370 7102 1437.6102740968 0.9710 
1375 7127 1437.6102740968 0.9710 
1380 7154 1437.6102740968 0.9710 
1385 7182 1437.6102740968 0.9710 
1390 7212 1437.6102740968 0.9710 
1395 7243 1437.6102740968 0.9710 
1400 7274 1437.6102740968 0.9710 
1405 7303 1437.6102740968 0.9710 
1410 7332 1437.6102740968 0.9710 
1415 7363 1437.6102740968 0.9710 
1420 7394 1437.6102740968 0.9710 
1425 7423 1437.6102740968 0.9710 
1430 7454 1437.6102740968 0.9710 
1435 7484 1437.6102740968 0.9710 
1440 7513 1437.6102740968 0.9710 
1445 7543 1437.6102740968 0.9710 
1450 7572 1437.6102740968 0.9710 
1455 7600 1437.6102740968 0.9710 
1460 7630 1437.6102740968 0.9710 
1465 7661 1437.6102740968 0.9710 
1470 7691 1437.6102740968 0.9710 
1475 7720 1437.6102740968 0.9710 
1480 7748 1437.6102740968 0.9710 
1485 7774 1437.6102740968 0.9710 
1490 7803 1437.6102740968 0.9710 
1495 7833 1437.6102740968 0.9710 
1500 7862 1437.6102740968 0.9710 
1505 7893 1437.6102740968 0.9710 
1510 7922 1437.6102740968 0.9710 
1515 7953 1437.6102740968 0.9710 
1520 7981 1437.6102740968 0.9710 
1525 8011 1437.6102740968 0.9710 
1530 8040 1437.6102740968 0.9710 
1535 8069 1437.6102740968 0.9710 
1540 8097 1437.6102740968 0.9710 
1545 8127 1437.6102740968 0.9710 
1550 8157 1437.6102740968 0.9710 
1555 8187 1437.6102740968 0.9710 
1560 8217 1437.6102740968 0.9710 
1565 8247 1437.6102740968 0.9710 
1570 8278 1437.6102740968 0.9710 
1575 8309 1437.6102740968 0.9710 
1580 8339 1437.6102740968 0.9710 
1585 8370 1437.6102740968 0.9710 
1590 8401 1437.6102740968 0.9710 
1595 8430 1437.6102740968 0.9710 
1600 8459 1437.6102740968 0.9710 
1605 8488 1437.6102740968 0.9710 
1610 8520 1437.6102740968 0.9710 
1615 8551 1437.6102740968 0.9710 
1620 8582 1437.6102740968 0.9710 
1625 8612 1437.6102740968 0.9710 
1630 8641 1437.6102740968 0.9710 
1635 8669 1437.6102740968 0.9710 
1640 8697 1437.6102740968 0.9710 
1645 8725 1437.6102740968 0.9710 
1650 8754 1437.6102740968 0.9710 
1655 8783 1437.6102740968 0.9710 
1660 8811 1437.6102740968 0.9710 
1665 8837 1437.6102740968 0.9710 
1670 8868 1437.6102740968 0.9710 
1675 8898 1437.6102740968 0.9710 
1680 8927 1437.6102740968 0.9710 
1685 8958 1437.6102740968 0.9710 
1690 8987 1437.6102740968 0.9710 
1695 9019 1437.6102740968 0.9710 
1700 9049 1437.6102740968 0.9710 
1705 9081 1437.6102740968 0.9710 
1710 9111 1437.6102740968 0.9710 
1715 9141 1437.6102740968 0.9710 
1720 9171 1437.6102740968 0.9710 
1725 9202 1437.6102740968 0.9710 
1730 9233 1437.6102740968 0.9710 
1735 9262 1437.6102740968 0.9710 
1740 9292 1437.6102740968 0.9710 
1745 9320 1437.6102740968 0.9710 
1750 9350 1437.6102740968 0.9710 
1755 9381 1437.6102740968 0.9710 
1760 9410 1437.6102740968 0.9710 
1765 9441 1437.6102740968 0.9710 
1770 9472 1437.6102740968 0.9710 
1775 9502 1437.6102740968 0.9710 
1780 9533 1437.6102740968 0.9710 
1785 9564 1437.6102740968 0.9710 
1790 9595 1437.6102740968 0.9710 
1795 9626 1437.6102740968 0.9710 
1800 9654 1437.6102740968 0.9710 
