0 0 1840.7816307828 0.0000 0 2037.0971029466 0.0000 0 1214.8693552683 0.0000 0 1621.3923930539 0.0000 0 2173.1794443863 0.0000 0 1445.8882389027 0.0000 0 1596.9793981953 0.0000
5 14 1164.9117870070 0.8828 12 1590.0296966592 0.8122 275 1214.8693552683 0.0000 24 1621.3923930539 0.0000 11 2173.1794443863 0.0000 44 1445.8882389027 0.0000 57 1596.9793981953 0.0000
10 33 1117.1351852227 0.9206 24 1567.3986581535 0.8239 565 1214.8693552683 0.0000 49 1271.3912673961 0.9144 22 2173.1794443863 0.0000 79 1445.8882389027 0.0000 118 1580.0136381591 0.9754
15 52 1088.5737813260 0.9447 33 1465.0066512385 0.8815 858 1214.8693552683 0.0000 75 1226.7654368614 0.9477 34 2173.1794443863 0.0000 116 1445.8882389027 0.0000 181 1570.6958038454 0.9812
20 77 1073.4853800378 0.9580 42 1434.7381328275 0.9001 1151 1214.8693552683 0.0000 139 1215.2713831749 0.9566 46 2173.1794443863 0.0000 234 1061.4349651459 0.9818 313 1569.7463933616 0.9818
25 103 1072.6029274336 0.9588 51 1420.6122002944 0.9091 1442 1214.8693552683 0.0000 210 1215.2713831749 0.9566 59 2173.1794443863 0.0000 362 1061.4349651459 0.9818 445 1566.0228476803 0.9841
30 130 1062.5958425921 0.9678 61 1409.9064709146 0.9160 1730 1214.8693552683 0.0000 282 1215.2713831749 0.9566 72 2173.1794443863 0.0000 502 1061.4349651459 0.9818 581 1565.8390357919 0.9842
35 183 1060.2887652313 0.9699 71 1405.8234392108 0.9186 2024 1214.8693552683 0.0000 380 1215.2713831749 0.9566 87 2173.1794443863 0.0000 639 1061.4349651459 0.9818 713 1565.8058961977 0.9842
40 239 1058.4428025371 0.9716 83 1404.7647246507 0.9193 2315 1214.8693552683 0.0000 482 1192.9654512715 0.9745 103 2173.1794443863 0.0000 781 1061.4349651459 0.9818 847 1565.5301540276 0.9844
45 295 1057.9714675989 0.9721 95 1403.4890310743 0.9202 2609 1214.8693552683 0.0000 583 1192.9654512715 0.9745 118 2173.1794443863 0.0000 917 1061.4349651459 0.9818 980 1565.2692019424 0.9846
50 385 1054.0650594243 0.9757 112 1401.3942393148 0.9215 2901 1214.8693552683 0.0000 680 1192.9654512715 0.9745 144 2173.1794443863 0.0000 1059 1061.4349651459 0.9818 1114 1564.8818036761 0.9848
55 474 1051.6202944996 0.9779 131 1399.0562326207 0.9231 3189 1214.8693552683 0.0000 777 1192.9654512715 0.9745 171 2173.1794443863 0.0000 1196 1061.4349651459 0.9818 1248 1564.8818036761 0.9848
60 565 1044.6705152465 0.9844 150 1398.0126549833 0.9238 3480 1214.8693552683 0.0000 875 1192.9654512715 0.9745 200 2173.1794443863 0.0000 1342 1061.4349651459 0.9818 1380 1564.1845049834 0.9853
65 656 1044.6705152465 0.9844 189 1397.9959076058 0.9238 3776 915.6357815177 0.9935 969 1180.5364891388 0.9848 245 2173.1794443863 0.0000 1484 1061.4349651459 0.9818 1513 1564.1845049834 0.9853
70 741 1044.6705152465 0.9844 236 1389.6304996589 0.9293 4068 915.6357815177 0.9935 1066 1180.4772445621 0.9848 291 2173.1794443863 0.0000 1630 1061.4349651459 0.9818 1646 1563.7225377415 0.9856
75 828 1044.6705152465 0.9844 286 1388.7015674708 0.9300 4362 915.6357815177 0.9935 1167 1180.4772445621 0.9848 338 2173.1794443863 0.0000 1768 1061.4349651459 0.9818 1779 1558.7355055613 0.9887
80 917 1044.6705152465 0.9844 333 1383.9178469205 0.9332 4651 915.6357815177 0.9935 1269 1180.4772445621 0.9848 384 2173.1794443863 0.0000 1913 1061.4349651459 0.9818 1912 1558.7355055613 0.9887
85 1008 1044.6705152465 0.9844 382 1373.5188448303 0.9402 4926 915.6357815177 0.9935 1370 1180.4772445621 0.9848 431 1500.5960347755 0.9302 2060 1061.4349651459 0.9818 2049 1558.7355055613 0.9887
90 1099 1044.6705152465 0.9844 427 1372.0314489335 0.9413 5225 915.6357815177 0.9935 1475 1180.4772445621 0.9848 480 1495.8951558640 0.9331 2205 1061.4349651459 0.9818 2181 1558.7355055613 0.9887
95 1188 1044.6705152465 0.9844 473 1369.1053007023 0.9433 5516 915.6357815177 0.9935 1576 1180.4772445621 0.9848 528 1493.2623431481 0.9348 2349 1061.4349651459 0.9818 2314 1558.7355055613 0.9887
100 1280 1044.6705152465 0.9844 518 1369.1053007023 0.9433 5813 915.6357815177 0.9935 1679 1180.4772445621 0.9848 573 1487.5958362923 0.9383 2495 1061.4349651459 0.9818 2447 1558.7355055613 0.9887
105 1370 1044.6705152465 0.9844 564 1369.1053007023 0.9433 6099 915.6357815177 0.9935 1786 1180.4772445621 0.9848 618 1484.5508410009 0.9403 2640 1061.4349651459 0.9818 2581 1558.7355055613 0.9887
110 1454 1044.6705152465 0.9844 612 1364.4426654339 0.9465 6395 915.6357815177 0.9935 1890 1180.4772445621 0.9848 662 1484.5508410009 0.9403 2788 1061.4349651459 0.9818 2716 1558.7355055613 0.9887
115 1526 1044.6705152465 0.9844 663 1362.1873664899 0.9481 6692 915.6357815177 0.9935 1993 1180.4772445621 0.9848 709 1484.5508410009 0.9403 2932 1061.4349651459 0.9818 2850 1558.7355055613 0.9887
120 1606 1044.6705152465 0.9844 713 1362.1873664899 0.9481 6991 915.6357815177 0.9935 2098 1180.4772445621 0.9848 755 1484.5508410009 0.9403 3080 1061.4349651459 0.9818 2984 1558.7355055613 0.9887
125 1695 1044.6705152465 0.9844 758 1362.1873664899 0.9481 7280 915.6357815177 0.9935 2200 1180.4772445621 0.9848 801 1484.5508410009 0.9403 3227 1061.4349651459 0.9818 3117 1558.7355055613 0.9887
130 1786 1044.6705152465 0.9844 806 1362.1873664899 0.9481 7575 915.6357815177 0.9935 2304 1180.4772445621 0.9848 845 1484.5508410009 0.9403 3374 1061.4349651459 0.9818 3249 1558.7355055613 0.9887
135 1874 1044.6705152465 0.9844 858 1361.0218297399 0.9489 7867 915.6357815177 0.9935 2403 1180.4772445621 0.9848 890 1484.5508410009 0.9403 3509 1055.2162531742 0.9876 3375 1558.7355055613 0.9887
140 1966 1044.6705152465 0.9844 906 1360.9730048491 0.9489 8163 915.6357815177 0.9935 2511 1180.4772445621 0.9848 934 1484.5508410009 0.9403 3644 1055.2162531742 0.9876 3509 1551.8040193610 0.9931
145 2053 1044.6705152465 0.9844 957 1360.9730048491 0.9489 8455 915.6357815177 0.9935 2615 1180.4772445621 0.9848 979 1484.5508410009 0.9403 3791 1055.2162531742 0.9876 3642 1551.7664125142 0.9932
150 2145 1044.2522718139 0.9848 1006 1360.9730048491 0.9489 8747 915.6357815177 0.9935 2720 1180.4772445621 0.9848 1018 1484.5508410009 0.9403 3937 1055.2162531742 0.9876 3776 1551.7664125142 0.9932
155 2235 1044.2522718139 0.9848 1054 1360.9730048491 0.9489 9045 915.6357815177 0.9935 2826 1180.4772445621 0.9848 1060 1484.5508410009 0.9403 4081 1055.2162531742 0.9876 3909 1551.7664125142 0.9932
160 2325 1044.2522718139 0.9848 1102 1360.9730048491 0.9489 9341 915.6357815177 0.9935 2931 1180.4772445621 0.9848 1107 1484.5508410009 0.9403 4230 1055.2162531742 0.9876 4040 1551.7664125142 0.9932
165 2414 1044.2522718139 0.9848 1151 1360.9730048491 0.9489 9639 915.6357815177 0.9935 3033 1180.4772445621 0.9848 1150 1484.5508410009 0.9403 4373 1055.2162531742 0.9876 4163 1551.7664125142 0.9932
170 2503 1043.7193955885 0.9853 1200 1360.9730048491 0.9489 9942 915.6357815177 0.9935 3136 1180.4772445621 0.9848 1198 1484.5508410009 0.9403 4518 1055.2162531742 0.9876 4292 1551.7664125142 0.9932
175 2591 1043.7193955885 0.9853 1250 1360.9730048491 0.9489 10247 915.6357815177 0.9935 3242 1180.4772445621 0.9848 1245 1484.5508410009 0.9403 4665 1055.2162531742 0.9876 4429 1551.7664125142 0.9932
180 2683 1043.7193955885 0.9853 1299 1360.9730048491 0.9489 10547 915.6357815177 0.9935 3346 1180.4772445621 0.9848 1294 1484.5508410009 0.9403 4813 1055.2162531742 0.9876 4560 1551.7664125142 0.9932
185 2773 1043.7193955885 0.9853 1349 1360.9730048491 0.9489 10850 915.6357815177 0.9935 3449 1180.4772445621 0.9848 1340 1484.5508410009 0.9403 4957 1055.2162531742 0.9876 4691 1551.7664125142 0.9932
190 2865 1043.7193955885 0.9853 1397 1360.9730048491 0.9489 11152 915.6357815177 0.9935 3550 1180.4772445621 0.9848 1386 1484.5508410009 0.9403 5107 1055.2162531742 0.9876 4822 1551.7664125142 0.9932
195 2952 1043.7193955885 0.9853 1447 1360.9730048491 0.9489 11461 915.6357815177 0.9935 3652 1180.4772445621 0.9848 1434 1484.5508410009 0.9403 5253 1055.2162531742 0.9876 4956 1551.7664125142 0.9932
200 3041 1043.7193955885 0.9853 1494 1360.9730048491 0.9489 11763 915.6357815177 0.9935 3756 1180.4772445621 0.9848 1484 1484.5508410009 0.9403 5401 1055.2162531742 0.9876 5088 1551.7664125142 0.9932
205 3131 1043.7193955885 0.9853 1543 1360.9730048491 0.9489 12064 915.6357815177 0.9935 3857 1180.4772445621 0.9848 1532 1484.5508410009 0.9403 5547 1055.2162531742 0.9876 5220 1551.7664125142 0.9932
210 3222 1043.7193955885 0.9853 1591 1360.4531199923 0.9493 12365 915.6357815177 0.9935 3959 1180.4772445621 0.9848 1577 1484.5508410009 0.9403 5696 1055.2162531742 0.9876 5351 1551.7664125142 0.9932
215 3299 1043.7193955885 0.9853 1639 1360.4531199923 0.9493 12665 915.6357815177 0.9935 4064 1180.4772445621 0.9848 1626 1484.5508410009 0.9403 5842 1055.2162531742 0.9876 5483 1551.7664125142 0.9932
220 3382 1043.7193955885 0.9853 1689 1360.4531199923 0.9493 12969 915.6357815177 0.9935 4167 1180.4772445621 0.9848 1674 1484.5508410009 0.9403 5986 1055.2162531742 0.9876 5615 1551.7664125142 0.9932
225 3454 1043.7193955885 0.9853 1734 1360.4531199923 0.9493 13275 915.6357815177 0.9935 4268 1180.4772445621 0.9848 1722 1484.5508410009 0.9403 6128 1055.2162531742 0.9876 5747 1551.7664125142 0.9932
230 3525 1043.7193955885 0.9853 1783 1360.4531199923 0.9493 13579 915.6357815177 0.9935 4369 1180.4772445621 0.9848 1771 1484.5508410009 0.9403 6275 1055.2162531742 0.9876 5879 1551.7664125142 0.9932
235 3585 1043.7193955885 0.9853 1828 1360.4531199923 0.9493 13885 915.6357815177 0.9935 4473 1180.4772445621 0.9848 1818 1484.5508410009 0.9403 6418 1055.2162531742 0.9876 6011 1551.7664125142 0.9932
240 3661 1043.7193955885 0.9853 1873 1360.4531199923 0.9493 14189 915.6357815177 0.9935 4577 1180.4772445621 0.9848 1867 1484.5508410009 0.9403 6562 1055.2162531742 0.9876 6143 1551.7664125142 0.9932
245 3747 1043.7193955885 0.9853 1918 1360.4531199923 0.9493 14490 915.6357815177 0.9935 4678 1180.4772445621 0.9848 1912 1484.5508410009 0.9403 6707 1055.2162531742 0.9876 6275 1551.7664125142 0.9932
250 3822 1043.7193955885 0.9853 1965 1360.4531199923 0.9493 14791 915.6357815177 0.9935 4778 1171.2533670906 0.9926 1959 1484.5508410009 0.9403 6853 1055.2162531742 0.9876 6404 1551.7664125142 0.9932
255 3906 1043.7193955885 0.9853 2013 1360.4531199923 0.9493 15098 915.6357815177 0.9935 4882 1171.2533670906 0.9926 2005 1484.5508410009 0.9403 6996 1055.2162531742 0.9876 6539 1551.7664125142 0.9932
260 3980 1043.7193955885 0.9853 2053 1360.4531199923 0.9493 15402 915.6357815177 0.9935 4986 1171.2533670906 0.9926 2051 1484.5508410009 0.9403 7141 1055.2162531742 0.9876 6673 1551.7664125142 0.9932
265 4054 1043.7193955885 0.9853 2098 1360.4531199923 0.9493 15702 915.6357815177 0.9935 5087 1171.2533670906 0.9926 2099 1484.5508410009 0.9403 7288 1055.2162531742 0.9876 6806 1551.7664125142 0.9932
270 4129 1043.7193955885 0.9853 2143 1360.4531199923 0.9493 16010 915.6357815177 0.9935 5189 1171.2533670906 0.9926 2148 1484.5508410009 0.9403 7435 1055.2162531742 0.9876 6937 1551.7664125142 0.9932
275 4205 1043.7193955885 0.9853 2189 1360.4531199923 0.9493 16322 915.6357815177 0.9935 5291 1171.2533670906 0.9926 2197 1484.5508410009 0.9403 7578 1055.2162531742 0.9876 7068 1551.7664125142 0.9932
280 4285 1043.7193955885 0.9853 2233 1360.4531199923 0.9493 16629 915.6357815177 0.9935 5392 1171.2533670906 0.9926 2244 1484.5508410009 0.9403 7725 1055.2162531742 0.9876 7199 1551.7664125142 0.9932
285 4357 1043.7193955885 0.9853 2281 1360.4531199923 0.9493 16935 915.6357815177 0.9935 5494 1171.2533670906 0.9926 2292 1484.5508410009 0.9403 7867 1055.2162531742 0.9876 7332 1551.7664125142 0.9932
290 4437 1043.7193955885 0.9853 2327 1357.7949575927 0.9511 17240 912.4747474015 0.9969 5594 1171.2533670906 0.9926 2341 1484.5508410009 0.9403 8012 1055.2162531742 0.9876 7466 1551.7664125142 0.9932
295 4529 1043.7193955885 0.9853 2373 1355.8074601434 0.9525 17544 912.4747474015 0.9969 5694 1171.2533670906 0.9926 2388 1484.5508410009 0.9403 8153 1055.2162531742 0.9876 7587 1551.7664125142 0.9932
300 4617 1043.7193955885 0.9853 2420 1355.7798796239 0.9526 17851 912.4747474015 0.9969 5796 1171.2533670906 0.9926 2436 1484.5508410009 0.9403 8298 1055.2162531742 0.9876 7717 1551.7664125142 0.9932
305 4707 1043.7193955885 0.9853 2461 1352.7968018482 0.9547 18151 912.4747474015 0.9969 5900 1171.2533670906 0.9926 2484 1484.5508410009 0.9403 8440 1055.2162531742 0.9876 7850 1551.7664125142 0.9932
310 4796 1043.7193955885 0.9853 2508 1352.5290453737 0.9548 18456 912.4747474015 0.9969 6001 1171.2533670906 0.9926 2533 1484.5508410009 0.9403 8583 1055.2162531742 0.9876 7981 1551.7664125142 0.9932
315 4876 1043.7193955885 0.9853 2557 1352.5170384688 0.9548 18765 912.4747474015 0.9969 6103 1171.2533670906 0.9926 2582 1484.5508410009 0.9403 8726 1055.2162531742 0.9876 8118 1551.7664125142 0.9932
320 4949 1043.7193955885 0.9853 2604 1352.5170384688 0.9548 19072 912.4747474015 0.9969 6201 1171.2533670906 0.9926 2630 1484.5508410009 0.9403 8867 1055.2162531742 0.9876 8251 1551.7664125142 0.9932
325 5022 1043.7193955885 0.9853 2653 1352.5170384688 0.9548 19373 912.4747474015 0.9969 6296 1171.2533670906 0.9926 2678 1484.5508410009 0.9403 9010 1055.2162531742 0.9876 8381 1551.7664125142 0.9932
330 5090 1043.7193955885 0.9853 2701 1352.5170384688 0.9548 19681 912.4747474015 0.9969 6393 1171.2533670906 0.9926 2725 1484.5508410009 0.9403 9151 1055.2162531742 0.9876 8510 1551.7664125142 0.9932
335 5168 1043.7193955885 0.9853 2749 1352.5170384688 0.9548 19981 912.4747474015 0.9969 6490 1171.2533670906 0.9926 2773 1484.5508410009 0.9403 9290 1055.2162531742 0.9876 8642 1551.7664125142 0.9932
340 5259 1043.7193955885 0.9853 2794 1352.5170384688 0.9548 20289 912.4747474015 0.9969 6592 1171.2533670906 0.9926 2822 1484.5508410009 0.9403 9433 1055.2162531742 0.9876 8778 1551.7664125142 0.9932
345 5349 1043.7193955885 0.9853 2841 1352.5170384688 0.9548 20587 912.4747474015 0.9969 6686 1171.2533670906 0.9926 2870 1484.5508410009 0.9403 9574 1055.2162531742 0.9876 8912 1551.7664125142 0.9932
350 5440 1043.7193955885 0.9853 2885 1352.5170384688 0.9548 20889 912.4747474015 0.9969 6785 1171.2533670906 0.9926 2918 1484.5508410009 0.9403 9717 1055.2162531742 0.9876 9046 1551.7664125142 0.9932
355 5529 1043.7193955885 0.9853 2923 1352.5170384688 0.9548 21187 912.4747474015 0.9969 6887 1171.2533670906 0.9926 2967 1484.5508410009 0.9403 9863 1055.2162531742 0.9876 9182 1551.7664125142 0.9932
360 5618 1043.7193955885 0.9853 2970 1352.5170384688 0.9548 21484 912.4747474015 0.9969 6989 1171.2533670906 0.9926 3017 1484.5508410009 0.9403 10008 1055.2162531742 0.9876 9316 1551.7664125142 0.9932
365 5708 1042.8845880370 0.9861 3015 1352.5170384688 0.9548 21782 912.4747474015 0.9969 7093 1171.2533670906 0.9926 3065 1484.5508410009 0.9403 10144 1055.2162531742 0.9876 9450 1551.7664125142 0.9932
370 5799 1042.8845880370 0.9861 3056 1352.5170384688 0.9548 22086 912.4747474015 0.9969 7194 1171.2533670906 0.9926 3112 1484.5508410009 0.9403 10287 1055.2162531742 0.9876 9586 1551.7664125142 0.9932
375 5889 1042.8845880370 0.9861 3101 1352.5170384688 0.9548 22391 912.4747474015 0.9969 7297 1171.2533670906 0.9926 3160 1484.5508410009 0.9403 10429 1055.2162531742 0.9876 9713 1551.7664125142 0.9932
380 5979 1042.8845880370 0.9861 3147 1352.5170384688 0.9548 22685 912.4747474015 0.9969 7395 1171.2533670906 0.9926 3207 1484.5508410009 0.9403 10573 1055.2162531742 0.9876 9846 1551.7664125142 0.9932
385 6070 1042.8845880370 0.9861 3195 1352.5170384688 0.9548 22974 912.4747474015 0.9969 7497 1171.2533670906 0.9926 3253 1484.5508410009 0.9403 10716 1055.2162531742 0.9876 9982 1551.7664125142 0.9932
390 6162 1042.8845880370 0.9861 3237 1352.5170384688 0.9548 23277 912.4747474015 0.9969 7601 1171.2533670906 0.9926 3301 1484.5508410009 0.9403 10859 1055.2162531742 0.9876 10118 1551.7664125142 0.9932
395 6253 1042.8845880370 0.9861 3278 1352.5170384688 0.9548 23576 912.4747474015 0.9969 7700 1171.2533670906 0.9926 3352 1484.5508410009 0.9403 11000 1055.2162531742 0.9876 10251 1551.7664125142 0.9932
400 6345 1042.8845880370 0.9861 3326 1352.5170384688 0.9548 23880 912.4747474015 0.9969 7800 1171.2533670906 0.9926 3400 1484.5508410009 0.9403 11141 1055.2162531742 0.9876 10384 1551.7664125142 0.9932
405 6436 1042.8845880370 0.9861 3373 1352.5170384688 0.9548 24178 912.4747474015 0.9969 7902 1171.2533670906 0.9926 3449 1484.5508410009 0.9403 11280 1055.2162531742 0.9876 10520 1551.7664125142 0.9932
410 6528 1042.8845880370 0.9861 3421 1352.5170384688 0.9548 24480 912.4747474015 0.9969 7997 1171.2533670906 0.9926 3498 1484.5508410009 0.9403 11422 1055.2162531742 0.9876 10655 1551.7664125142 0.9932
415 6621 1042.8845880370 0.9861 3468 1352.5170384688 0.9548 24776 912.4747474015 0.9969 8095 1171.2533670906 0.9926 3546 1484.5508410009 0.9403 11555 1055.2162531742 0.9876 10792 1551.7664125142 0.9932
420 6709 1042.8845880370 0.9861 3515 1352.5170384688 0.9548 25076 912.4747474015 0.9969 8189 1171.2533670906 0.9926 3594 1484.5508410009 0.9403 11664 1055.2162531742 0.9876 10929 1551.7664125142 0.9932
425 6801 1042.8845880370 0.9861 3563 1352.5170384688 0.9548 25373 912.4747474015 0.9969 8282 1171.2533670906 0.9926 3642 1484.5508410009 0.9403 11792 1055.2162531742 0.9876 11065 1551.7664125142 0.9932
430 6891 1042.8845880370 0.9861 3610 1352.5170384688 0.9548 25671 912.4747474015 0.9969 8375 1171.2533670906 0.9926 3691 1484.5508410009 0.9403 11931 1055.2162531742 0.9876 11199 1551.7664125142 0.9932
435 6983 1042.8845880370 0.9861 3657 1352.5170384688 0.9548 25971 912.4747474015 0.9969 8473 1171.2533670906 0.9926 3740 1484.5508410009 0.9403 12066 1055.2162531742 0.9876 11333 1551.7664125142 0.9932
440 7075 1042.8845880370 0.9861 3703 1352.5170384688 0.9548 26267 912.4747474015 0.9969 8571 1171.2533670906 0.9926 3789 1484.5508410009 0.9403 12201 1055.2162531742 0.9876 11466 1551.7664125142 0.9932
445 7165 1042.8845880370 0.9861 3748 1352.5170384688 0.9548 26565 912.4747474015 0.9969 8668 1171.2533670906 0.9926 3838 1484.5508410009 0.9403 12343 1055.2162531742 0.9876 11599 1551.7664125142 0.9932
450 7257 1042.8845880370 0.9861 3796 1352.5170384688 0.9548 26867 912.4747474015 0.9969 8761 1171.2533670906 0.9926 3886 1484.5508410009 0.9403 12484 1055.2162531742 0.9876 11732 1551.7664125142 0.9932
455 7347 1042.8845880370 0.9861 3842 1352.5170384688 0.9548 27165 912.4747474015 0.9969 8853 1171.2533670906 0.9926 3934 1484.5508410009 0.9403 12625 1055.2162531742 0.9876 11865 1551.7664125142 0.9932
460 7440 1039.4569047231 0.9894 3891 1352.5170384688 0.9548 27470 912.4747474015 0.9969 8951 1171.2533670906 0.9926 3980 1484.5508410009 0.9403 12764 1055.2162531742 0.9876 11993 1551.7664125142 0.9932
465 7532 1039.4569047231 0.9894 3940 1352.5170384688 0.9548 27765 912.4747474015 0.9969 9053 1171.2533670906 0.9926 4025 1484.5508410009 0.9403 12898 1055.2162531742 0.9876 12127 1551.7664125142 0.9932
470 7623 1039.4569047231 0.9894 3987 1352.5170384688 0.9548 28071 912.4747474015 0.9969 9155 1171.2533670906 0.9926 4073 1484.5508410009 0.9403 13040 1055.2162531742 0.9876 12258 1551.7664125142 0.9932
475 7716 1039.4569047231 0.9894 4034 1352.5170384688 0.9548 28370 912.4747474015 0.9969 9254 1171.2533670906 0.9926 4121 1484.5508410009 0.9403 13174 1055.2162531742 0.9876 12391 1551.7664125142 0.9932
480 7807 1039.4569047231 0.9894 4080 1352.5170384688 0.9548 28668 912.4747474015 0.9969 9354 1171.2533670906 0.9926 4169 1484.5508410009 0.9403 13314 1055.2162531742 0.9876 12521 1551.7664125142 0.9932
485 7902 1039.4569047231 0.9894 4126 1352.5170384688 0.9548 28970 912.4747474015 0.9969 9453 1171.2533670906 0.9926 4218 1484.5508410009 0.9403 13455 1055.2162531742 0.9876 12651 1551.7664125142 0.9932
490 7995 1039.4569047231 0.9894 4175 1352.5170384688 0.9548 29270 912.4747474015 0.9969 9553 1171.2533670906 0.9926 4265 1484.5508410009 0.9403 13597 1055.2162531742 0.9876 12782 1551.7664125142 0.9932
495 8087 1039.4569047231 0.9894 4220 1352.5170384688 0.9548 29568 912.4747474015 0.9969 9655 1171.2533670906 0.9926 4314 1484.5508410009 0.9403 13733 1055.2162531742 0.9876 12916 1551.7664125142 0.9932
500 8179 1039.4569047231 0.9894 4269 1351.8236626725 0.9553 29870 912.4747474015 0.9969 9756 1171.2533670906 0.9926 4362 1484.5508410009 0.9403 13872 1055.2162531742 0.9876 13051 1551.7664125142 0.9932
505 8271 1039.4569047231 0.9894 4317 1351.5810219854 0.9555 30172 912.4747474015 0.9969 9856 1171.2533670906 0.9926 4411 1484.5508410009 0.9403 14010 1055.2162531742 0.9876 13183 1551.7664125142 0.9932
510 8364 1039.4569047231 0.9894 4364 1351.5810219854 0.9555 30475 912.4747474015 0.9969 9950 1171.2533670906 0.9926 4457 1484.5508410009 0.9403 14151 1055.2162531742 0.9876 13315 1551.7664125142 0.9932
515 8455 1039.4569047231 0.9894 4410 1351.5810219854 0.9555 30773 912.4747474015 0.9969 10046 1171.2533670906 0.9926 4503 1484.5508410009 0.9403 14286 1055.2162531742 0.9876 13447 1551.7664125142 0.9932
520 8549 1039.4569047231 0.9894 4456 1351.5810219854 0.9555 31074 912.4747474015 0.9969 10143 1171.2533670906 0.9926 4550 1484.5508410009 0.9403 14429 1055.2162531742 0.9876 13579 1551.3825641857 0.9934
525 8640 1039.4569047231 0.9894 4504 1351.5810219854 0.9555 31377 912.4747474015 0.9969 10236 1171.2533670906 0.9926 4596 1484.5508410009 0.9403 14568 1055.2162531742 0.9876 13714 1551.0172476581 0.9936
530 8734 1039.4569047231 0.9894 4551 1351.5810219854 0.9555 31681 912.4747474015 0.9969 10339 1171.2533670906 0.9926 4645 1484.5508410009 0.9403 14709 1055.2162531742 0.9876 13844 1551.0172476581 0.9936
535 8828 1039.4569047231 0.9894 4598 1351.5810219854 0.9555 31980 912.4747474015 0.9969 10439 1171.2533670906 0.9926 4693 1484.5508410009 0.9403 14844 1055.2162531742 0.9876 13979 1551.0172476581 0.9936
540 8920 1039.4569047231 0.9894 4641 1351.5810219854 0.9555 32279 912.4747474015 0.9969 10540 1171.2533670906 0.9926 4740 1484.5508410009 0.9403 14984 1055.2162531742 0.9876 14111 1551.0172476581 0.9936
545 9010 1039.4569047231 0.9894 4679 1351.5810219854 0.9555 32581 912.4747474015 0.9969 10640 1171.2533670906 0.9926 4789 1484.5508410009 0.9403 15122 1055.2162531742 0.9876 14245 1551.0172476581 0.9936
550 9100 1039.4569047231 0.9894 4721 1351.5810219854 0.9555 32879 912.4747474015 0.9969 10739 1171.2533670906 0.9926 4836 1484.5508410009 0.9403 15259 1055.2162531742 0.9876 14378 1551.0172476581 0.9936
555 9192 1039.4569047231 0.9894 4768 1351.5810219854 0.9555 33178 912.4747474015 0.9969 10830 1171.2533670906 0.9926 4884 1484.5508410009 0.9403 15391 1055.2162531742 0.9876 14515 1551.0172476581 0.9936
560 9283 1039.4569047231 0.9894 4812 1351.5810219854 0.9555 33478 912.4747474015 0.9969 10900 1171.2533670906 0.9926 4932 1484.5508410009 0.9403 15524 1055.2162531742 0.9876 14645 1551.0172476581 0.9936
565 9374 1039.4569047231 0.9894 4857 1351.5810219854 0.9555 33783 912.4747474015 0.9969 10988 1171.2533670906 0.9926 4980 1484.5508410009 0.9403 15662 1055.2162531742 0.9876 14779 1551.0172476581 0.9936
570 9464 1039.4569047231 0.9894 4902 1351.5810219854 0.9555 34085 912.4747474015 0.9969 11065 1171.2533670906 0.9926 5029 1484.5508410009 0.9403 15798 1055.2162531742 0.9876 14911 1551.0172476581 0.9936
575 9554 1039.4569047231 0.9894 4946 1351.5810219854 0.9555 34379 912.4747474015 0.9969 11151 1171.2533670906 0.9926 5079 1484.5508410009 0.9403 15928 1055.2162531742 0.9876 15042 1551.0172476581 0.9936
580 9646 1038.8773025198 0.9899 4989 1351.5810219854 0.9555 34679 912.4747474015 0.9969 11239 1171.2533670906 0.9926 5128 1484.5508410009 0.9403 16069 1055.2162531742 0.9876 15175 1551.0172476581 0.9936
585 9738 1038.8773025198 0.9899 5037 1351.5810219854 0.9555 34980 912.4747474015 0.9969 11323 1171.2533670906 0.9926 5176 1484.5508410009 0.9403 16199 1055.2162531742 0.9876 15307 1551.0172476581 0.9936
590 9830 1038.8773025198 0.9899 5081 1351.5810219854 0.9555 35274 912.4747474015 0.9969 11410 1171.2533670906 0.9926 5223 1484.5508410009 0.9403 16336 1055.2162531742 0.9876 15440 1551.0172476581 0.9936
595 9919 1038.8773025198 0.9899 5130 1351.5810219854 0.9555 35580 912.4747474015 0.9969 11495 1171.2533670906 0.9926 5272 1484.5508410009 0.9403 16464 1055.2162531742 0.9876 15572 1551.0172476581 0.9936
600 10012 1038.8773025198 0.9899 5174 1351.5810219854 0.9555 35873 912.4747474015 0.9969 11592 1171.2533670906 0.9926 5320 1484.5508410009 0.9403 16569 1055.2162531742 0.9876 15709 1551.0172476581 0.9936
605 10104 1038.8773025198 0.9899 5221 1351.5810219854 0.9555 36169 912.4747474015 0.9969 11691 1171.2533670906 0.9926 5368 1484.5508410009 0.9403 16689 1055.2162531742 0.9876 15841 1551.0172476581 0.9936
610 10196 1038.8773025198 0.9899 5267 1351.5810219854 0.9555 36475 912.4747474015 0.9969 11790 1171.2533670906 0.9926 5416 1484.5508410009 0.9403 16825 1055.2162531742 0.9876 15975 1551.0172476581 0.9936
615 10288 1038.8773025198 0.9899 5314 1351.5810219854 0.9555 36772 912.4747474015 0.9969 11892 1171.2533670906 0.9926 5463 1484.5508410009 0.9403 16954 1055.2162531742 0.9876 16110 1551.0172476581 0.9936
620 10378 1038.8773025198 0.9899 5360 1351.5810219854 0.9555 37069 912.4747474015 0.9969 11988 1171.2533670906 0.9926 5509 1484.5508410009 0.9403 17089 1055.2162531742 0.9876 16244 1551.0172476581 0.9936
625 10467 1038.8773025198 0.9899 5409 1351.5810219854 0.9555 37371 912.4747474015 0.9969 12087 1171.2533670906 0.9926 5557 1484.5508410009 0.9403 17211 1055.2162531742 0.9876 16377 1551.0172476581 0.9936
630 10559 1038.8773025198 0.9899 5455 1351.5810219854 0.9555 37675 912.4747474015 0.9969 12188 1171.2533670906 0.9926 5606 1484.5508410009 0.9403 17348 1055.2162531742 0.9876 16512 1551.0172476581 0.9936
635 10653 1038.8773025198 0.9899 5504 1351.4070833737 0.9556 37981 912.4747474015 0.9969 12284 1171.2533670906 0.9926 5656 1484.5508410009 0.9403 17484 1055.2162531742 0.9876 16645 1551.0172476581 0.9936
640 10747 1038.8773025198 0.9899 5553 1351.4070833737 0.9556 38276 912.4747474015 0.9969 12382 1171.2533670906 0.9926 5702 1484.5508410009 0.9403 17622 1055.2162531742 0.9876 16778 1551.0172476581 0.9936
645 10840 1038.8773025198 0.9899 5601 1351.4070833737 0.9556 38575 912.4747474015 0.9969 12483 1171.2533670906 0.9926 5750 1484.5508410009 0.9403 17764 1055.2162531742 0.9876 16911 1551.0172476581 0.9936
650 10932 1038.8773025198 0.9899 5647 1350.6529244622 0.9562 38880 912.4747474015 0.9969 12583 1171.2533670906 0.9926 5799 1484.5508410009 0.9403 17897 1055.2162531742 0.9876 17044 1551.0172476581 0.9936
655 11025 1038.8773025198 0.9899 5693 1350.6529244622 0.9562 39180 912.4747474015 0.9969 12681 1171.0845967189 0.9927 5847 1484.5508410009 0.9403 18028 1055.2162531742 0.9876 17178 1551.0172476581 0.9936
660 11117 1038.8773025198 0.9899 5741 1349.4561307311 0.9570 39485 912.4747474015 0.9969 12782 1171.0845967189 0.9927 5893 1484.5508410009 0.9403 18168 1055.2162531742 0.9876 17311 1551.0172476581 0.9936
665 11208 1038.8773025198 0.9899 5790 1349.4561307311 0.9570 39790 912.4747474015 0.9969 12881 1171.0845967189 0.9927 5942 1484.5508410009 0.9403 18294 1055.2162531742 0.9876 17446 1551.0172476581 0.9936
670 11298 1038.8773025198 0.9899 5837 1349.4561307311 0.9570 40092 912.4747474015 0.9969 12981 1171.0845967189 0.9927 5989 1484.5508410009 0.9403 18432 1055.2162531742 0.9876 17578 1551.0172476581 0.9936
675 11387 1038.8773025198 0.9899 5884 1349.4561307311 0.9570 40394 912.4747474015 0.9969 13082 1171.0845967189 0.9927 6037 1484.5508410009 0.9403 18561 1055.2162531742 0.9876 17712 1551.0172476581 0.9936
680 11478 1038.8195019632 0.9900 5929 1348.9917684343 0.9573 40697 912.4747474015 0.9969 13181 1171.0845967189 0.9927 6086 1484.5508410009 0.9403 18686 1055.2162531742 0.9876 17844 1551.0172476581 0.9936
685 11571 1038.8195019632 0.9900 5974 1347.8650768277 0.9581 41003 912.4747474015 0.9969 13279 1171.0845967189 0.9927 6134 1484.5508410009 0.9403 18812 1055.2162531742 0.9876 17977 1551.0172476581 0.9936
690 11662 1038.8195019632 0.9900 6021 1347.8650768277 0.9581 41307 912.4747474015 0.9969 13379 1171.0845967189 0.9927 6180 1484.5508410009 0.9403 18948 1055.2162531742 0.9876 18106 1551.0172476581 0.9936
695 11752 1038.8195019632 0.9900 6067 1347.8650768277 0.9581 41608 912.4747474015 0.9969 13479 1171.0845967189 0.9927 6228 1484.5508410009 0.9403 19080 1055.2162531742 0.9876 18239 1551.0172476581 0.9936
700 11846 1038.8195019632 0.9900 6117 1347.8650768277 0.9581 41914 912.4747474015 0.9969 13579 1171.0845967189 0.9927 6277 1484.5508410009 0.9403 19210 1055.2162531742 0.9876 18368 1551.0172476581 0.9936
705 11937 1038.8195019632 0.9900 6166 1347.8650768277 0.9581 42214 912.4747474015 0.9969 13679 1171.0845967189 0.9927 6326 1484.5508410009 0.9403 19348 1055.2162531742 0.9876 18502 1551.0172476581 0.9936
710 12030 1038.8195019632 0.9900 6211 1347.8650768277 0.9581 42514 912.4747474015 0.9969 13778 1171.0845967189 0.9927 6373 1484.5508410009 0.9403 19494 1055.2162531742 0.9876 18633 1551.0172476581 0.9936
715 12121 1038.8195019632 0.9900 6255 1347.8650768277 0.9581 42815 912.4747474015 0.9969 13880 1171.0845967189 0.9927 6421 1484.5508410009 0.9403 19630 1055.2162531742 0.9876 18771 1551.0172476581 0.9936
720 12213 1038.8195019632 0.9900 6296 1347.8650768277 0.9581 43117 912.4747474015 0.9969 13978 1171.0845967189 0.9927 6467 1484.5508410009 0.9403 19771 1055.2162531742 0.9876 18906 1551.0172476581 0.9936
725 12306 1038.8195019632 0.9900 6344 1347.8650768277 0.9581 43420 912.4747474015 0.9969 14077 1171.0845967189 0.9927 6516 1484.5508410009 0.9403 19912 1055.2162531742 0.9876 19039 1551.0172476581 0.9936
730 12397 1038.8195019632 0.9900 6390 1347.8650768277 0.9581 43721 912.4747474015 0.9969 14176 1171.0845967189 0.9927 6564 1484.5508410009 0.9403 20041 1055.2162531742 0.9876 19172 1551.0172476581 0.9936
735 12487 1038.8195019632 0.9900 6438 1347.8650768277 0.9581 44021 912.4747474015 0.9969 14276 1171.0845967189 0.9927 6612 1484.5508410009 0.9403 20180 1055.2162531742 0.9876 19310 1551.0172476581 0.9936
740 12579 1038.8195019632 0.9900 6488 1347.8650768277 0.9581 44318 912.4747474015 0.9969 14376 1171.0845967189 0.9927 6660 1484.5508410009 0.9403 20321 1055.2162531742 0.9876 19445 1551.0172476581 0.9936
745 12669 1038.8195019632 0.9900 6537 1347.8650768277 0.9581 44615 912.4747474015 0.9969 14477 1171.0845967189 0.9927 6707 1484.5508410009 0.9403 20462 1055.2162531742 0.9876 19585 1551.0172476581 0.9936
750 12763 1038.8195019632 0.9900 6585 1347.8650768277 0.9581 44913 912.4747474015 0.9969 14577 1171.0845967189 0.9927 6753 1484.5508410009 0.9403 20605 1055.2162531742 0.9876 19722 1551.0172476581 0.9936
755 12854 1038.8195019632 0.9900 6634 1347.8650768277 0.9581 45213 912.4747474015 0.9969 14676 1171.0845967189 0.9927 6802 1484.5508410009 0.9403 20745 1055.2162531742 0.9876 19859 1551.0172476581 0.9936
760 12948 1038.8195019632 0.9900 6684 1347.8650768277 0.9581 45516 912.4747474015 0.9969 14777 1171.0845967189 0.9927 6850 1484.5508410009 0.9403 20888 1055.2162531742 0.9876 19990 1551.0172476581 0.9936
765 13040 1038.8195019632 0.9900 6734 1347.8650768277 0.9581 45821 912.4747474015 0.9969 14874 1171.0845967189 0.9927 6897 1484.5508410009 0.9403 21018 1055.2162531742 0.9876 20124 1551.0172476581 0.9936
770 13130 1038.8195019632 0.9900 6781 1346.8633291358 0.9589 46122 912.4747474015 0.9969 14973 1171.0845967189 0.9927 6940 1484.5508410009 0.9403 21163 1055.2162531742 0.9876 20260 1551.0172476581 0.9936
775 13221 1038.8195019632 0.9900 6830 1345.2752892788 0.9600 46426 912.4747474015 0.9969 15072 1171.0845967189 0.9927 6989 1484.5508410009 0.9403 21303 1055.2162531742 0.9876 20400 1551.0172476581 0.9936
780 13314 1038.8195019632 0.9900 6879 1343.4021692279 0.9613 46731 912.4747474015 0.9969 15174 1171.0845967189 0.9927 7038 1484.5508410009 0.9403 21446 1055.2162531742 0.9876 20533 1551.0172476581 0.9936
785 13405 1038.8195019632 0.9900 6928 1343.1524429521 0.9615 47027 912.4747474015 0.9969 15275 1171.0845967189 0.9927 7086 1484.5508410009 0.9403 21583 1055.2162531742 0.9876 20669 1551.0172476581 0.9936
790 13497 1038.8195019632 0.9900 6975 1343.1524429521 0.9615 47323 912.4747474015 0.9969 15376 1171.0845967189 0.9927 7132 1484.5508410009 0.9403 21723 1055.2162531742 0.9876 20804 1551.0172476581 0.9936
795 13588 1038.8195019632 0.9900 7022 1342.1208846501 0.9622 47626 912.4747474015 0.9969 15476 1171.0845967189 0.9927 7183 1484.5508410009 0.9403 21863 1055.2162531742 0.9876 20940 1551.0172476581 0.9936
800 13680 1038.8195019632 0.9900 7069 1342.0394948714 0.9623 47927 912.4747474015 0.9969 15578 1171.0845967189 0.9927 7232 1484.5508410009 0.9403 22001 1055.2162531742 0.9876 21074 1551.0172476581 0.9936
805 13770 1038.8195019632 0.9900 7120 1341.9119060130 0.9624 48230 912.4747474015 0.9969 15677 1171.0845967189 0.9927 7280 1484.5508410009 0.9403 22144 1055.2162531742 0.9876 21212 1551.0172476581 0.9936
810 13860 1038.8195019632 0.9900 7167 1341.9119060130 0.9624 48526 912.4747474015 0.9969 15778 1171.0845967189 0.9927 7328 1484.5508410009 0.9403 22291 1055.2162531742 0.9876 21347 1551.0172476581 0.9936
815 13953 1038.8195019632 0.9900 7214 1341.9119060130 0.9624 48825 912.4747474015 0.9969 15880 1171.0845967189 0.9927 7374 1484.5508410009 0.9403 22432 1055.2162531742 0.9876 21486 1551.0172476581 0.9936
820 14047 1038.8195019632 0.9900 7261 1341.9119060130 0.9624 49125 912.4747474015 0.9969 15977 1171.0845967189 0.9927 7418 1484.5508410009 0.9403 22575 1055.2162531742 0.9876 21620 1551.0172476581 0.9936
825 14137 1038.8195019632 0.9900 7310 1341.9119060130 0.9624 49424 912.4747474015 0.9969 16077 1171.0845967189 0.9927 7462 1484.5508410009 0.9403 22712 1054.6275518795 0.9881 21755 1551.0172476581 0.9936
830 14230 1038.8195019632 0.9900 7358 1341.9119060130 0.9624 49721 912.4747474015 0.9969 16179 1171.0845967189 0.9927 7507 1484.5508410009 0.9403 22849 1054.6275518795 0.9881 21890 1551.0172476581 0.9936
835 14323 1038.8195019632 0.9900 7407 1341.9119060130 0.9624 50022 912.4747474015 0.9969 16279 1171.0845967189 0.9927 7551 1484.5508410009 0.9403 22986 1054.6275518795 0.9881 22026 1551.0172476581 0.9936
840 14415 1038.8195019632 0.9900 7455 1341.9119060130 0.9624 50322 912.4747474015 0.9969 16380 1171.0845967189 0.9927 7597 1484.5508410009 0.9403 23128 1054.6275518795 0.9881 22162 1551.0172476581 0.9936
845 14506 1038.8195019632 0.9900 7503 1341.9119060130 0.9624 50618 912.4747474015 0.9969 16481 1171.0845967189 0.9927 7640 1484.5508410009 0.9403 23269 1054.6275518795 0.9881 22296 1551.0172476581 0.9936
850 14598 1038.8195019632 0.9900 7553 1341.9119060130 0.9624 50918 912.4747474015 0.9969 16581 1171.0845967189 0.9927 7683 1484.5508410009 0.9403 23384 1054.6275518795 0.9881 22432 1551.0172476581 0.9936
855 14689 1038.8195019632 0.9900 7599 1341.9119060130 0.9624 51217 912.4747474015 0.9969 16683 1171.0845967189 0.9927 7726 1484.5508410009 0.9403 23504 1054.6275518795 0.9881 22566 1551.0172476581 0.9936
860 14782 1038.8195019632 0.9900 7650 1341.9119060130 0.9624 51517 912.4747474015 0.9969 16782 1171.0845967189 0.9927 7769 1484.5508410009 0.9403 23611 1054.6275518795 0.9881 22701 1551.0172476581 0.9936
865 14873 1038.8195019632 0.9900 7697 1341.9119060130 0.9624 51817 912.4747474015 0.9969 16885 1171.0845967189 0.9927 7809 1484.5508410009 0.9403 23732 1054.6275518795 0.9881 22835 1551.0172476581 0.9936
870 14963 1038.8195019632 0.9900 7746 1341.9119060130 0.9624 52119 912.4747474015 0.9969 16986 1171.0845967189 0.9927 7855 1484.5508410009 0.9403 23861 1054.6275518795 0.9881 22968 1551.0172476581 0.9936
875 15055 1038.8195019632 0.9900 7792 1341.9119060130 0.9624 52417 912.4747474015 0.9969 17086 1171.0845967189 0.9927 7900 1484.5508410009 0.9403 24000 1054.6275518795 0.9881 23100 1551.0172476581 0.9936
880 15145 1038.8195019632 0.9900 7840 1341.9119060130 0.9624 52724 912.4747474015 0.9969 17188 1171.0845967189 0.9927 7946 1484.5508410009 0.9403 24142 1054.6275518795 0.9881 23231 1551.0172476581 0.9936
885 15234 1038.8195019632 0.9900 7884 1341.9119060130 0.9624 53025 912.4747474015 0.9969 17286 1171.0845967189 0.9927 7988 1484.5508410009 0.9403 24274 1054.6275518795 0.9881 23365 1551.0172476581 0.9936
890 15322 1038.8195019632 0.9900 7930 1341.9119060130 0.9624 53329 912.4747474015 0.9969 17387 1171.0845967189 0.9927 8031 1484.5508410009 0.9403 24411 1054.6275518795 0.9881 23496 1551.0172476581 0.9936
895 15412 1038.8195019632 0.9900 7977 1341.9119060130 0.9624 53632 912.4747474015 0.9969 17485 1171.0845967189 0.9927 8077 1484.5508410009 0.9403 24547 1049.2213237086 0.9932 23628 1551.0172476581 0.9936
900 15503 1038.8195019632 0.9900 8026 1341.9119060130 0.9624 53926 912.4747474015 0.9969 17584 1171.0845967189 0.9927 8123 1484.5508410009 0.9403 24686 1049.2213237086 0.9932 23761 1551.0172476581 0.9936
905 15596 1038.8195019632 0.9900 8074 1341.9119060130 0.9624 54224 912.4747474015 0.9969 17680 1171.0845967189 0.9927 8167 1484.5508410009 0.9403 24817 1049.2213237086 0.9932 23894 1551.0172476581 0.9936
910 15688 1038.8195019632 0.9900 8122 1341.9119060130 0.9624 54521 912.4747474015 0.9969 17777 1171.0845967189 0.9927 8213 1484.5508410009 0.9403 24958 1049.2213237086 0.9932 24023 1551.0172476581 0.9936
915 15778 1038.8195019632 0.9900 8165 1341.9119060130 0.9624 54821 912.4747474015 0.9969 17875 1171.0845967189 0.9927 8258 1484.5508410009 0.9403 25096 1049.2213237086 0.9932 24160 1551.0172476581 0.9936
920 15873 1038.8195019632 0.9900 8211 1341.9119060130 0.9624 55122 912.4747474015 0.9969 17974 1171.0845967189 0.9927 8301 1484.5508410009 0.9403 25240 1049.2213237086 0.9932 24296 1551.0172476581 0.9936
925 15966 1038.8195019632 0.9900 8259 1341.9119060130 0.9624 55425 912.4747474015 0.9969 18072 1171.0845967189 0.9927 8347 1484.5508410009 0.9403 25383 1049.2213237086 0.9932 24427 1551.0172476581 0.9936
930 16059 1038.8195019632 0.9900 8308 1341.9119060130 0.9624 55725 912.4747474015 0.9969 18174 1171.0845967189 0.9927 8391 1484.5508410009 0.9403 25523 1049.2213237086 0.9932 24558 1551.0172476581 0.9936
935 16150 1038.8195019632 0.9900 8357 1341.9119060130 0.9624 56029 912.4747474015 0.9969 18274 1171.0845967189 0.9927 8435 1484.5508410009 0.9403 25665 1049.2213237086 0.9932 24693 1551.0172476581 0.9936
940 16243 1038.8195019632 0.9900 8406 1341.9119060130 0.9624 56329 912.4747474015 0.9969 18376 1171.0845967189 0.9927 8478 1484.5508410009 0.9403 25807 1049.2213237086 0.9932 24824 1551.0172476581 0.9936
945 16334 1038.8195019632 0.9900 8454 1341.9119060130 0.9624 56632 912.4747474015 0.9969 18476 1171.0845967189 0.9927 8516 1484.5508410009 0.9403 25947 1049.2213237086 0.9932 24954 1551.0172476581 0.9936
950 16426 1038.8195019632 0.9900 8502 1341.9119060130 0.9624 56930 912.4747474015 0.9969 18575 1171.0845967189 0.9927 8556 1484.5508410009 0.9403 26089 1049.2213237086 0.9932 25089 1551.0172476581 0.9936
955 16518 1038.8195019632 0.9900 8551 1341.9119060130 0.9624 57232 912.4747474015 0.9969 18676 1171.0845967189 0.9927 8596 1484.5508410009 0.9403 26230 1048.4449415379 0.9940 25224 1551.0172476581 0.9936
960 16605 1038.8195019632 0.9900 8599 1341.9119060130 0.9624 57531 912.4747474015 0.9969 18777 1171.0845967189 0.9927 8636 1484.5508410009 0.9403 26372 1048.2399784100 0.9942 25356 1551.0172476581 0.9936
965 16699 1038.8195019632 0.9900 8647 1341.9119060130 0.9624 57827 912.4747474015 0.9969 18876 1171.0845967189 0.9927 8677 1484.5508410009 0.9403 26504 1048.2399784100 0.9942 25487 1551.0172476581 0.9936
970 16790 1038.8195019632 0.9900 8698 1341.9119060130 0.9624 58129 912.4747474015 0.9969 18976 1171.0845967189 0.9927 8717 1484.5508410009 0.9403 26638 1048.2399784100 0.9942 25616 1551.0172476581 0.9936
975 16880 1038.8195019632 0.9900 8746 1341.9119060130 0.9624 58431 912.4747474015 0.9969 19074 1171.0845967189 0.9927 8757 1484.5508410009 0.9403 26773 1048.2399784100 0.9942 25748 1551.0172476581 0.9936
980 16972 1038.8195019632 0.9900 8794 1341.9119060130 0.9624 58731 912.4747474015 0.9969 19173 1171.0845967189 0.9927 8797 1484.5508410009 0.9403 26911 1048.2399784100 0.9942 25881 1551.0172476581 0.9936
985 17066 1038.8195019632 0.9900 8843 1341.9119060130 0.9624 59028 912.4747474015 0.9969 19272 1171.0845967189 0.9927 8845 1484.5508410009 0.9403 27033 1048.2399784100 0.9942 26014 1551.0172476581 0.9936
990 17159 1038.8195019632 0.9900 8892 1341.9119060130 0.9624 59323 912.4747474015 0.9969 19372 1171.0845967189 0.9927 8889 1484.5508410009 0.9403 27173 1048.2399784100 0.9942 26146 1551.0172476581 0.9936
995 17248 1038.8195019632 0.9900 8943 1341.9119060130 0.9624 59619 912.4747474015 0.9969 19472 1171.0845967189 0.9927 8932 1484.5508410009 0.9403 27313 1048.2399784100 0.9942 26279 1551.0172476581 0.9936
1000 17336 1038.8195019632 0.9900 8991 1341.9119060130 0.9624 59918 912.4747474015 0.9969 19572 1171.0845967189 0.9927 8978 1484.5508410009 0.9403 27456 1048.2399784100 0.9942 26412 1551.0172476581 0.9936
1005 17425 1038.8195019632 0.9900 9038 1341.9119060130 0.9624 60217 912.4747474015 0.9969 19672 1171.0845967189 0.9927 9025 1484.5508410009 0.9403 27595 1048.2399784100 0.9942 26544 1551.0172476581 0.9936
1010 17514 1038.8195019632 0.9900 9086 1341.9119060130 0.9624 60519 912.4747474015 0.9969 19772 1171.0845967189 0.9927 9071 1484.5508410009 0.9403 27733 1048.2399784100 0.9942 26678 1551.0172476581 0.9936
1015 17606 1038.8195019632 0.9900 9136 1341.9119060130 0.9624 60819 912.4747474015 0.9969 19873 1171.0845967189 0.9927 9115 1484.5508410009 0.9403 27870 1048.2399784100 0.9942 26816 1551.0172476581 0.9936
1020 17697 1038.8195019632 0.9900 9187 1341.9119060130 0.9624 61116 912.4747474015 0.9969 19973 1171.0845967189 0.9927 9162 1484.5508410009 0.9403 28008 1048.2399784100 0.9942 26949 1551.0172476581 0.9936
1025 17784 1038.8195019632 0.9900 9237 1341.9119060130 0.9624 61413 912.4747474015 0.9969 20071 1171.0845967189 0.9927 9205 1484.5508410009 0.9403 28142 1048.2399784100 0.9942 27082 1551.0172476581 0.9936
1030 17874 1038.8195019632 0.9900 9286 1341.9119060130 0.9624 61707 912.4747474015 0.9969 20171 1171.0845967189 0.9927 9250 1484.5508410009 0.9403 28284 1048.2399784100 0.9942 27209 1551.0172476581 0.9936
1035 17965 1038.8195019632 0.9900 9335 1341.9119060130 0.9624 62008 912.4747474015 0.9969 20267 1171.0845967189 0.9927 9290 1484.5508410009 0.9403 28418 1048.2399784100 0.9942 27343 1551.0172476581 0.9936
1040 18057 1038.8195019632 0.9900 9384 1341.9119060130 0.9624 62313 912.4747474015 0.9969 20360 1171.0845967189 0.9927 9331 1484.5508410009 0.9403 28556 1048.2399784100 0.9942 27475 1551.0172476581 0.9936
1045 18148 1038.8195019632 0.9900 9431 1341.9119060130 0.9624 62615 912.4747474015 0.9969 20460 1171.0845967189 0.9927 9372 1484.5508410009 0.9403 28695 1048.2399784100 0.9942 27608 1551.0172476581 0.9936
1050 18241 1038.8195019632 0.9900 9481 1341.9119060130 0.9624 62911 912.4747474015 0.9969 20559 1171.0845967189 0.9927 9416 1484.5508410009 0.9403 28836 1048.2399784100 0.9942 27739 1551.0172476581 0.9936
1055 18333 1038.8195019632 0.9900 9532 1341.9119060130 0.9624 63202 912.4747474015 0.9969 20656 1171.0845967189 0.9927 9461 1484.5508410009 0.9403 28974 1048.2399784100 0.9942 27871 1551.0172476581 0.9936
1060 18426 1038.8195019632 0.9900 9582 1341.9119060130 0.9624 63504 912.4747474015 0.9969 20754 1171.0845967189 0.9927 9509 1484.5508410009 0.9403 29110 1048.2399784100 0.9942 28004 1551.0172476581 0.9936
1065 18517 1038.8195019632 0.9900 9631 1341.9119060130 0.9624 63800 912.4747474015 0.9969 20849 1171.0845967189 0.9927 9551 1484.5508410009 0.9403 29247 1048.2399784100 0.9942 28130 1551.0172476581 0.9936
1070 18609 1038.8195019632 0.9900 9679 1341.9119060130 0.9624 64105 912.4747474015 0.9969 20944 1171.0845967189 0.9927 9595 1484.5508410009 0.9403 29385 1048.2399784100 0.9942 28263 1551.0172476581 0.9936
1075 18701 1038.8195019632 0.9900 9728 1341.9119060130 0.9624 64407 912.4747474015 0.9969 21044 1171.0845967189 0.9927 9643 1484.5508410009 0.9403 29518 1048.2399784100 0.9942 28396 1551.0172476581 0.9936
1080 18796 1038.8195019632 0.9900 9776 1341.9119060130 0.9624 64700 912.4747474015 0.9969 21143 1171.0845967189 0.9927 9685 1484.5508410009 0.9403 29657 1048.2399784100 0.9942 28527 1551.0172476581 0.9936
1085 18888 1038.8195019632 0.9900 9827 1341.9119060130 0.9624 64996 912.4747474015 0.9969 21241 1171.0845967189 0.9927 9730 1484.5508410009 0.9403 29801 1048.2399784100 0.9942 28660 1551.0172476581 0.9936
1090 18980 1038.8195019632 0.9900 9875 1341.9119060130 0.9624 65297 912.4747474015 0.9969 21343 1171.0845967189 0.9927 9775 1484.5508410009 0.9403 29941 1048.2399784100 0.9942 28786 1551.0172476581 0.9936
1095 19072 1038.8195019632 0.9900 9925 1341.9119060130 0.9624 65593 912.4747474015 0.9969 21441 1171.0845967189 0.9927 9821 1484.5508410009 0.9403 30077 1048.2399784100 0.9942 28919 1551.0172476581 0.9936
1100 19167 1036.7965599925 0.9919 9974 1341.9119060130 0.9624 65888 912.4747474015 0.9969 21536 1171.0845967189 0.9927 9867 1484.5508410009 0.9403 30187 1048.2399784100 0.9942 29050 1551.0172476581 0.9936
1105 19258 1036.7965599925 0.9919 10021 1341.9119060130 0.9624 66184 912.4747474015 0.9969 21632 1171.0845967189 0.9927 9912 1484.5508410009 0.9403 30324 1048.2399784100 0.9942 29183 1551.0172476581 0.9936
1110 19349 1036.7965599925 0.9919 10070 1341.9119060130 0.9624 66484 912.4747474015 0.9969 21726 1171.0845967189 0.9927 9956 1436.4817930911 0.9717 30464 1048.2399784100 0.9942 29314 1551.0172476581 0.9936
1115 19441 1036.7965599925 0.9919 10118 1341.9119060130 0.9624 66782 912.4747474015 0.9969 21820 1171.0845967189 0.9927 9995 1436.4817930911 0.9717 30599 1048.2399784100 0.9942 29448 1551.0172476581 0.9936
1120 19531 1036.7965599925 0.9919 10166 1341.9119060130 0.9624 67083 912.4747474015 0.9969 21914 1171.0845967189 0.9927 10040 1436.4817930911 0.9717 30738 1048.2399784100 0.9942 29577 1551.0172476581 0.9936
1125 19623 1036.7965599925 0.9919 10214 1341.9119060130 0.9624 67381 912.4747474015 0.9969 22009 1171.0845967189 0.9927 10090 1436.4817930911 0.9717 30875 1048.2399784100 0.9942 29707 1551.0172476581 0.9936
1130 19715 1036.7965599925 0.9919 10261 1341.9119060130 0.9624 67670 912.4747474015 0.9969 22105 1171.0845967189 0.9927 10137 1436.4817930911 0.9717 31016 1048.2399784100 0.9942 29838 1551.0172476581 0.9936
1135 19807 1036.7965599925 0.9919 10309 1341.9119060130 0.9624 67955 912.4747474015 0.9969 22202 1171.0845967189 0.9927 10186 1436.4817930911 0.9717 31159 1048.2399784100 0.9942 29971 1551.0172476581 0.9936
1140 19897 1036.7965599925 0.9919 10356 1341.9119060130 0.9624 68239 912.4747474015 0.9969 22299 1171.0845967189 0.9927 10233 1436.4817930911 0.9717 31304 1048.2399784100 0.9942 30107 1551.0172476581 0.9936
1145 19984 1036.7965599925 0.9919 10404 1341.9119060130 0.9624 68522 912.4747474015 0.9969 22396 1171.0845967189 0.9927 10281 1436.4817930911 0.9717 31434 1048.2399784100 0.9942 30242 1551.0172476581 0.9936
1150 20074 1036.7965599925 0.9919 10451 1341.9119060130 0.9624 68812 912.4747474015 0.9969 22485 1171.0845967189 0.9927 10328 1436.4817930911 0.9717 31561 1048.2399784100 0.9942 30376 1551.0172476581 0.9936
1155 20159 1036.7965599925 0.9919 10498 1341.9119060130 0.9624 69108 912.4747474015 0.9969 22583 1171.0845967189 0.9927 10377 1436.4817930911 0.9717 31698 1048.2399784100 0.9942 30513 1551.0172476581 0.9936
1160 20250 1036.7965599925 0.9919 10545 1341.9119060130 0.9624 69406 912.4747474015 0.9969 22684 1171.0845967189 0.9927 10426 1435.9608592143 0.9721 31830 1048.2399784100 0.9942 30647 1551.0172476581 0.9936
1165 20343 1036.7965599925 0.9919 10594 1341.9119060130 0.9624 69700 912.4747474015 0.9969 22784 1171.0845967189 0.9927 10477 1435.9608592143 0.9721 31952 1048.2399784100 0.9942 30782 1551.0172476581 0.9936
1170 20436 1036.7965599925 0.9919 10642 1341.9119060130 0.9624 69996 912.4747474015 0.9969 22880 1171.0845967189 0.9927 10525 1435.9608592143 0.9721 32078 1048.2399784100 0.9942 30916 1551.0172476581 0.9936
1175 20530 1036.7965599925 0.9919 10691 1341.9119060130 0.9624 70297 912.4747474015 0.9969 22978 1171.0845967189 0.9927 10571 1435.9608592143 0.9721 32213 1048.2399784100 0.9942 31049 1551.0172476581 0.9936
1180 20624 1036.7965599925 0.9919 10739 1341.9119060130 0.9624 70599 912.4747474015 0.9969 23076 1171.0845967189 0.9927 10608 1435.9608592143 0.9721 32332 1048.2399784100 0.9942 31182 1551.0172476581 0.9936
1185 20718 1036.7965599925 0.9919 10786 1341.9119060130 0.9624 70892 912.4747474015 0.9969 23175 1171.0845967189 0.9927 10644 1435.9608592143 0.9721 32459 1048.2399784100 0.9942 31312 1551.0172476581 0.9936
1190 20811 1036.7965599925 0.9919 10834 1341.9119060130 0.9624 71185 912.4747474015 0.9969 23274 1171.0845967189 0.9927 10683 1435.9608592143 0.9721 32591 1048.2399784100 0.9942 31447 1551.0172476581 0.9936
1195 20901 1036.7965599925 0.9919 10881 1341.9119060130 0.9624 71474 912.4747474015 0.9969 23374 1171.0845967189 0.9927 10730 1435.9608592143 0.9721 32726 1048.2399784100 0.9942 31583 1551.0172476581 0.9936
1200 20991 1036.7965599925 0.9919 10927 1341.9119060130 0.9624 71743 912.4747474015 0.9969 23475 1171.0845967189 0.9927 10777 1435.9608592143 0.9721 32859 1048.2399784100 0.9942 31717 1551.0172476581 0.9936
1205 21085 1036.7965599925 0.9919 10971 1341.9119060130 0.9624 72017 912.4747474015 0.9969 23573 1171.0845967189 0.9927 10820 1435.9608592143 0.9721 32988 1048.2399784100 0.9942 31855 1551.0172476581 0.9936
1210 21179 1036.7965599925 0.9919 11013 1341.9119060130 0.9624 72296 912.4747474015 0.9969 23659 1171.0845967189 0.9927 10860 1435.9608592143 0.9721 33116 1048.2399784100 0.9942 31988 1551.0172476581 0.9936
1215 21272 1036.7965599925 0.9919 11059 1341.9119060130 0.9624 72598 912.4747474015 0.9969 23753 1171.0845967189 0.9927 10902 1435.9608592143 0.9721 33229 1048.2399784100 0.9942 32122 1551.0172476581 0.9936
1220 21364 1036.7965599925 0.9919 11105 1341.9119060130 0.9624 72895 912.4747474015 0.9969 23850 1171.0845967189 0.9927 10943 1435.9608592143 0.9721 33337 1048.2399784100 0.9942 32258 1551.0172476581 0.9936
1225 21456 1036.7965599925 0.9919 11147 1341.9119060130 0.9624 73194 912.4747474015 0.9969 23949 1171.0845967189 0.9927 10984 1435.9608592143 0.9721 33439 1048.2399784100 0.9942 32393 1551.0172476581 0.9936
1230 21547 1036.7965599925 0.9919 11188 1341.9119060130 0.9624 73495 912.4747474015 0.9969 24050 1171.0845967189 0.9927 11032 1435.9608592143 0.9721 33558 1048.2399784100 0.9942 32527 1551.0172476581 0.9936
1235 21639 1036.7965599925 0.9919 11231 1341.9119060130 0.9624 73790 912.4747474015 0.9969 24147 1171.0845967189 0.9927 11075 1435.9608592143 0.9721 33696 1048.2399784100 0.9942 32663 1551.0172476581 0.9936
1240 21731 1036.7965599925 0.9919 11275 1341.9119060130 0.9624 74093 912.4747474015 0.9969 24249 1171.0845967189 0.9927 11118 1435.9608592143 0.9721 33838 1048.2399784100 0.9942 32796 1551.0172476581 0.9936
1245 21822 1036.7965599925 0.9919 11310 1341.9119060130 0.9624 74393 912.4747474015 0.9969 24349 1171.0845967189 0.9927 11161 1435.9608592143 0.9721 33978 1048.2399784100 0.9942 32931 1551.0172476581 0.9936
1250 21917 1036.7965599925 0.9919 11356 1341.9119060130 0.9624 74696 912.4747474015 0.9969 24450 1171.0845967189 0.9927 11203 1435.9608592143 0.9721 34093 1048.2399784100 0.9942 33064 1551.0172476581 0.9936
1255 22010 1036.7965599925 0.9919 11402 1341.9119060130 0.9624 74994 912.4747474015 0.9969 24552 1171.0845967189 0.9927 11246 1435.9608592143 0.9721 34186 1048.2399784100 0.9942 33197 1551.0172476581 0.9936
1260 22101 1036.7965599925 0.9919 11447 1341.9119060130 0.9624 75290 912.4747474015 0.9969 24652 1171.0845967189 0.9927 11288 1435.9608592143 0.9721 34284 1048.2399784100 0.9942 33330 1551.0172476581 0.9936
1265 22192 1036.7965599925 0.9919 11493 1341.9119060130 0.9624 75588 912.4747474015 0.9969 24753 1171.0845967189 0.9927 11330 1433.2762205068 0.9739 34401 1048.2399784100 0.9942 33466 1551.0172476581 0.9936
1270 22284 1036.7965599925 0.9919 11540 1341.9119060130 0.9624 75883 912.4747474015 0.9969 24852 1171.0845967189 0.9927 11375 1433.2762205068 0.9739 34527 1048.2399784100 0.9942 33596 1551.0172476581 0.9936
1275 22376 1036.7965599925 0.9919 11587 1341.9119060130 0.9624 76183 912.4747474015 0.9969 24952 1171.0845967189 0.9927 11418 1433.2083848092 0.9739 34667 1048.2399784100 0.9942 33727 1551.0172476581 0.9936
1280 22469 1036.7965599925 0.9919 11632 1341.9119060130 0.9624 76481 912.4747474015 0.9969 25053 1171.0845967189 0.9927 11458 1433.2083848092 0.9739 34804 1048.2399784100 0.9942 33857 1551.0172476581 0.9936
1285 22560 1036.7965599925 0.9919 11678 1341.9119060130 0.9624 76776 912.4747474015 0.9969 25155 1171.0845967189 0.9927 11496 1433.2083848092 0.9739 34946 1048.2399784100 0.9942 33982 1551.0172476581 0.9936
1290 22652 1036.7965599925 0.9919 11724 1341.9119060130 0.9624 77070 912.4747474015 0.9969 25253 1171.0845967189 0.9927 11540 1433.2083848092 0.9739 35086 1048.2399784100 0.9942 34113 1551.0172476581 0.9936
1295 22743 1036.7965599925 0.9919 11771 1341.9119060130 0.9624 77366 912.4747474015 0.9969 25350 1171.0845967189 0.9927 11582 1433.2083848092 0.9739 35227 1048.2399784100 0.9942 34238 1551.0172476581 0.9936
1300 22837 1036.7965599925 0.9919 11818 1341.9119060130 0.9624 77658 912.4747474015 0.9969 25448 1171.0845967189 0.9927 11626 1433.2083848092 0.9739 35366 1048.2399784100 0.9942 34345 1551.0172476581 0.9936
1305 22928 1036.7965599925 0.9919 11868 1340.1008478994 0.9637 77954 912.4747474015 0.9969 25542 1171.0845967189 0.9927 11669 1433.2083848092 0.9739 35506 1048.2399784100 0.9942 34440 1551.0172476581 0.9936
1310 23020 1036.7965599925 0.9919 11915 1340.1008478994 0.9637 78253 912.4747474015 0.9969 25637 1171.0845967189 0.9927 11711 1433.2083848092 0.9739 35649 1048.2399784100 0.9942 34547 1551.0172476581 0.9936
1315 23110 1036.7965599925 0.9919 11963 1340.1008478994 0.9637 78552 912.4747474015 0.9969 25736 1171.0845967189 0.9927 11752 1433.2083848092 0.9739 35791 1048.2399784100 0.9942 34672 1551.0172476581 0.9936
1320 23203 1036.7965599925 0.9919 12010 1338.9577301509 0.9645 78859 912.4747474015 0.9969 25835 1171.0845967189 0.9927 11796 1433.2083848092 0.9739 35925 1048.2399784100 0.9942 34792 1551.0172476581 0.9936
1325 23292 1036.7965599925 0.9919 12058 1338.9577301509 0.9645 79158 912.4747474015 0.9969 25932 1171.0845967189 0.9927 11839 1433.2083848092 0.9739 36053 1048.2399784100 0.9942 34915 1551.0172476581 0.9936
1330 23382 1036.7965599925 0.9919 12108 1337.6831383462 0.9654 79455 912.4747474015 0.9969 26031 1171.0845967189 0.9927 11882 1433.2083848092 0.9739 36192 1048.2399784100 0.9942 35034 1551.0172476581 0.9936
1335 23472 1036.7965599925 0.9919 12157 1337.6831383462 0.9654 79756 912.4747474015 0.9969 26130 1171.0845967189 0.9927 11926 1433.2083848092 0.9739 36337 1048.2399784100 0.9942 35159 1551.0172476581 0.9936
1340 23566 1036.7965599925 0.9919 12205 1337.6292801624 0.9655 80053 912.4747474015 0.9969 26227 1171.0845967189 0.9927 11973 1433.2083848092 0.9739 36481 1048.2399784100 0.9942 35285 1551.0172476581 0.9936
1345 23660 1036.7965599925 0.9919 12254 1337.6292801624 0.9655 80353 912.4747474015 0.9969 26318 1171.0845967189 0.9927 12020 1433.2083848092 0.9739 36623 1048.2399784100 0.9942 35414 1551.0172476581 0.9936
1350 23752 1036.7965599925 0.9919 12301 1337.6291435687 0.9655 80653 912.4747474015 0.9969 26414 1171.0845967189 0.9927 12067 1433.2083848092 0.9739 36768 1048.2399784100 0.9942 35541 1551.0172476581 0.9936
1355 23845 1036.7965599925 0.9919 12351 1337.6291435687 0.9655 80949 912.4747474015 0.9969 26509 1171.0845967189 0.9927 12112 1433.2083848092 0.9739 36906 1048.2399784100 0.9942 35669 1551.0172476581 0.9936
1360 23937 1036.7965599925 0.9919 12399 1337.3389920175 0.9657 81249 912.4747474015 0.9969 26610 1171.0845967189 0.9927 12160 1433.2083848092 0.9739 37041 1048.2399784100 0.9942 35789 1551.0172476581 0.9936
1365 24029 1036.7965599925 0.9919 12448 1337.3389920175 0.9657 81545 912.4747474015 0.9969 26709 1171.0845967189 0.9927 12203 1433.2083848092 0.9739 37177 1048.2399784100 0.9942 35920 1551.0172476581 0.9936
1370 24125 1036.7965599925 0.9919 12497 1337.3389920175 0.9657 81844 912.4747474015 0.9969 26810 1171.0845967189 0.9927 12248 1433.2083848092 0.9739 37323 1048.2399784100 0.9942 36048 1551.0172476581 0.9936
1375 24219 1036.7965599925 0.9919 12546 1337.3389920175 0.9657 82138 912.4747474015 0.9969 26902 1171.0845967189 0.9927 12296 1433.2083848092 0.9739 37463 1048.2399784100 0.9942 36177 1551.0172476581 0.9936
1380 24311 1036.7965599925 0.9919 12596 1337.3389920175 0.9657 82429 912.4747474015 0.9969 26994 1171.0845967189 0.9927 12341 1433.2083848092 0.9739 37602 1048.2399784100 0.9942 36304 1551.0172476581 0.9936
1385 24401 1036.7965599925 0.9919 12645 1337.3389920175 0.9657 82707 912.4747474015 0.9969 27090 1171.0845967189 0.9927 12389 1433.2083848092 0.9739 37743 1048.2399784100 0.9942 36433 1551.0172476581 0.9936
1390 24495 1036.7965599925 0.9919 12695 1337.3389920175 0.9657 82985 912.4747474015 0.9969 27189 1171.0845967189 0.9927 12435 1433.2083848092 0.9739 37888 1048.2399784100 0.9942 36559 1551.0172476581 0.9936
1395 24588 1036.7965599925 0.9919 12745 1337.3389920175 0.9657 83279 912.4747474015 0.9969 27287 1171.0845967189 0.9927 12480 1433.2083848092 0.9739 38032 1048.2399784100 0.9942 36684 1551.0172476581 0.9936
1400 24680 1036.7965599925 0.9919 12794 1337.3389920175 0.9657 83577 912.4747474015 0.9969 27375 1171.0845967189 0.9927 12526 1433.2083848092 0.9739 38176 1048.2399784100 0.9942 36797 1551.0172476581 0.9936
1405 24773 1036.7965599925 0.9919 12844 1337.3389920175 0.9657 83874 912.4747474015 0.9969 27471 1171.0845967189 0.9927 12573 1433.2083848092 0.9739 38316 1048.2399784100 0.9942 36921 1551.0172476581 0.9936
1410 24864 1036.7965599925 0.9919 12893 1337.3389920175 0.9657 84172 912.4747474015 0.9969 27572 1171.0845967189 0.9927 12618 1433.2083848092 0.9739 38458 1048.2399784100 0.9942 37051 1551.0172476581 0.9936
1415 24956 1036.7965599925 0.9919 12943 1337.3389920175 0.9657 84469 912.4747474015 0.9969 27671 1171.0845967189 0.9927 12665 1432.1895499133 0.9746 38596 1048.2399784100 0.9942 37173 1551.0172476581 0.9936
1420 25048 1036.7965599925 0.9919 12993 1337.3389920175 0.9657 84765 912.4747474015 0.9969 27770 1171.0845967189 0.9927 12713 1432.1895499133 0.9746 38735 1048.2399784100 0.9942 37297 1551.0172476581 0.9936
1425 25142 1036.7965599925 0.9919 13043 1337.3389920175 0.9657 85049 912.4747474015 0.9969 27867 1171.0845967189 0.9927 12760 1432.1895499133 0.9746 38877 1048.2399784100 0.9942 37427 1551.0172476581 0.9936
1430 25236 1036.7965599925 0.9919 13091 1337.3389920175 0.9657 85339 912.4747474015 0.9969 27965 1171.0845967189 0.9927 12808 1432.1895499133 0.9746 39018 1048.2399784100 0.9942 37556 1551.0172476581 0.9936
1435 25326 1036.7965599925 0.9919 13141 1337.3389920175 0.9657 85641 912.4747474015 0.9969 28062 1171.0845967189 0.9927 12855 1432.1895499133 0.9746 39161 1048.2399784100 0.9942 37686 1551.0172476581 0.9936
1440 25414 1036.7965599925 0.9919 13189 1337.3389920175 0.9657 85933 912.4747474015 0.9969 28160 1171.0845967189 0.9927 12901 1432.1895499133 0.9746 39300 1048.2399784100 0.9942 37815 1551.0172476581 0.9936
1445 25501 1036.7965599925 0.9919 13238 1337.3389920175 0.9657 86228 912.4747474015 0.9969 28256 1171.0845967189 0.9927 12948 1432.1895499133 0.9746 39435 1048.2399784100 0.9942 37943 1551.0172476581 0.9936
1450 25592 1036.7965599925 0.9919 13286 1337.3389920175 0.9657 86528 912.4747474015 0.9969 28354 1171.0845967189 0.9927 12995 1432.1895499133 0.9746 39577 1048.2399784100 0.9942 38075 1551.0172476581 0.9936
1455 25684 1036.7965599925 0.9919 13334 1337.3389920175 0.9657 86822 912.4747474015 0.9969 28455 1171.0845967189 0.9927 13043 1432.1895499133 0.9746 39711 1048.2399784100 0.9942 38207 1551.0172476581 0.9936
1460 25773 1036.7965599925 0.9919 13384 1336.9102426710 0.9660 87108 912.4747474015 0.9969 28555 1171.0845967189 0.9927 13091 1432.1895499133 0.9746 39848 1048.2399784100 0.9942 38340 1551.0172476581 0.9936
1465 25867 1036.7965599925 0.9919 13433 1336.9102426710 0.9660 87393 912.4747474015 0.9969 28657 1171.0845967189 0.9927 13137 1432.1895499133 0.9746 39988 1048.2399784100 0.9942 38473 1551.0172476581 0.9936
1470 25960 1036.7965599925 0.9919 13484 1336.4935971083 0.9663 87680 912.4747474015 0.9969 28757 1171.0845967189 0.9927 13182 1432.1895499133 0.9746 40130 1048.2399784100 0.9942 38607 1551.0172476581 0.9936
1475 26054 1036.7965599925 0.9919 13533 1336.4818125123 0.9663 87967 912.4747474015 0.9969 28856 1171.0845967189 0.9927 13224 1432.1895499133 0.9746 40272 1048.2399784100 0.9942 38741 1551.0172476581 0.9936
1480 26148 1036.7965599925 0.9919 13583 1336.4818125123 0.9663 88259 912.4747474015 0.9969 28958 1171.0845967189 0.9927 13267 1432.1895499133 0.9746 40415 1048.2399784100 0.9942 38870 1551.0172476581 0.9936
1485 26241 1036.7965599925 0.9919 13632 1336.4818125123 0.9663 88558 912.4747474015 0.9969 29060 1171.0845967189 0.9927 13310 1432.1895499133 0.9746 40557 1048.2399784100 0.9942 38999 1551.0172476581 0.9936
1490 26332 1036.7965599925 0.9919 13680 1336.4818125123 0.9663 88862 912.4747474015 0.9969 29160 1171.0845967189 0.9927 13352 1432.1895499133 0.9746 40700 1048.2399784100 0.9942 39127 1551.0172476581 0.9936
1495 26424 1036.7965599925 0.9919 13729 1336.4818125123 0.9663 89161 912.4747474015 0.9969 29255 1171.0845967189 0.9927 13397 1432.1895499133 0.9746 40838 1048.2399784100 0.9942 39253 1551.0172476581 0.9936
1500 26510 1036.7965599925 0.9919 13778 1336.4818125123 0.9663 89459 912.4747474015 0.9969 29340 1171.0845967189 0.9927 13441 1432.1895499133 0.9746 40975 1048.2399784100 0.9942 39377 1551.0172476581 0.9936
1505 26591 1036.7965599925 0.9919 13826 1336.4818125123 0.9663 89754 912.4747474015 0.9969 29439 1171.0845967189 0.9927 13485 1432.1895499133 0.9746 41112 1048.2399784100 0.9942 39502 1551.0172476581 0.9936
1510 26683 1036.7965599925 0.9919 13873 1336.4818125123 0.9663 90043 912.4747474015 0.9969 29537 1171.0845967189 0.9927 13528 1432.1895499133 0.9746 41247 1048.2399784100 0.9942 39631 1551.0172476581 0.9936
1515 26775 1036.7965599925 0.9919 13922 1336.4818125123 0.9663 90345 912.4747474015 0.9969 29641 1171.0845967189 0.9927 13575 1432.1895499133 0.9746 41381 1048.2399784100 0.9942 39758 1551.0172476581 0.9936
1520 26868 1036.7965599925 0.9919 13971 1336.4818125123 0.9663 90648 912.4747474015 0.9969 29745 1171.0845967189 0.9927 13620 1432.1895499133 0.9746 41518 1048.2399784100 0.9942 39889 1551.0172476581 0.9936
1525 26962 1036.7965599925 0.9919 14019 1336.4818125123 0.9663 90952 912.4747474015 0.9969 29846 1171.0845967189 0.9927 13662 1432.1895499133 0.9746 41658 1048.2399784100 0.9942 40020 1551.0172476581 0.9936
1530 27052 1036.7965599925 0.9919 14068 1336.4818125123 0.9663 91254 912.4747474015 0.9969 29950 1171.0845967189 0.9927 13708 1432.1895499133 0.9746 41803 1048.2399784100 0.9942 40147 1551.0172476581 0.9936
1535 27140 1036.7965599925 0.9919 14116 1336.4818125123 0.9663 91556 912.4747474015 0.9969 30052 1171.0845967189 0.9927 13751 1432.1895499133 0.9746 41945 1048.2399784100 0.9942 40265 1551.0172476581 0.9936
1540 27215 1036.7965599925 0.9919 14164 1336.4818125123 0.9663 91855 912.4747474015 0.9969 30156 1171.0845967189 0.9927 13795 1432.1895499133 0.9746 42079 1048.2399784100 0.9942 40393 1551.0172476581 0.9936
1545 27290 1036.7965599925 0.9919 14214 1336.4818125123 0.9663 92158 912.4747474015 0.9969 30256 1171.0845967189 0.9927 13838 1432.1895499133 0.9746 42203 1048.2399784100 0.9942 40524 1551.0172476581 0.9936
1550 27374 1036.7965599925 0.9919 14264 1336.4818125123 0.9663 92457 912.4747474015 0.9969 30358 1171.0845967189 0.9927 13880 1432.1895499133 0.9746 42327 1048.2399784100 0.9942 40655 1551.0172476581 0.9936
1555 27461 1036.7965599925 0.9919 14311 1336.4818125123 0.9663 92757 912.4747474015 0.9969 30460 1171.0845967189 0.9927 13925 1432.1895499133 0.9746 42447 1048.2399784100 0.9942 40786 1551.0172476581 0.9936
1560 27549 1036.7965599925 0.9919 14361 1336.4818125123 0.9663 93056 912.4747474015 0.9969 30558 1171.0845967189 0.9927 13969 1432.1895499133 0.9746 42565 1048.2399784100 0.9942 40916 1551.0172476581 0.9936
1565 27618 1036.7965599925 0.9919 14411 1336.4818125123 0.9663 93354 912.4747474015 0.9969 30660 1171.0845967189 0.9927 14015 1432.1895499133 0.9746 42696 1048.2399784100 0.9942 41035 1551.0172476581 0.9936
1570 27706 1036.7965599925 0.9919 14462 1336.4818125123 0.9663 93652 912.4747474015 0.9969 30761 1171.0845967189 0.9927 14049 1432.1895499133 0.9746 42832 1048.2399784100 0.9942 41162 1551.0172476581 0.9936
1575 27799 1036.7965599925 0.9919 14511 1336.4818125123 0.9663 93950 912.4747474015 0.9969 30863 1171.0845967189 0.9927 14090 1432.1895499133 0.9746 42960 1048.2399784100 0.9942 41282 1551.0172476581 0.9936
1580 27892 1036.7965599925 0.9919 14561 1336.4818125123 0.9663 94243 912.4747474015 0.9969 30964 1171.0845967189 0.9927 14131 1432.1895499133 0.9746 43104 1048.2399784100 0.9942 41412 1551.0172476581 0.9936
1585 27983 1036.7965599925 0.9919 14611 1336.4818125123 0.9663 94543 912.4747474015 0.9969 31064 1171.0845967189 0.9927 14169 1432.1895499133 0.9746 43247 1048.2399784100 0.9942 41542 1551.0172476581 0.9936
1590 28076 1036.7965599925 0.9919 14660 1336.4818125123 0.9663 94846 912.4747474015 0.9969 31164 1171.0845967189 0.9927 14215 1432.1895499133 0.9746 43393 1048.2399784100 0.9942 41672 1551.0172476581 0.9936
1595 28167 1036.7965599925 0.9919 14705 1336.4818125123 0.9663 95146 912.4747474015 0.9969 31264 1171.0845967189 0.9927 14263 1432.1895499133 0.9746 43534 1048.2399784100 0.9942 41801 1551.0172476581 0.9936
1600 28260 1036.7965599925 0.9919 14754 1336.4818125123 0.9663 95447 912.4747474015 0.9969 31363 1171.0845967189 0.9927 14305 1432.1895499133 0.9746 43678 1048.2399784100 0.9942 41931 1551.0172476581 0.9936
1605 28354 1036.7965599925 0.9919 14804 1336.4818125123 0.9663 95750 912.4747474015 0.9969 31459 1171.0845967189 0.9927 14348 1432.1895499133 0.9746 43821 1048.2399784100 0.9942 42062 1551.0172476581 0.9936
1610 28449 1036.7965599925 0.9919 14855 1336.4818125123 0.9663 96053 912.4747474015 0.9969 31555 1169.2430691889 0.9943 14389 1432.1895499133 0.9746 43962 1048.2399784100 0.9942 42193 1551.0172476581 0.9936
1615 28542 1036.7965599925 0.9919 14905 1336.4818125123 0.9663 96356 912.4747474015 0.9969 31651 1169.2430691889 0.9943 14433 1432.1895499133 0.9746 44106 1048.2399784100 0.9942 42322 1551.0172476581 0.9936
1620 28629 1036.7965599925 0.9919 14952 1336.4818125123 0.9663 96653 912.4747474015 0.9969 31752 1169.2430691889 0.9943 14476 1432.1895499133 0.9746 44247 1048.2399784100 0.9942 42447 1551.0172476581 0.9936
1625 28721 1036.7965599925 0.9919 15001 1336.4818125123 0.9663 96948 912.4747474015 0.9969 31845 1169.2430691889 0.9943 14518 1432.1895499133 0.9746 44388 1048.2399784100 0.9942 42564 1551.0172476581 0.9936
1630 28812 1036.7965599925 0.9919 15048 1336.4818125123 0.9663 97242 912.4747474015 0.9969 31936 1169.2430691889 0.9943 14562 1432.1895499133 0.9746 44526 1048.2399784100 0.9942 42680 1551.0172476581 0.9936
1635 28903 1036.7965599925 0.9919 15097 1336.4818125123 0.9663 97540 912.4747474015 0.9969 32035 1169.2430691889 0.9943 14610 1432.1895499133 0.9746 44667 1048.2399784100 0.9942 42807 1551.0172476581 0.9936
1640 28993 1036.7965599925 0.9919 15146 1336.4818125123 0.9663 97839 912.4747474015 0.9969 32131 1169.2430691889 0.9943 14653 1432.1895499133 0.9746 44812 1048.2399784100 0.9942 42937 1551.0172476581 0.9936
1645 29081 1036.7965599925 0.9919 15195 1336.4818125123 0.9663 98135 912.4747474015 0.9969 32227 1169.2430691889 0.9943 14698 1432.1895499133 0.9746 44952 1048.2399784100 0.9942 43066 1550.9761648238 0.9937
1650 29170 1036.7965599925 0.9919 15244 1336.4818125123 0.9663 98433 912.4747474015 0.9969 32323 1169.2430691889 0.9943 14744 1432.1895499133 0.9746 45091 1048.2399784100 0.9942 43195 1550.9761648238 0.9937
1655 29258 1036.7965599925 0.9919 15291 1336.4818125123 0.9663 98733 912.4747474015 0.9969 32419 1169.2430691889 0.9943 14790 1432.1895499133 0.9746 45230 1048.2399784100 0.9942 43318 1550.9761648238 0.9937
1660 29349 1036.7965599925 0.9919 15342 1336.4818125123 0.9663 99029 912.4747474015 0.9969 32521 1169.2430691889 0.9943 14834 1432.1895499133 0.9746 45371 1048.2399784100 0.9942 43432 1550.9761648238 0.9937
1665 29440 1036.7965599925 0.9919 15390 1336.4818125123 0.9663 99330 912.4747474015 0.9969 32621 1169.2430691889 0.9943 14878 1432.1895499133 0.9746 45504 1048.2399784100 0.9942 43554 1550.9761648238 0.9937
1670 29531 1036.7965599925 0.9919 15439 1336.4818125123 0.9663 99625 912.4747474015 0.9969 32721 1169.2430691889 0.9943 14924 1432.1895499133 0.9746 45646 1048.2399784100 0.9942 43681 1550.9761648238 0.9937
1675 29615 1036.7965599925 0.9919 15487 1336.4818125123 0.9663 99927 912.4747474015 0.9969 32816 1169.2430691889 0.9943 14968 1432.1895499133 0.9746 45789 1048.2399784100 0.9942 43813 1550.9761648238 0.9937
1680 29705 1036.7965599925 0.9919 15535 1336.4818125123 0.9663 100225 912.4747474015 0.9969 32912 1169.2430691889 0.9943 15014 1432.1895499133 0.9746 45932 1048.2399784100 0.9942 43942 1550.9761648238 0.9937
1685 29792 1036.7965599925 0.9919 15583 1336.4818125123 0.9663 100523 912.4747474015 0.9969 33008 1169.2430691889 0.9943 15056 1432.1895499133 0.9746 46071 1048.2399784100 0.9942 44063 1548.6368682276 0.9952
1690 29881 1036.7965599925 0.9919 15633 1336.4818125123 0.9663 100823 912.4747474015 0.9969 33104 1169.2430691889 0.9943 15099 1432.1895499133 0.9746 46211 1048.2399784100 0.9942 44183 1547.4706080064 0.9959
1695 29971 1036.7965599925 0.9919 15682 1336.4818125123 0.9663 101118 912.4747474015 0.9969 33196 1169.2430691889 0.9943 15139 1432.1895499133 0.9746 46352 1048.2399784100 0.9942 44312 1547.4706080064 0.9959
1700 30057 1036.7965599925 0.9919 15731 1336.4818125123 0.9663 101421 912.4747474015 0.9969 33300 1169.2430691889 0.9943 15183 1432.1895499133 0.9746 46492 1048.2399784100 0.9942 44442 1547.4706080064 0.9959
1705 30147 1036.7965599925 0.9919 15779 1336.4818125123 0.9663 101721 912.4747474015 0.9969 33397 1169.2430691889 0.9943 15232 1432.1895499133 0.9746 46638 1048.2399784100 0.9942 44560 1547.4706080064 0.9959
1710 30240 1036.7965599925 0.9919 15829 1336.4818125123 0.9663 102014 912.4747474015 0.9969 33494 1169.2430691889 0.9943 15279 1432.1895499133 0.9746 46780 1048.2399784100 0.9942 44683 1547.1373542666 0.9961
1715 30330 1036.7965599925 0.9919 15877 1336.4818125123 0.9663 102307 912.4747474015 0.9969 33595 1169.2430691889 0.9943 15325 1432.1895499133 0.9746 46918 1048.2399784100 0.9942 44812 1547.1373542666 0.9961
1720 30421 1036.7965599925 0.9919 15926 1336.4818125123 0.9663 102606 912.4747474015 0.9969 33698 1169.2430691889 0.9943 15372 1432.1895499133 0.9746 47063 1048.2399784100 0.9942 44943 1547.1373542666 0.9961
1725 30503 1036.7965599925 0.9919 15975 1336.4818125123 0.9663 102903 912.4747474015 0.9969 33797 1169.2430691889 0.9943 15418 1432.1895499133 0.9746 47202 1048.2399784100 0.9942 45071 1547.1373542666 0.9961
1730 30578 1036.7965599925 0.9919 16022 1336.4818125123 0.9663 103197 912.4747474015 0.9969 33897 1169.2430691889 0.9943 15465 1432.1895499133 0.9746 47345 1048.2399784100 0.9942 45185 1547.1373542666 0.9961
1735 30666 1036.7965599925 0.9919 16069 1336.4818125123 0.9663 103496 912.4747474015 0.9969 33997 1169.2430691889 0.9943 15512 1432.1895499133 0.9746 47485 1048.2399784100 0.9942 45310 1547.1373542666 0.9961
1740 30755 1036.7965599925 0.9919 16118 1336.4818125123 0.9663 103789 912.4747474015 0.9969 34097 1169.2430691889 0.9943 15560 1432.1895499133 0.9746 47627 1048.2399784100 0.9942 45440 1547.1373542666 0.9961
1745 30842 1036.7965599925 0.9919 16166 1336.4818125123 0.9663 104077 912.4747474015 0.9969 34198 1169.2430691889 0.9943 15607 1432.1895499133 0.9746 47766 1048.2399784100 0.9942 45570 1547.1373542666 0.9961
1750 30933 1036.7965599925 0.9919 16214 1336.4818125123 0.9663 104364 912.4747474015 0.9969 34290 1169.2430691889 0.9943 15643 1432.1895499133 0.9746 47902 1048.2399784100 0.9942 45703 1547.1373542666 0.9961
1755 31020 1036.7965599925 0.9919 16264 1336.4818125123 0.9663 104651 912.4747474015 0.9969 34389 1169.2430691889 0.9943 15681 1432.1895499133 0.9746 48044 1048.2399784100 0.9942 45830 1547.1373542666 0.9961
1760 31108 1036.7965599925 0.9919 16312 1336.4818125123 0.9663 104939 912.4747474015 0.9969 34490 1169.2430691889 0.9943 15719 1432.1895499133 0.9746 48184 1048.2399784100 0.9942 45960 1547.1373542666 0.9961
1765 31197 1036.7965599925 0.9919 16360 1336.4818125123 0.9663 105235 912.4747474015 0.9969 34591 1169.2430691889 0.9943 15766 1432.1895499133 0.9746 48322 1048.2399784100 0.9942 46091 1547.1373542666 0.9961
1770 31283 1036.7965599925 0.9919 16409 1336.4818125123 0.9663 105526 912.4747474015 0.9969 34694 1169.2430691889 0.9943 15808 1432.1895499133 0.9746 48463 1048.2399784100 0.9942 46220 1547.1373542666 0.9961
1775 31365 1036.7965599925 0.9919 16456 1336.4818125123 0.9663 105810 912.4747474015 0.9969 34794 1169.2430691889 0.9943 15856 1432.1895499133 0.9746 48603 1048.2399784100 0.9942 46351 1547.1373542666 0.9961
1780 31448 1036.7965599925 0.9919 16505 1336.4818125123 0.9663 106099 912.4747474015 0.9969 34898 1169.2430691889 0.9943 15904 1432.1895499133 0.9746 48743 1048.2399784100 0.9942 46484 1547.1373542666 0.9961
1785 31528 1036.7965599925 0.9919 16554 1336.4818125123 0.9663 106393 912.4747474015 0.9969 34998 1169.2430691889 0.9943 15951 1432.1895499133 0.9746 48887 1048.2399784100 0.9942 46616 1547.1373542666 0.9961
1790 31607 1036.7965599925 0.9919 16601 1336.4818125123 0.9663 106686 912.4747474015 0.9969 35098 1169.2430691889 0.9943 15996 1432.1895499133 0.9746 49033 1048.2399784100 0.9942 46745 1547.1373542666 0.9961
1795 31692 1036.7965599925 0.9919 16650 1336.4818125123 0.9663 106981 912.4747474015 0.9969 35192 1169.2430691889 0.9943 16040 1432.1895499133 0.9746 49174 1048.2399784100 0.9942 46874 1547.1373542666 0.9961
1800 31783 1036.7965599925 0.9919 16697 1336.4818125123 0.9663 107249 912.4747474015 0.9969 35284 1169.2430691889 0.9943 16084 1432.1895499133 0.9746 49319 1048.2399784100 0.9942 47000 1547.1373542666 0.9961
