0 0 1840.7816307828 0.0000 
5 14 1164.9117870070 0.8828 
10 33 1117.1351852227 0.9206 
15 52 1088.5737813260 0.9447 
20 77 1073.4853800378 0.9580 
25 103 1072.6029274336 0.9588 
30 130 1062.5958425921 0.9678 
35 183 1060.2887652313 0.9699 
40 239 1058.4428025371 0.9716 
45 295 1057.9714675989 0.9721 
50 385 1054.0650594243 0.9757 
55 474 1051.6202944996 0.9779 
60 565 1044.6705152465 0.9844 
65 656 1044.6705152465 0.9844 
70 741 1044.6705152465 0.9844 
75 828 1044.6705152465 0.9844 
80 917 1044.6705152465 0.9844 
85 1008 1044.6705152465 0.9844 
90 1099 1044.6705152465 0.9844 
95 1188 1044.6705152465 0.9844 
100 1280 1044.6705152465 0.9844 
105 1370 1044.6705152465 0.9844 
110 1454 1044.6705152465 0.9844 
115 1526 1044.6705152465 0.9844 
120 1606 1044.6705152465 0.9844 
125 1695 1044.6705152465 0.9844 
130 1786 1044.6705152465 0.9844 
135 1874 1044.6705152465 0.9844 
140 1966 1044.6705152465 0.9844 
145 2053 1044.6705152465 0.9844 
150 2145 1044.2522718139 0.9848 
155 2235 1044.2522718139 0.9848 
160 2325 1044.2522718139 0.9848 
165 2414 1044.2522718139 0.9848 
170 2503 1043.7193955885 0.9853 
175 2591 1043.7193955885 0.9853 
180 2683 1043.7193955885 0.9853 
185 2773 1043.7193955885 0.9853 
190 2865 1043.7193955885 0.9853 
195 2952 1043.7193955885 0.9853 
200 3041 1043.7193955885 0.9853 
205 3131 1043.7193955885 0.9853 
210 3222 1043.7193955885 0.9853 
215 3299 1043.7193955885 0.9853 
220 3382 1043.7193955885 0.9853 
225 3454 1043.7193955885 0.9853 
230 3525 1043.7193955885 0.9853 
235 3585 1043.7193955885 0.9853 
240 3661 1043.7193955885 0.9853 
245 3747 1043.7193955885 0.9853 
250 3822 1043.7193955885 0.9853 
255 3906 1043.7193955885 0.9853 
260 3980 1043.7193955885 0.9853 
265 4054 1043.7193955885 0.9853 
270 4129 1043.7193955885 0.9853 
275 4205 1043.7193955885 0.9853 
280 4285 1043.7193955885 0.9853 
285 4357 1043.7193955885 0.9853 
290 4437 1043.7193955885 0.9853 
295 4529 1043.7193955885 0.9853 
300 4617 1043.7193955885 0.9853 
305 4707 1043.7193955885 0.9853 
310 4796 1043.7193955885 0.9853 
315 4876 1043.7193955885 0.9853 
320 4949 1043.7193955885 0.9853 
325 5022 1043.7193955885 0.9853 
330 5090 1043.7193955885 0.9853 
335 5168 1043.7193955885 0.9853 
340 5259 1043.7193955885 0.9853 
345 5349 1043.7193955885 0.9853 
350 5440 1043.7193955885 0.9853 
355 5529 1043.7193955885 0.9853 
360 5618 1043.7193955885 0.9853 
365 5708 1042.8845880370 0.9861 
370 5799 1042.8845880370 0.9861 
375 5889 1042.8845880370 0.9861 
380 5979 1042.8845880370 0.9861 
385 6070 1042.8845880370 0.9861 
390 6162 1042.8845880370 0.9861 
395 6253 1042.8845880370 0.9861 
400 6345 1042.8845880370 0.9861 
405 6436 1042.8845880370 0.9861 
410 6528 1042.8845880370 0.9861 
415 6621 1042.8845880370 0.9861 
420 6709 1042.8845880370 0.9861 
425 6801 1042.8845880370 0.9861 
430 6891 1042.8845880370 0.9861 
435 6983 1042.8845880370 0.9861 
440 7075 1042.8845880370 0.9861 
445 7165 1042.8845880370 0.9861 
450 7257 1042.8845880370 0.9861 
455 7347 1042.8845880370 0.9861 
460 7440 1039.4569047231 0.9894 
465 7532 1039.4569047231 0.9894 
470 7623 1039.4569047231 0.9894 
475 7716 1039.4569047231 0.9894 
480 7807 1039.4569047231 0.9894 
485 7902 1039.4569047231 0.9894 
490 7995 1039.4569047231 0.9894 
495 8087 1039.4569047231 0.9894 
500 8179 1039.4569047231 0.9894 
505 8271 1039.4569047231 0.9894 
510 8364 1039.4569047231 0.9894 
515 8455 1039.4569047231 0.9894 
520 8549 1039.4569047231 0.9894 
525 8640 1039.4569047231 0.9894 
530 8734 1039.4569047231 0.9894 
535 8828 1039.4569047231 0.9894 
540 8920 1039.4569047231 0.9894 
545 9010 1039.4569047231 0.9894 
550 9100 1039.4569047231 0.9894 
555 9192 1039.4569047231 0.9894 
560 9283 1039.4569047231 0.9894 
565 9374 1039.4569047231 0.9894 
570 9464 1039.4569047231 0.9894 
575 9554 1039.4569047231 0.9894 
580 9646 1038.8773025198 0.9899 
585 9738 1038.8773025198 0.9899 
590 9830 1038.8773025198 0.9899 
595 9919 1038.8773025198 0.9899 
600 10012 1038.8773025198 0.9899 
605 10104 1038.8773025198 0.9899 
610 10196 1038.8773025198 0.9899 
615 10288 1038.8773025198 0.9899 
620 10378 1038.8773025198 0.9899 
625 10467 1038.8773025198 0.9899 
630 10559 1038.8773025198 0.9899 
635 10653 1038.8773025198 0.9899 
640 10747 1038.8773025198 0.9899 
645 10840 1038.8773025198 0.9899 
650 10932 1038.8773025198 0.9899 
655 11025 1038.8773025198 0.9899 
660 11117 1038.8773025198 0.9899 
665 11208 1038.8773025198 0.9899 
670 11298 1038.8773025198 0.9899 
675 11387 1038.8773025198 0.9899 
680 11478 1038.8195019632 0.9900 
685 11571 1038.8195019632 0.9900 
690 11662 1038.8195019632 0.9900 
695 11752 1038.8195019632 0.9900 
700 11846 1038.8195019632 0.9900 
705 11937 1038.8195019632 0.9900 
710 12030 1038.8195019632 0.9900 
715 12121 1038.8195019632 0.9900 
720 12213 1038.8195019632 0.9900 
725 12306 1038.8195019632 0.9900 
730 12397 1038.8195019632 0.9900 
735 12487 1038.8195019632 0.9900 
740 12579 1038.8195019632 0.9900 
745 12669 1038.8195019632 0.9900 
750 12763 1038.8195019632 0.9900 
755 12854 1038.8195019632 0.9900 
760 12948 1038.8195019632 0.9900 
765 13040 1038.8195019632 0.9900 
770 13130 1038.8195019632 0.9900 
775 13221 1038.8195019632 0.9900 
780 13314 1038.8195019632 0.9900 
785 13405 1038.8195019632 0.9900 
790 13497 1038.8195019632 0.9900 
795 13588 1038.8195019632 0.9900 
800 13680 1038.8195019632 0.9900 
805 13770 1038.8195019632 0.9900 
810 13860 1038.8195019632 0.9900 
815 13953 1038.8195019632 0.9900 
820 14047 1038.8195019632 0.9900 
825 14137 1038.8195019632 0.9900 
830 14230 1038.8195019632 0.9900 
835 14323 1038.8195019632 0.9900 
840 14415 1038.8195019632 0.9900 
845 14506 1038.8195019632 0.9900 
850 14598 1038.8195019632 0.9900 
855 14689 1038.8195019632 0.9900 
860 14782 1038.8195019632 0.9900 
865 14873 1038.8195019632 0.9900 
870 14963 1038.8195019632 0.9900 
875 15055 1038.8195019632 0.9900 
880 15145 1038.8195019632 0.9900 
885 15234 1038.8195019632 0.9900 
890 15322 1038.8195019632 0.9900 
895 15412 1038.8195019632 0.9900 
900 15503 1038.8195019632 0.9900 
905 15596 1038.8195019632 0.9900 
910 15688 1038.8195019632 0.9900 
915 15778 1038.8195019632 0.9900 
920 15873 1038.8195019632 0.9900 
925 15966 1038.8195019632 0.9900 
930 16059 1038.8195019632 0.9900 
935 16150 1038.8195019632 0.9900 
940 16243 1038.8195019632 0.9900 
945 16334 1038.8195019632 0.9900 
950 16426 1038.8195019632 0.9900 
955 16518 1038.8195019632 0.9900 
960 16605 1038.8195019632 0.9900 
965 16699 1038.8195019632 0.9900 
970 16790 1038.8195019632 0.9900 
975 16880 1038.8195019632 0.9900 
980 16972 1038.8195019632 0.9900 
985 17066 1038.8195019632 0.9900 
990 17159 1038.8195019632 0.9900 
995 17248 1038.8195019632 0.9900 
1000 17336 1038.8195019632 0.9900 
1005 17425 1038.8195019632 0.9900 
1010 17514 1038.8195019632 0.9900 
1015 17606 1038.8195019632 0.9900 
1020 17697 1038.8195019632 0.9900 
1025 17784 1038.8195019632 0.9900 
1030 17874 1038.8195019632 0.9900 
1035 17965 1038.8195019632 0.9900 
1040 18057 1038.8195019632 0.9900 
1045 18148 1038.8195019632 0.9900 
1050 18241 1038.8195019632 0.9900 
1055 18333 1038.8195019632 0.9900 
1060 18426 1038.8195019632 0.9900 
1065 18517 1038.8195019632 0.9900 
1070 18609 1038.8195019632 0.9900 
1075 18701 1038.8195019632 0.9900 
1080 18796 1038.8195019632 0.9900 
1085 18888 1038.8195019632 0.9900 
1090 18980 1038.8195019632 0.9900 
1095 19072 1038.8195019632 0.9900 
1100 19167 1036.7965599925 0.9919 
1105 19258 1036.7965599925 0.9919 
1110 19349 1036.7965599925 0.9919 
1115 19441 1036.7965599925 0.9919 
1120 19531 1036.7965599925 0.9919 
1125 19623 1036.7965599925 0.9919 
1130 19715 1036.7965599925 0.9919 
1135 19807 1036.7965599925 0.9919 
1140 19897 1036.7965599925 0.9919 
1145 19984 1036.7965599925 0.9919 
1150 20074 1036.7965599925 0.9919 
1155 20159 1036.7965599925 0.9919 
1160 20250 1036.7965599925 0.9919 
1165 20343 1036.7965599925 0.9919 
1170 20436 1036.7965599925 0.9919 
1175 20530 1036.7965599925 0.9919 
1180 20624 1036.7965599925 0.9919 
1185 20718 1036.7965599925 0.9919 
1190 20811 1036.7965599925 0.9919 
1195 20901 1036.7965599925 0.9919 
1200 20991 1036.7965599925 0.9919 
1205 21085 1036.7965599925 0.9919 
1210 21179 1036.7965599925 0.9919 
1215 21272 1036.7965599925 0.9919 
1220 21364 1036.7965599925 0.9919 
1225 21456 1036.7965599925 0.9919 
1230 21547 1036.7965599925 0.9919 
1235 21639 1036.7965599925 0.9919 
1240 21731 1036.7965599925 0.9919 
1245 21822 1036.7965599925 0.9919 
1250 21917 1036.7965599925 0.9919 
1255 22010 1036.7965599925 0.9919 
1260 22101 1036.7965599925 0.9919 
1265 22192 1036.7965599925 0.9919 
1270 22284 1036.7965599925 0.9919 
1275 22376 1036.7965599925 0.9919 
1280 22469 1036.7965599925 0.9919 
1285 22560 1036.7965599925 0.9919 
1290 22652 1036.7965599925 0.9919 
1295 22743 1036.7965599925 0.9919 
1300 22837 1036.7965599925 0.9919 
1305 22928 1036.7965599925 0.9919 
1310 23020 1036.7965599925 0.9919 
1315 23110 1036.7965599925 0.9919 
1320 23203 1036.7965599925 0.9919 
1325 23292 1036.7965599925 0.9919 
1330 23382 1036.7965599925 0.9919 
1335 23472 1036.7965599925 0.9919 
1340 23566 1036.7965599925 0.9919 
1345 23660 1036.7965599925 0.9919 
1350 23752 1036.7965599925 0.9919 
1355 23845 1036.7965599925 0.9919 
1360 23937 1036.7965599925 0.9919 
1365 24029 1036.7965599925 0.9919 
1370 24125 1036.7965599925 0.9919 
1375 24219 1036.7965599925 0.9919 
1380 24311 1036.7965599925 0.9919 
1385 24401 1036.7965599925 0.9919 
1390 24495 1036.7965599925 0.9919 
1395 24588 1036.7965599925 0.9919 
1400 24680 1036.7965599925 0.9919 
1405 24773 1036.7965599925 0.9919 
1410 24864 1036.7965599925 0.9919 
1415 24956 1036.7965599925 0.9919 
1420 25048 1036.7965599925 0.9919 
1425 25142 1036.7965599925 0.9919 
1430 25236 1036.7965599925 0.9919 
1435 25326 1036.7965599925 0.9919 
1440 25414 1036.7965599925 0.9919 
1445 25501 1036.7965599925 0.9919 
1450 25592 1036.7965599925 0.9919 
1455 25684 1036.7965599925 0.9919 
1460 25773 1036.7965599925 0.9919 
1465 25867 1036.7965599925 0.9919 
1470 25960 1036.7965599925 0.9919 
1475 26054 1036.7965599925 0.9919 
1480 26148 1036.7965599925 0.9919 
1485 26241 1036.7965599925 0.9919 
1490 26332 1036.7965599925 0.9919 
1495 26424 1036.7965599925 0.9919 
1500 26510 1036.7965599925 0.9919 
1505 26591 1036.7965599925 0.9919 
1510 26683 1036.7965599925 0.9919 
1515 26775 1036.7965599925 0.9919 
1520 26868 1036.7965599925 0.9919 
1525 26962 1036.7965599925 0.9919 
1530 27052 1036.7965599925 0.9919 
1535 27140 1036.7965599925 0.9919 
1540 27215 1036.7965599925 0.9919 
1545 27290 1036.7965599925 0.9919 
1550 27374 1036.7965599925 0.9919 
1555 27461 1036.7965599925 0.9919 
1560 27549 1036.7965599925 0.9919 
1565 27618 1036.7965599925 0.9919 
1570 27706 1036.7965599925 0.9919 
1575 27799 1036.7965599925 0.9919 
1580 27892 1036.7965599925 0.9919 
1585 27983 1036.7965599925 0.9919 
1590 28076 1036.7965599925 0.9919 
1595 28167 1036.7965599925 0.9919 
1600 28260 1036.7965599925 0.9919 
1605 28354 1036.7965599925 0.9919 
1610 28449 1036.7965599925 0.9919 
1615 28542 1036.7965599925 0.9919 
1620 28629 1036.7965599925 0.9919 
1625 28721 1036.7965599925 0.9919 
1630 28812 1036.7965599925 0.9919 
1635 28903 1036.7965599925 0.9919 
1640 28993 1036.7965599925 0.9919 
1645 29081 1036.7965599925 0.9919 
1650 29170 1036.7965599925 0.9919 
1655 29258 1036.7965599925 0.9919 
1660 29349 1036.7965599925 0.9919 
1665 29440 1036.7965599925 0.9919 
1670 29531 1036.7965599925 0.9919 
1675 29615 1036.7965599925 0.9919 
1680 29705 1036.7965599925 0.9919 
1685 29792 1036.7965599925 0.9919 
1690 29881 1036.7965599925 0.9919 
1695 29971 1036.7965599925 0.9919 
1700 30057 1036.7965599925 0.9919 
1705 30147 1036.7965599925 0.9919 
1710 30240 1036.7965599925 0.9919 
1715 30330 1036.7965599925 0.9919 
1720 30421 1036.7965599925 0.9919 
1725 30503 1036.7965599925 0.9919 
1730 30578 1036.7965599925 0.9919 
1735 30666 1036.7965599925 0.9919 
1740 30755 1036.7965599925 0.9919 
1745 30842 1036.7965599925 0.9919 
1750 30933 1036.7965599925 0.9919 
1755 31020 1036.7965599925 0.9919 
1760 31108 1036.7965599925 0.9919 
1765 31197 1036.7965599925 0.9919 
1770 31283 1036.7965599925 0.9919 
1775 31365 1036.7965599925 0.9919 
1780 31448 1036.7965599925 0.9919 
1785 31528 1036.7965599925 0.9919 
1790 31607 1036.7965599925 0.9919 
1795 31692 1036.7965599925 0.9919 
1800 31783 1036.7965599925 0.9919 
