0 0 2037.0971029466 0.0000 
5 12 1590.0296966592 0.8122 
10 24 1567.3986581535 0.8239 
15 33 1465.0066512385 0.8815 
20 42 1434.7381328275 0.9001 
25 51 1420.6122002944 0.9091 
30 61 1409.9064709146 0.9160 
35 71 1405.8234392108 0.9186 
40 83 1404.7647246507 0.9193 
45 95 1403.4890310743 0.9202 
50 112 1401.3942393148 0.9215 
55 131 1399.0562326207 0.9231 
60 150 1398.0126549833 0.9238 
65 189 1397.9959076058 0.9238 
70 236 1389.6304996589 0.9293 
75 286 1388.7015674708 0.9300 
80 333 1383.9178469205 0.9332 
85 382 1373.5188448303 0.9402 
90 427 1372.0314489335 0.9413 
95 473 1369.1053007023 0.9433 
100 518 1369.1053007023 0.9433 
105 564 1369.1053007023 0.9433 
110 612 1364.4426654339 0.9465 
115 663 1362.1873664899 0.9481 
120 713 1362.1873664899 0.9481 
125 758 1362.1873664899 0.9481 
130 806 1362.1873664899 0.9481 
135 858 1361.0218297399 0.9489 
140 906 1360.9730048491 0.9489 
145 957 1360.9730048491 0.9489 
150 1006 1360.9730048491 0.9489 
155 1054 1360.9730048491 0.9489 
160 1102 1360.9730048491 0.9489 
165 1151 1360.9730048491 0.9489 
170 1200 1360.9730048491 0.9489 
175 1250 1360.9730048491 0.9489 
180 1299 1360.9730048491 0.9489 
185 1349 1360.9730048491 0.9489 
190 1397 1360.9730048491 0.9489 
195 1447 1360.9730048491 0.9489 
200 1494 1360.9730048491 0.9489 
205 1543 1360.9730048491 0.9489 
210 1591 1360.4531199923 0.9493 
215 1639 1360.4531199923 0.9493 
220 1689 1360.4531199923 0.9493 
225 1734 1360.4531199923 0.9493 
230 1783 1360.4531199923 0.9493 
235 1828 1360.4531199923 0.9493 
240 1873 1360.4531199923 0.9493 
245 1918 1360.4531199923 0.9493 
250 1965 1360.4531199923 0.9493 
255 2013 1360.4531199923 0.9493 
260 2053 1360.4531199923 0.9493 
265 2098 1360.4531199923 0.9493 
270 2143 1360.4531199923 0.9493 
275 2189 1360.4531199923 0.9493 
280 2233 1360.4531199923 0.9493 
285 2281 1360.4531199923 0.9493 
290 2327 1357.7949575927 0.9511 
295 2373 1355.8074601434 0.9525 
300 2420 1355.7798796239 0.9526 
305 2461 1352.7968018482 0.9547 
310 2508 1352.5290453737 0.9548 
315 2557 1352.5170384688 0.9548 
320 2604 1352.5170384688 0.9548 
325 2653 1352.5170384688 0.9548 
330 2701 1352.5170384688 0.9548 
335 2749 1352.5170384688 0.9548 
340 2794 1352.5170384688 0.9548 
345 2841 1352.5170384688 0.9548 
350 2885 1352.5170384688 0.9548 
355 2923 1352.5170384688 0.9548 
360 2970 1352.5170384688 0.9548 
365 3015 1352.5170384688 0.9548 
370 3056 1352.5170384688 0.9548 
375 3101 1352.5170384688 0.9548 
380 3147 1352.5170384688 0.9548 
385 3195 1352.5170384688 0.9548 
390 3237 1352.5170384688 0.9548 
395 3278 1352.5170384688 0.9548 
400 3326 1352.5170384688 0.9548 
405 3373 1352.5170384688 0.9548 
410 3421 1352.5170384688 0.9548 
415 3468 1352.5170384688 0.9548 
420 3515 1352.5170384688 0.9548 
425 3563 1352.5170384688 0.9548 
430 3610 1352.5170384688 0.9548 
435 3657 1352.5170384688 0.9548 
440 3703 1352.5170384688 0.9548 
445 3748 1352.5170384688 0.9548 
450 3796 1352.5170384688 0.9548 
455 3842 1352.5170384688 0.9548 
460 3891 1352.5170384688 0.9548 
465 3940 1352.5170384688 0.9548 
470 3987 1352.5170384688 0.9548 
475 4034 1352.5170384688 0.9548 
480 4080 1352.5170384688 0.9548 
485 4126 1352.5170384688 0.9548 
490 4175 1352.5170384688 0.9548 
495 4220 1352.5170384688 0.9548 
500 4269 1351.8236626725 0.9553 
505 4317 1351.5810219854 0.9555 
510 4364 1351.5810219854 0.9555 
515 4410 1351.5810219854 0.9555 
520 4456 1351.5810219854 0.9555 
525 4504 1351.5810219854 0.9555 
530 4551 1351.5810219854 0.9555 
535 4598 1351.5810219854 0.9555 
540 4641 1351.5810219854 0.9555 
545 4679 1351.5810219854 0.9555 
550 4721 1351.5810219854 0.9555 
555 4768 1351.5810219854 0.9555 
560 4812 1351.5810219854 0.9555 
565 4857 1351.5810219854 0.9555 
570 4902 1351.5810219854 0.9555 
575 4946 1351.5810219854 0.9555 
580 4989 1351.5810219854 0.9555 
585 5037 1351.5810219854 0.9555 
590 5081 1351.5810219854 0.9555 
595 5130 1351.5810219854 0.9555 
600 5174 1351.5810219854 0.9555 
605 5221 1351.5810219854 0.9555 
610 5267 1351.5810219854 0.9555 
615 5314 1351.5810219854 0.9555 
620 5360 1351.5810219854 0.9555 
625 5409 1351.5810219854 0.9555 
630 5455 1351.5810219854 0.9555 
635 5504 1351.4070833737 0.9556 
640 5553 1351.4070833737 0.9556 
645 5601 1351.4070833737 0.9556 
650 5647 1350.6529244622 0.9562 
655 5693 1350.6529244622 0.9562 
660 5741 1349.4561307311 0.9570 
665 5790 1349.4561307311 0.9570 
670 5837 1349.4561307311 0.9570 
675 5884 1349.4561307311 0.9570 
680 5929 1348.9917684343 0.9573 
685 5974 1347.8650768277 0.9581 
690 6021 1347.8650768277 0.9581 
695 6067 1347.8650768277 0.9581 
700 6117 1347.8650768277 0.9581 
705 6166 1347.8650768277 0.9581 
710 6211 1347.8650768277 0.9581 
715 6255 1347.8650768277 0.9581 
720 6296 1347.8650768277 0.9581 
725 6344 1347.8650768277 0.9581 
730 6390 1347.8650768277 0.9581 
735 6438 1347.8650768277 0.9581 
740 6488 1347.8650768277 0.9581 
745 6537 1347.8650768277 0.9581 
750 6585 1347.8650768277 0.9581 
755 6634 1347.8650768277 0.9581 
760 6684 1347.8650768277 0.9581 
765 6734 1347.8650768277 0.9581 
770 6781 1346.8633291358 0.9589 
775 6830 1345.2752892788 0.9600 
780 6879 1343.4021692279 0.9613 
785 6928 1343.1524429521 0.9615 
790 6975 1343.1524429521 0.9615 
795 7022 1342.1208846501 0.9622 
800 7069 1342.0394948714 0.9623 
805 7120 1341.9119060130 0.9624 
810 7167 1341.9119060130 0.9624 
815 7214 1341.9119060130 0.9624 
820 7261 1341.9119060130 0.9624 
825 7310 1341.9119060130 0.9624 
830 7358 1341.9119060130 0.9624 
835 7407 1341.9119060130 0.9624 
840 7455 1341.9119060130 0.9624 
845 7503 1341.9119060130 0.9624 
850 7553 1341.9119060130 0.9624 
855 7599 1341.9119060130 0.9624 
860 7650 1341.9119060130 0.9624 
865 7697 1341.9119060130 0.9624 
870 7746 1341.9119060130 0.9624 
875 7792 1341.9119060130 0.9624 
880 7840 1341.9119060130 0.9624 
885 7884 1341.9119060130 0.9624 
890 7930 1341.9119060130 0.9624 
895 7977 1341.9119060130 0.9624 
900 8026 1341.9119060130 0.9624 
905 8074 1341.9119060130 0.9624 
910 8122 1341.9119060130 0.9624 
915 8165 1341.9119060130 0.9624 
920 8211 1341.9119060130 0.9624 
925 8259 1341.9119060130 0.9624 
930 8308 1341.9119060130 0.9624 
935 8357 1341.9119060130 0.9624 
940 8406 1341.9119060130 0.9624 
945 8454 1341.9119060130 0.9624 
950 8502 1341.9119060130 0.9624 
955 8551 1341.9119060130 0.9624 
960 8599 1341.9119060130 0.9624 
965 8647 1341.9119060130 0.9624 
970 8698 1341.9119060130 0.9624 
975 8746 1341.9119060130 0.9624 
980 8794 1341.9119060130 0.9624 
985 8843 1341.9119060130 0.9624 
990 8892 1341.9119060130 0.9624 
995 8943 1341.9119060130 0.9624 
1000 8991 1341.9119060130 0.9624 
1005 9038 1341.9119060130 0.9624 
1010 9086 1341.9119060130 0.9624 
1015 9136 1341.9119060130 0.9624 
1020 9187 1341.9119060130 0.9624 
1025 9237 1341.9119060130 0.9624 
1030 9286 1341.9119060130 0.9624 
1035 9335 1341.9119060130 0.9624 
1040 9384 1341.9119060130 0.9624 
1045 9431 1341.9119060130 0.9624 
1050 9481 1341.9119060130 0.9624 
1055 9532 1341.9119060130 0.9624 
1060 9582 1341.9119060130 0.9624 
1065 9631 1341.9119060130 0.9624 
1070 9679 1341.9119060130 0.9624 
1075 9728 1341.9119060130 0.9624 
1080 9776 1341.9119060130 0.9624 
1085 9827 1341.9119060130 0.9624 
1090 9875 1341.9119060130 0.9624 
1095 9925 1341.9119060130 0.9624 
1100 9974 1341.9119060130 0.9624 
1105 10021 1341.9119060130 0.9624 
1110 10070 1341.9119060130 0.9624 
1115 10118 1341.9119060130 0.9624 
1120 10166 1341.9119060130 0.9624 
1125 10214 1341.9119060130 0.9624 
1130 10261 1341.9119060130 0.9624 
1135 10309 1341.9119060130 0.9624 
1140 10356 1341.9119060130 0.9624 
1145 10404 1341.9119060130 0.9624 
1150 10451 1341.9119060130 0.9624 
1155 10498 1341.9119060130 0.9624 
1160 10545 1341.9119060130 0.9624 
1165 10594 1341.9119060130 0.9624 
1170 10642 1341.9119060130 0.9624 
1175 10691 1341.9119060130 0.9624 
1180 10739 1341.9119060130 0.9624 
1185 10786 1341.9119060130 0.9624 
1190 10834 1341.9119060130 0.9624 
1195 10881 1341.9119060130 0.9624 
1200 10927 1341.9119060130 0.9624 
1205 10971 1341.9119060130 0.9624 
1210 11013 1341.9119060130 0.9624 
1215 11059 1341.9119060130 0.9624 
1220 11105 1341.9119060130 0.9624 
1225 11147 1341.9119060130 0.9624 
1230 11188 1341.9119060130 0.9624 
1235 11231 1341.9119060130 0.9624 
1240 11275 1341.9119060130 0.9624 
1245 11310 1341.9119060130 0.9624 
1250 11356 1341.9119060130 0.9624 
1255 11402 1341.9119060130 0.9624 
1260 11447 1341.9119060130 0.9624 
1265 11493 1341.9119060130 0.9624 
1270 11540 1341.9119060130 0.9624 
1275 11587 1341.9119060130 0.9624 
1280 11632 1341.9119060130 0.9624 
1285 11678 1341.9119060130 0.9624 
1290 11724 1341.9119060130 0.9624 
1295 11771 1341.9119060130 0.9624 
1300 11818 1341.9119060130 0.9624 
1305 11868 1340.1008478994 0.9637 
1310 11915 1340.1008478994 0.9637 
1315 11963 1340.1008478994 0.9637 
1320 12010 1338.9577301509 0.9645 
1325 12058 1338.9577301509 0.9645 
1330 12108 1337.6831383462 0.9654 
1335 12157 1337.6831383462 0.9654 
1340 12205 1337.6292801624 0.9655 
1345 12254 1337.6292801624 0.9655 
1350 12301 1337.6291435687 0.9655 
1355 12351 1337.6291435687 0.9655 
1360 12399 1337.3389920175 0.9657 
1365 12448 1337.3389920175 0.9657 
1370 12497 1337.3389920175 0.9657 
1375 12546 1337.3389920175 0.9657 
1380 12596 1337.3389920175 0.9657 
1385 12645 1337.3389920175 0.9657 
1390 12695 1337.3389920175 0.9657 
1395 12745 1337.3389920175 0.9657 
1400 12794 1337.3389920175 0.9657 
1405 12844 1337.3389920175 0.9657 
1410 12893 1337.3389920175 0.9657 
1415 12943 1337.3389920175 0.9657 
1420 12993 1337.3389920175 0.9657 
1425 13043 1337.3389920175 0.9657 
1430 13091 1337.3389920175 0.9657 
1435 13141 1337.3389920175 0.9657 
1440 13189 1337.3389920175 0.9657 
1445 13238 1337.3389920175 0.9657 
1450 13286 1337.3389920175 0.9657 
1455 13334 1337.3389920175 0.9657 
1460 13384 1336.9102426710 0.9660 
1465 13433 1336.9102426710 0.9660 
1470 13484 1336.4935971083 0.9663 
1475 13533 1336.4818125123 0.9663 
1480 13583 1336.4818125123 0.9663 
1485 13632 1336.4818125123 0.9663 
1490 13680 1336.4818125123 0.9663 
1495 13729 1336.4818125123 0.9663 
1500 13778 1336.4818125123 0.9663 
1505 13826 1336.4818125123 0.9663 
1510 13873 1336.4818125123 0.9663 
1515 13922 1336.4818125123 0.9663 
1520 13971 1336.4818125123 0.9663 
1525 14019 1336.4818125123 0.9663 
1530 14068 1336.4818125123 0.9663 
1535 14116 1336.4818125123 0.9663 
1540 14164 1336.4818125123 0.9663 
1545 14214 1336.4818125123 0.9663 
1550 14264 1336.4818125123 0.9663 
1555 14311 1336.4818125123 0.9663 
1560 14361 1336.4818125123 0.9663 
1565 14411 1336.4818125123 0.9663 
1570 14462 1336.4818125123 0.9663 
1575 14511 1336.4818125123 0.9663 
1580 14561 1336.4818125123 0.9663 
1585 14611 1336.4818125123 0.9663 
1590 14660 1336.4818125123 0.9663 
1595 14705 1336.4818125123 0.9663 
1600 14754 1336.4818125123 0.9663 
1605 14804 1336.4818125123 0.9663 
1610 14855 1336.4818125123 0.9663 
1615 14905 1336.4818125123 0.9663 
1620 14952 1336.4818125123 0.9663 
1625 15001 1336.4818125123 0.9663 
1630 15048 1336.4818125123 0.9663 
1635 15097 1336.4818125123 0.9663 
1640 15146 1336.4818125123 0.9663 
1645 15195 1336.4818125123 0.9663 
1650 15244 1336.4818125123 0.9663 
1655 15291 1336.4818125123 0.9663 
1660 15342 1336.4818125123 0.9663 
1665 15390 1336.4818125123 0.9663 
1670 15439 1336.4818125123 0.9663 
1675 15487 1336.4818125123 0.9663 
1680 15535 1336.4818125123 0.9663 
1685 15583 1336.4818125123 0.9663 
1690 15633 1336.4818125123 0.9663 
1695 15682 1336.4818125123 0.9663 
1700 15731 1336.4818125123 0.9663 
1705 15779 1336.4818125123 0.9663 
1710 15829 1336.4818125123 0.9663 
1715 15877 1336.4818125123 0.9663 
1720 15926 1336.4818125123 0.9663 
1725 15975 1336.4818125123 0.9663 
1730 16022 1336.4818125123 0.9663 
1735 16069 1336.4818125123 0.9663 
1740 16118 1336.4818125123 0.9663 
1745 16166 1336.4818125123 0.9663 
1750 16214 1336.4818125123 0.9663 
1755 16264 1336.4818125123 0.9663 
1760 16312 1336.4818125123 0.9663 
1765 16360 1336.4818125123 0.9663 
1770 16409 1336.4818125123 0.9663 
1775 16456 1336.4818125123 0.9663 
1780 16505 1336.4818125123 0.9663 
1785 16554 1336.4818125123 0.9663 
1790 16601 1336.4818125123 0.9663 
1795 16650 1336.4818125123 0.9663 
1800 16697 1336.4818125123 0.9663 
