0 0 1214.8693552683 0.0000 
5 275 1214.8693552683 0.0000 
10 565 1214.8693552683 0.0000 
15 858 1214.8693552683 0.0000 
20 1151 1214.8693552683 0.0000 
25 1442 1214.8693552683 0.0000 
30 1730 1214.8693552683 0.0000 
35 2024 1214.8693552683 0.0000 
40 2315 1214.8693552683 0.0000 
45 2609 1214.8693552683 0.0000 
50 2901 1214.8693552683 0.0000 
55 3189 1214.8693552683 0.0000 
60 3480 1214.8693552683 0.0000 
65 3776 915.6357815177 0.9935 
70 4068 915.6357815177 0.9935 
75 4362 915.6357815177 0.9935 
80 4651 915.6357815177 0.9935 
85 4926 915.6357815177 0.9935 
90 5225 915.6357815177 0.9935 
95 5516 915.6357815177 0.9935 
100 5813 915.6357815177 0.9935 
105 6099 915.6357815177 0.9935 
110 6395 915.6357815177 0.9935 
115 6692 915.6357815177 0.9935 
120 6991 915.6357815177 0.9935 
125 7280 915.6357815177 0.9935 
130 7575 915.6357815177 0.9935 
135 7867 915.6357815177 0.9935 
140 8163 915.6357815177 0.9935 
145 8455 915.6357815177 0.9935 
150 8747 915.6357815177 0.9935 
155 9045 915.6357815177 0.9935 
160 9341 915.6357815177 0.9935 
165 9639 915.6357815177 0.9935 
170 9942 915.6357815177 0.9935 
175 10247 915.6357815177 0.9935 
180 10547 915.6357815177 0.9935 
185 10850 915.6357815177 0.9935 
190 11152 915.6357815177 0.9935 
195 11461 915.6357815177 0.9935 
200 11763 915.6357815177 0.9935 
205 12064 915.6357815177 0.9935 
210 12365 915.6357815177 0.9935 
215 12665 915.6357815177 0.9935 
220 12969 915.6357815177 0.9935 
225 13275 915.6357815177 0.9935 
230 13579 915.6357815177 0.9935 
235 13885 915.6357815177 0.9935 
240 14189 915.6357815177 0.9935 
245 14490 915.6357815177 0.9935 
250 14791 915.6357815177 0.9935 
255 15098 915.6357815177 0.9935 
260 15402 915.6357815177 0.9935 
265 15702 915.6357815177 0.9935 
270 16010 915.6357815177 0.9935 
275 16322 915.6357815177 0.9935 
280 16629 915.6357815177 0.9935 
285 16935 915.6357815177 0.9935 
290 17240 912.4747474015 0.9969 
295 17544 912.4747474015 0.9969 
300 17851 912.4747474015 0.9969 
305 18151 912.4747474015 0.9969 
310 18456 912.4747474015 0.9969 
315 18765 912.4747474015 0.9969 
320 19072 912.4747474015 0.9969 
325 19373 912.4747474015 0.9969 
330 19681 912.4747474015 0.9969 
335 19981 912.4747474015 0.9969 
340 20289 912.4747474015 0.9969 
345 20587 912.4747474015 0.9969 
350 20889 912.4747474015 0.9969 
355 21187 912.4747474015 0.9969 
360 21484 912.4747474015 0.9969 
365 21782 912.4747474015 0.9969 
370 22086 912.4747474015 0.9969 
375 22391 912.4747474015 0.9969 
380 22685 912.4747474015 0.9969 
385 22974 912.4747474015 0.9969 
390 23277 912.4747474015 0.9969 
395 23576 912.4747474015 0.9969 
400 23880 912.4747474015 0.9969 
405 24178 912.4747474015 0.9969 
410 24480 912.4747474015 0.9969 
415 24776 912.4747474015 0.9969 
420 25076 912.4747474015 0.9969 
425 25373 912.4747474015 0.9969 
430 25671 912.4747474015 0.9969 
435 25971 912.4747474015 0.9969 
440 26267 912.4747474015 0.9969 
445 26565 912.4747474015 0.9969 
450 26867 912.4747474015 0.9969 
455 27165 912.4747474015 0.9969 
460 27470 912.4747474015 0.9969 
465 27765 912.4747474015 0.9969 
470 28071 912.4747474015 0.9969 
475 28370 912.4747474015 0.9969 
480 28668 912.4747474015 0.9969 
485 28970 912.4747474015 0.9969 
490 29270 912.4747474015 0.9969 
495 29568 912.4747474015 0.9969 
500 29870 912.4747474015 0.9969 
505 30172 912.4747474015 0.9969 
510 30475 912.4747474015 0.9969 
515 30773 912.4747474015 0.9969 
520 31074 912.4747474015 0.9969 
525 31377 912.4747474015 0.9969 
530 31681 912.4747474015 0.9969 
535 31980 912.4747474015 0.9969 
540 32279 912.4747474015 0.9969 
545 32581 912.4747474015 0.9969 
550 32879 912.4747474015 0.9969 
555 33178 912.4747474015 0.9969 
560 33478 912.4747474015 0.9969 
565 33783 912.4747474015 0.9969 
570 34085 912.4747474015 0.9969 
575 34379 912.4747474015 0.9969 
580 34679 912.4747474015 0.9969 
585 34980 912.4747474015 0.9969 
590 35274 912.4747474015 0.9969 
595 35580 912.4747474015 0.9969 
600 35873 912.4747474015 0.9969 
605 36169 912.4747474015 0.9969 
610 36475 912.4747474015 0.9969 
615 36772 912.4747474015 0.9969 
620 37069 912.4747474015 0.9969 
625 37371 912.4747474015 0.9969 
630 37675 912.4747474015 0.9969 
635 37981 912.4747474015 0.9969 
640 38276 912.4747474015 0.9969 
645 38575 912.4747474015 0.9969 
650 38880 912.4747474015 0.9969 
655 39180 912.4747474015 0.9969 
660 39485 912.4747474015 0.9969 
665 39790 912.4747474015 0.9969 
670 40092 912.4747474015 0.9969 
675 40394 912.4747474015 0.9969 
680 40697 912.4747474015 0.9969 
685 41003 912.4747474015 0.9969 
690 41307 912.4747474015 0.9969 
695 41608 912.4747474015 0.9969 
700 41914 912.4747474015 0.9969 
705 42214 912.4747474015 0.9969 
710 42514 912.4747474015 0.9969 
715 42815 912.4747474015 0.9969 
720 43117 912.4747474015 0.9969 
725 43420 912.4747474015 0.9969 
730 43721 912.4747474015 0.9969 
735 44021 912.4747474015 0.9969 
740 44318 912.4747474015 0.9969 
745 44615 912.4747474015 0.9969 
750 44913 912.4747474015 0.9969 
755 45213 912.4747474015 0.9969 
760 45516 912.4747474015 0.9969 
765 45821 912.4747474015 0.9969 
770 46122 912.4747474015 0.9969 
775 46426 912.4747474015 0.9969 
780 46731 912.4747474015 0.9969 
785 47027 912.4747474015 0.9969 
790 47323 912.4747474015 0.9969 
795 47626 912.4747474015 0.9969 
800 47927 912.4747474015 0.9969 
805 48230 912.4747474015 0.9969 
810 48526 912.4747474015 0.9969 
815 48825 912.4747474015 0.9969 
820 49125 912.4747474015 0.9969 
825 49424 912.4747474015 0.9969 
830 49721 912.4747474015 0.9969 
835 50022 912.4747474015 0.9969 
840 50322 912.4747474015 0.9969 
845 50618 912.4747474015 0.9969 
850 50918 912.4747474015 0.9969 
855 51217 912.4747474015 0.9969 
860 51517 912.4747474015 0.9969 
865 51817 912.4747474015 0.9969 
870 52119 912.4747474015 0.9969 
875 52417 912.4747474015 0.9969 
880 52724 912.4747474015 0.9969 
885 53025 912.4747474015 0.9969 
890 53329 912.4747474015 0.9969 
895 53632 912.4747474015 0.9969 
900 53926 912.4747474015 0.9969 
905 54224 912.4747474015 0.9969 
910 54521 912.4747474015 0.9969 
915 54821 912.4747474015 0.9969 
920 55122 912.4747474015 0.9969 
925 55425 912.4747474015 0.9969 
930 55725 912.4747474015 0.9969 
935 56029 912.4747474015 0.9969 
940 56329 912.4747474015 0.9969 
945 56632 912.4747474015 0.9969 
950 56930 912.4747474015 0.9969 
955 57232 912.4747474015 0.9969 
960 57531 912.4747474015 0.9969 
965 57827 912.4747474015 0.9969 
970 58129 912.4747474015 0.9969 
975 58431 912.4747474015 0.9969 
980 58731 912.4747474015 0.9969 
985 59028 912.4747474015 0.9969 
990 59323 912.4747474015 0.9969 
995 59619 912.4747474015 0.9969 
1000 59918 912.4747474015 0.9969 
1005 60217 912.4747474015 0.9969 
1010 60519 912.4747474015 0.9969 
1015 60819 912.4747474015 0.9969 
1020 61116 912.4747474015 0.9969 
1025 61413 912.4747474015 0.9969 
1030 61707 912.4747474015 0.9969 
1035 62008 912.4747474015 0.9969 
1040 62313 912.4747474015 0.9969 
1045 62615 912.4747474015 0.9969 
1050 62911 912.4747474015 0.9969 
1055 63202 912.4747474015 0.9969 
1060 63504 912.4747474015 0.9969 
1065 63800 912.4747474015 0.9969 
1070 64105 912.4747474015 0.9969 
1075 64407 912.4747474015 0.9969 
1080 64700 912.4747474015 0.9969 
1085 64996 912.4747474015 0.9969 
1090 65297 912.4747474015 0.9969 
1095 65593 912.4747474015 0.9969 
1100 65888 912.4747474015 0.9969 
1105 66184 912.4747474015 0.9969 
1110 66484 912.4747474015 0.9969 
1115 66782 912.4747474015 0.9969 
1120 67083 912.4747474015 0.9969 
1125 67381 912.4747474015 0.9969 
1130 67670 912.4747474015 0.9969 
1135 67955 912.4747474015 0.9969 
1140 68239 912.4747474015 0.9969 
1145 68522 912.4747474015 0.9969 
1150 68812 912.4747474015 0.9969 
1155 69108 912.4747474015 0.9969 
1160 69406 912.4747474015 0.9969 
1165 69700 912.4747474015 0.9969 
1170 69996 912.4747474015 0.9969 
1175 70297 912.4747474015 0.9969 
1180 70599 912.4747474015 0.9969 
1185 70892 912.4747474015 0.9969 
1190 71185 912.4747474015 0.9969 
1195 71474 912.4747474015 0.9969 
1200 71743 912.4747474015 0.9969 
1205 72017 912.4747474015 0.9969 
1210 72296 912.4747474015 0.9969 
1215 72598 912.4747474015 0.9969 
1220 72895 912.4747474015 0.9969 
1225 73194 912.4747474015 0.9969 
1230 73495 912.4747474015 0.9969 
1235 73790 912.4747474015 0.9969 
1240 74093 912.4747474015 0.9969 
1245 74393 912.4747474015 0.9969 
1250 74696 912.4747474015 0.9969 
1255 74994 912.4747474015 0.9969 
1260 75290 912.4747474015 0.9969 
1265 75588 912.4747474015 0.9969 
1270 75883 912.4747474015 0.9969 
1275 76183 912.4747474015 0.9969 
1280 76481 912.4747474015 0.9969 
1285 76776 912.4747474015 0.9969 
1290 77070 912.4747474015 0.9969 
1295 77366 912.4747474015 0.9969 
1300 77658 912.4747474015 0.9969 
1305 77954 912.4747474015 0.9969 
1310 78253 912.4747474015 0.9969 
1315 78552 912.4747474015 0.9969 
1320 78859 912.4747474015 0.9969 
1325 79158 912.4747474015 0.9969 
1330 79455 912.4747474015 0.9969 
1335 79756 912.4747474015 0.9969 
1340 80053 912.4747474015 0.9969 
1345 80353 912.4747474015 0.9969 
1350 80653 912.4747474015 0.9969 
1355 80949 912.4747474015 0.9969 
1360 81249 912.4747474015 0.9969 
1365 81545 912.4747474015 0.9969 
1370 81844 912.4747474015 0.9969 
1375 82138 912.4747474015 0.9969 
1380 82429 912.4747474015 0.9969 
1385 82707 912.4747474015 0.9969 
1390 82985 912.4747474015 0.9969 
1395 83279 912.4747474015 0.9969 
1400 83577 912.4747474015 0.9969 
1405 83874 912.4747474015 0.9969 
1410 84172 912.4747474015 0.9969 
1415 84469 912.4747474015 0.9969 
1420 84765 912.4747474015 0.9969 
1425 85049 912.4747474015 0.9969 
1430 85339 912.4747474015 0.9969 
1435 85641 912.4747474015 0.9969 
1440 85933 912.4747474015 0.9969 
1445 86228 912.4747474015 0.9969 
1450 86528 912.4747474015 0.9969 
1455 86822 912.4747474015 0.9969 
1460 87108 912.4747474015 0.9969 
1465 87393 912.4747474015 0.9969 
1470 87680 912.4747474015 0.9969 
1475 87967 912.4747474015 0.9969 
1480 88259 912.4747474015 0.9969 
1485 88558 912.4747474015 0.9969 
1490 88862 912.4747474015 0.9969 
1495 89161 912.4747474015 0.9969 
1500 89459 912.4747474015 0.9969 
1505 89754 912.4747474015 0.9969 
1510 90043 912.4747474015 0.9969 
1515 90345 912.4747474015 0.9969 
1520 90648 912.4747474015 0.9969 
1525 90952 912.4747474015 0.9969 
1530 91254 912.4747474015 0.9969 
1535 91556 912.4747474015 0.9969 
1540 91855 912.4747474015 0.9969 
1545 92158 912.4747474015 0.9969 
1550 92457 912.4747474015 0.9969 
1555 92757 912.4747474015 0.9969 
1560 93056 912.4747474015 0.9969 
1565 93354 912.4747474015 0.9969 
1570 93652 912.4747474015 0.9969 
1575 93950 912.4747474015 0.9969 
1580 94243 912.4747474015 0.9969 
1585 94543 912.4747474015 0.9969 
1590 94846 912.4747474015 0.9969 
1595 95146 912.4747474015 0.9969 
1600 95447 912.4747474015 0.9969 
1605 95750 912.4747474015 0.9969 
1610 96053 912.4747474015 0.9969 
1615 96356 912.4747474015 0.9969 
1620 96653 912.4747474015 0.9969 
1625 96948 912.4747474015 0.9969 
1630 97242 912.4747474015 0.9969 
1635 97540 912.4747474015 0.9969 
1640 97839 912.4747474015 0.9969 
1645 98135 912.4747474015 0.9969 
1650 98433 912.4747474015 0.9969 
1655 98733 912.4747474015 0.9969 
1660 99029 912.4747474015 0.9969 
1665 99330 912.4747474015 0.9969 
1670 99625 912.4747474015 0.9969 
1675 99927 912.4747474015 0.9969 
1680 100225 912.4747474015 0.9969 
1685 100523 912.4747474015 0.9969 
1690 100823 912.4747474015 0.9969 
1695 101118 912.4747474015 0.9969 
1700 101421 912.4747474015 0.9969 
1705 101721 912.4747474015 0.9969 
1710 102014 912.4747474015 0.9969 
1715 102307 912.4747474015 0.9969 
1720 102606 912.4747474015 0.9969 
1725 102903 912.4747474015 0.9969 
1730 103197 912.4747474015 0.9969 
1735 103496 912.4747474015 0.9969 
1740 103789 912.4747474015 0.9969 
1745 104077 912.4747474015 0.9969 
1750 104364 912.4747474015 0.9969 
1755 104651 912.4747474015 0.9969 
1760 104939 912.4747474015 0.9969 
1765 105235 912.4747474015 0.9969 
1770 105526 912.4747474015 0.9969 
1775 105810 912.4747474015 0.9969 
1780 106099 912.4747474015 0.9969 
1785 106393 912.4747474015 0.9969 
1790 106686 912.4747474015 0.9969 
1795 106981 912.4747474015 0.9969 
1800 107249 912.4747474015 0.9969 
