0 0 2173.1794443863 0.0000 
5 11 2173.1794443863 0.0000 
10 22 2173.1794443863 0.0000 
15 34 2173.1794443863 0.0000 
20 46 2173.1794443863 0.0000 
25 59 2173.1794443863 0.0000 
30 72 2173.1794443863 0.0000 
35 87 2173.1794443863 0.0000 
40 103 2173.1794443863 0.0000 
45 118 2173.1794443863 0.0000 
50 144 2173.1794443863 0.0000 
55 171 2173.1794443863 0.0000 
60 200 2173.1794443863 0.0000 
65 245 2173.1794443863 0.0000 
70 291 2173.1794443863 0.0000 
75 338 2173.1794443863 0.0000 
80 384 2173.1794443863 0.0000 
85 431 1500.5960347755 0.9302 
90 480 1495.8951558640 0.9331 
95 528 1493.2623431481 0.9348 
100 573 1487.5958362923 0.9383 
105 618 1484.5508410009 0.9403 
110 662 1484.5508410009 0.9403 
115 709 1484.5508410009 0.9403 
120 755 1484.5508410009 0.9403 
125 801 1484.5508410009 0.9403 
130 845 1484.5508410009 0.9403 
135 890 1484.5508410009 0.9403 
140 934 1484.5508410009 0.9403 
145 979 1484.5508410009 0.9403 
150 1018 1484.5508410009 0.9403 
155 1060 1484.5508410009 0.9403 
160 1107 1484.5508410009 0.9403 
165 1150 1484.5508410009 0.9403 
170 1198 1484.5508410009 0.9403 
175 1245 1484.5508410009 0.9403 
180 1294 1484.5508410009 0.9403 
185 1340 1484.5508410009 0.9403 
190 1386 1484.5508410009 0.9403 
195 1434 1484.5508410009 0.9403 
200 1484 1484.5508410009 0.9403 
205 1532 1484.5508410009 0.9403 
210 1577 1484.5508410009 0.9403 
215 1626 1484.5508410009 0.9403 
220 1674 1484.5508410009 0.9403 
225 1722 1484.5508410009 0.9403 
230 1771 1484.5508410009 0.9403 
235 1818 1484.5508410009 0.9403 
240 1867 1484.5508410009 0.9403 
245 1912 1484.5508410009 0.9403 
250 1959 1484.5508410009 0.9403 
255 2005 1484.5508410009 0.9403 
260 2051 1484.5508410009 0.9403 
265 2099 1484.5508410009 0.9403 
270 2148 1484.5508410009 0.9403 
275 2197 1484.5508410009 0.9403 
280 2244 1484.5508410009 0.9403 
285 2292 1484.5508410009 0.9403 
290 2341 1484.5508410009 0.9403 
295 2388 1484.5508410009 0.9403 
300 2436 1484.5508410009 0.9403 
305 2484 1484.5508410009 0.9403 
310 2533 1484.5508410009 0.9403 
315 2582 1484.5508410009 0.9403 
320 2630 1484.5508410009 0.9403 
325 2678 1484.5508410009 0.9403 
330 2725 1484.5508410009 0.9403 
335 2773 1484.5508410009 0.9403 
340 2822 1484.5508410009 0.9403 
345 2870 1484.5508410009 0.9403 
350 2918 1484.5508410009 0.9403 
355 2967 1484.5508410009 0.9403 
360 3017 1484.5508410009 0.9403 
365 3065 1484.5508410009 0.9403 
370 3112 1484.5508410009 0.9403 
375 3160 1484.5508410009 0.9403 
380 3207 1484.5508410009 0.9403 
385 3253 1484.5508410009 0.9403 
390 3301 1484.5508410009 0.9403 
395 3352 1484.5508410009 0.9403 
400 3400 1484.5508410009 0.9403 
405 3449 1484.5508410009 0.9403 
410 3498 1484.5508410009 0.9403 
415 3546 1484.5508410009 0.9403 
420 3594 1484.5508410009 0.9403 
425 3642 1484.5508410009 0.9403 
430 3691 1484.5508410009 0.9403 
435 3740 1484.5508410009 0.9403 
440 3789 1484.5508410009 0.9403 
445 3838 1484.5508410009 0.9403 
450 3886 1484.5508410009 0.9403 
455 3934 1484.5508410009 0.9403 
460 3980 1484.5508410009 0.9403 
465 4025 1484.5508410009 0.9403 
470 4073 1484.5508410009 0.9403 
475 4121 1484.5508410009 0.9403 
480 4169 1484.5508410009 0.9403 
485 4218 1484.5508410009 0.9403 
490 4265 1484.5508410009 0.9403 
495 4314 1484.5508410009 0.9403 
500 4362 1484.5508410009 0.9403 
505 4411 1484.5508410009 0.9403 
510 4457 1484.5508410009 0.9403 
515 4503 1484.5508410009 0.9403 
520 4550 1484.5508410009 0.9403 
525 4596 1484.5508410009 0.9403 
530 4645 1484.5508410009 0.9403 
535 4693 1484.5508410009 0.9403 
540 4740 1484.5508410009 0.9403 
545 4789 1484.5508410009 0.9403 
550 4836 1484.5508410009 0.9403 
555 4884 1484.5508410009 0.9403 
560 4932 1484.5508410009 0.9403 
565 4980 1484.5508410009 0.9403 
570 5029 1484.5508410009 0.9403 
575 5079 1484.5508410009 0.9403 
580 5128 1484.5508410009 0.9403 
585 5176 1484.5508410009 0.9403 
590 5223 1484.5508410009 0.9403 
595 5272 1484.5508410009 0.9403 
600 5320 1484.5508410009 0.9403 
605 5368 1484.5508410009 0.9403 
610 5416 1484.5508410009 0.9403 
615 5463 1484.5508410009 0.9403 
620 5509 1484.5508410009 0.9403 
625 5557 1484.5508410009 0.9403 
630 5606 1484.5508410009 0.9403 
635 5656 1484.5508410009 0.9403 
640 5702 1484.5508410009 0.9403 
645 5750 1484.5508410009 0.9403 
650 5799 1484.5508410009 0.9403 
655 5847 1484.5508410009 0.9403 
660 5893 1484.5508410009 0.9403 
665 5942 1484.5508410009 0.9403 
670 5989 1484.5508410009 0.9403 
675 6037 1484.5508410009 0.9403 
680 6086 1484.5508410009 0.9403 
685 6134 1484.5508410009 0.9403 
690 6180 1484.5508410009 0.9403 
695 6228 1484.5508410009 0.9403 
700 6277 1484.5508410009 0.9403 
705 6326 1484.5508410009 0.9403 
710 6373 1484.5508410009 0.9403 
715 6421 1484.5508410009 0.9403 
720 6467 1484.5508410009 0.9403 
725 6516 1484.5508410009 0.9403 
730 6564 1484.5508410009 0.9403 
735 6612 1484.5508410009 0.9403 
740 6660 1484.5508410009 0.9403 
745 6707 1484.5508410009 0.9403 
750 6753 1484.5508410009 0.9403 
755 6802 1484.5508410009 0.9403 
760 6850 1484.5508410009 0.9403 
765 6897 1484.5508410009 0.9403 
770 6940 1484.5508410009 0.9403 
775 6989 1484.5508410009 0.9403 
780 7038 1484.5508410009 0.9403 
785 7086 1484.5508410009 0.9403 
790 7132 1484.5508410009 0.9403 
795 7183 1484.5508410009 0.9403 
800 7232 1484.5508410009 0.9403 
805 7280 1484.5508410009 0.9403 
810 7328 1484.5508410009 0.9403 
815 7374 1484.5508410009 0.9403 
820 7418 1484.5508410009 0.9403 
825 7462 1484.5508410009 0.9403 
830 7507 1484.5508410009 0.9403 
835 7551 1484.5508410009 0.9403 
840 7597 1484.5508410009 0.9403 
845 7640 1484.5508410009 0.9403 
850 7683 1484.5508410009 0.9403 
855 7726 1484.5508410009 0.9403 
860 7769 1484.5508410009 0.9403 
865 7809 1484.5508410009 0.9403 
870 7855 1484.5508410009 0.9403 
875 7900 1484.5508410009 0.9403 
880 7946 1484.5508410009 0.9403 
885 7988 1484.5508410009 0.9403 
890 8031 1484.5508410009 0.9403 
895 8077 1484.5508410009 0.9403 
900 8123 1484.5508410009 0.9403 
905 8167 1484.5508410009 0.9403 
910 8213 1484.5508410009 0.9403 
915 8258 1484.5508410009 0.9403 
920 8301 1484.5508410009 0.9403 
925 8347 1484.5508410009 0.9403 
930 8391 1484.5508410009 0.9403 
935 8435 1484.5508410009 0.9403 
940 8478 1484.5508410009 0.9403 
945 8516 1484.5508410009 0.9403 
950 8556 1484.5508410009 0.9403 
955 8596 1484.5508410009 0.9403 
960 8636 1484.5508410009 0.9403 
965 8677 1484.5508410009 0.9403 
970 8717 1484.5508410009 0.9403 
975 8757 1484.5508410009 0.9403 
980 8797 1484.5508410009 0.9403 
985 8845 1484.5508410009 0.9403 
990 8889 1484.5508410009 0.9403 
995 8932 1484.5508410009 0.9403 
1000 8978 1484.5508410009 0.9403 
1005 9025 1484.5508410009 0.9403 
1010 9071 1484.5508410009 0.9403 
1015 9115 1484.5508410009 0.9403 
1020 9162 1484.5508410009 0.9403 
1025 9205 1484.5508410009 0.9403 
1030 9250 1484.5508410009 0.9403 
1035 9290 1484.5508410009 0.9403 
1040 9331 1484.5508410009 0.9403 
1045 9372 1484.5508410009 0.9403 
1050 9416 1484.5508410009 0.9403 
1055 9461 1484.5508410009 0.9403 
1060 9509 1484.5508410009 0.9403 
1065 9551 1484.5508410009 0.9403 
1070 9595 1484.5508410009 0.9403 
1075 9643 1484.5508410009 0.9403 
1080 9685 1484.5508410009 0.9403 
1085 9730 1484.5508410009 0.9403 
1090 9775 1484.5508410009 0.9403 
1095 9821 1484.5508410009 0.9403 
1100 9867 1484.5508410009 0.9403 
1105 9912 1484.5508410009 0.9403 
1110 9956 1436.4817930911 0.9717 
1115 9995 1436.4817930911 0.9717 
1120 10040 1436.4817930911 0.9717 
1125 10090 1436.4817930911 0.9717 
1130 10137 1436.4817930911 0.9717 
1135 10186 1436.4817930911 0.9717 
1140 10233 1436.4817930911 0.9717 
1145 10281 1436.4817930911 0.9717 
1150 10328 1436.4817930911 0.9717 
1155 10377 1436.4817930911 0.9717 
1160 10426 1435.9608592143 0.9721 
1165 10477 1435.9608592143 0.9721 
1170 10525 1435.9608592143 0.9721 
1175 10571 1435.9608592143 0.9721 
1180 10608 1435.9608592143 0.9721 
1185 10644 1435.9608592143 0.9721 
1190 10683 1435.9608592143 0.9721 
1195 10730 1435.9608592143 0.9721 
1200 10777 1435.9608592143 0.9721 
1205 10820 1435.9608592143 0.9721 
1210 10860 1435.9608592143 0.9721 
1215 10902 1435.9608592143 0.9721 
1220 10943 1435.9608592143 0.9721 
1225 10984 1435.9608592143 0.9721 
1230 11032 1435.9608592143 0.9721 
1235 11075 1435.9608592143 0.9721 
1240 11118 1435.9608592143 0.9721 
1245 11161 1435.9608592143 0.9721 
1250 11203 1435.9608592143 0.9721 
1255 11246 1435.9608592143 0.9721 
1260 11288 1435.9608592143 0.9721 
1265 11330 1433.2762205068 0.9739 
1270 11375 1433.2762205068 0.9739 
1275 11418 1433.2083848092 0.9739 
1280 11458 1433.2083848092 0.9739 
1285 11496 1433.2083848092 0.9739 
1290 11540 1433.2083848092 0.9739 
1295 11582 1433.2083848092 0.9739 
1300 11626 1433.2083848092 0.9739 
1305 11669 1433.2083848092 0.9739 
1310 11711 1433.2083848092 0.9739 
1315 11752 1433.2083848092 0.9739 
1320 11796 1433.2083848092 0.9739 
1325 11839 1433.2083848092 0.9739 
1330 11882 1433.2083848092 0.9739 
1335 11926 1433.2083848092 0.9739 
1340 11973 1433.2083848092 0.9739 
1345 12020 1433.2083848092 0.9739 
1350 12067 1433.2083848092 0.9739 
1355 12112 1433.2083848092 0.9739 
1360 12160 1433.2083848092 0.9739 
1365 12203 1433.2083848092 0.9739 
1370 12248 1433.2083848092 0.9739 
1375 12296 1433.2083848092 0.9739 
1380 12341 1433.2083848092 0.9739 
1385 12389 1433.2083848092 0.9739 
1390 12435 1433.2083848092 0.9739 
1395 12480 1433.2083848092 0.9739 
1400 12526 1433.2083848092 0.9739 
1405 12573 1433.2083848092 0.9739 
1410 12618 1433.2083848092 0.9739 
1415 12665 1432.1895499133 0.9746 
1420 12713 1432.1895499133 0.9746 
1425 12760 1432.1895499133 0.9746 
1430 12808 1432.1895499133 0.9746 
1435 12855 1432.1895499133 0.9746 
1440 12901 1432.1895499133 0.9746 
1445 12948 1432.1895499133 0.9746 
1450 12995 1432.1895499133 0.9746 
1455 13043 1432.1895499133 0.9746 
1460 13091 1432.1895499133 0.9746 
1465 13137 1432.1895499133 0.9746 
1470 13182 1432.1895499133 0.9746 
1475 13224 1432.1895499133 0.9746 
1480 13267 1432.1895499133 0.9746 
1485 13310 1432.1895499133 0.9746 
1490 13352 1432.1895499133 0.9746 
1495 13397 1432.1895499133 0.9746 
1500 13441 1432.1895499133 0.9746 
1505 13485 1432.1895499133 0.9746 
1510 13528 1432.1895499133 0.9746 
1515 13575 1432.1895499133 0.9746 
1520 13620 1432.1895499133 0.9746 
1525 13662 1432.1895499133 0.9746 
1530 13708 1432.1895499133 0.9746 
1535 13751 1432.1895499133 0.9746 
1540 13795 1432.1895499133 0.9746 
1545 13838 1432.1895499133 0.9746 
1550 13880 1432.1895499133 0.9746 
1555 13925 1432.1895499133 0.9746 
1560 13969 1432.1895499133 0.9746 
1565 14015 1432.1895499133 0.9746 
1570 14049 1432.1895499133 0.9746 
1575 14090 1432.1895499133 0.9746 
1580 14131 1432.1895499133 0.9746 
1585 14169 1432.1895499133 0.9746 
1590 14215 1432.1895499133 0.9746 
1595 14263 1432.1895499133 0.9746 
1600 14305 1432.1895499133 0.9746 
1605 14348 1432.1895499133 0.9746 
1610 14389 1432.1895499133 0.9746 
1615 14433 1432.1895499133 0.9746 
1620 14476 1432.1895499133 0.9746 
1625 14518 1432.1895499133 0.9746 
1630 14562 1432.1895499133 0.9746 
1635 14610 1432.1895499133 0.9746 
1640 14653 1432.1895499133 0.9746 
1645 14698 1432.1895499133 0.9746 
1650 14744 1432.1895499133 0.9746 
1655 14790 1432.1895499133 0.9746 
1660 14834 1432.1895499133 0.9746 
1665 14878 1432.1895499133 0.9746 
1670 14924 1432.1895499133 0.9746 
1675 14968 1432.1895499133 0.9746 
1680 15014 1432.1895499133 0.9746 
1685 15056 1432.1895499133 0.9746 
1690 15099 1432.1895499133 0.9746 
1695 15139 1432.1895499133 0.9746 
1700 15183 1432.1895499133 0.9746 
1705 15232 1432.1895499133 0.9746 
1710 15279 1432.1895499133 0.9746 
1715 15325 1432.1895499133 0.9746 
1720 15372 1432.1895499133 0.9746 
1725 15418 1432.1895499133 0.9746 
1730 15465 1432.1895499133 0.9746 
1735 15512 1432.1895499133 0.9746 
1740 15560 1432.1895499133 0.9746 
1745 15607 1432.1895499133 0.9746 
1750 15643 1432.1895499133 0.9746 
1755 15681 1432.1895499133 0.9746 
1760 15719 1432.1895499133 0.9746 
1765 15766 1432.1895499133 0.9746 
1770 15808 1432.1895499133 0.9746 
1775 15856 1432.1895499133 0.9746 
1780 15904 1432.1895499133 0.9746 
1785 15951 1432.1895499133 0.9746 
1790 15996 1432.1895499133 0.9746 
1795 16040 1432.1895499133 0.9746 
1800 16084 1432.1895499133 0.9746 
