0 0 1445.8882389027 0.0000 
5 44 1445.8882389027 0.0000 
10 79 1445.8882389027 0.0000 
15 116 1445.8882389027 0.0000 
20 234 1061.4349651459 0.9818 
25 362 1061.4349651459 0.9818 
30 502 1061.4349651459 0.9818 
35 639 1061.4349651459 0.9818 
40 781 1061.4349651459 0.9818 
45 917 1061.4349651459 0.9818 
50 1059 1061.4349651459 0.9818 
55 1196 1061.4349651459 0.9818 
60 1342 1061.4349651459 0.9818 
65 1484 1061.4349651459 0.9818 
70 1630 1061.4349651459 0.9818 
75 1768 1061.4349651459 0.9818 
80 1913 1061.4349651459 0.9818 
85 2060 1061.4349651459 0.9818 
90 2205 1061.4349651459 0.9818 
95 2349 1061.4349651459 0.9818 
100 2495 1061.4349651459 0.9818 
105 2640 1061.4349651459 0.9818 
110 2788 1061.4349651459 0.9818 
115 2932 1061.4349651459 0.9818 
120 3080 1061.4349651459 0.9818 
125 3227 1061.4349651459 0.9818 
130 3374 1061.4349651459 0.9818 
135 3509 1055.2162531742 0.9876 
140 3644 1055.2162531742 0.9876 
145 3791 1055.2162531742 0.9876 
150 3937 1055.2162531742 0.9876 
155 4081 1055.2162531742 0.9876 
160 4230 1055.2162531742 0.9876 
165 4373 1055.2162531742 0.9876 
170 4518 1055.2162531742 0.9876 
175 4665 1055.2162531742 0.9876 
180 4813 1055.2162531742 0.9876 
185 4957 1055.2162531742 0.9876 
190 5107 1055.2162531742 0.9876 
195 5253 1055.2162531742 0.9876 
200 5401 1055.2162531742 0.9876 
205 5547 1055.2162531742 0.9876 
210 5696 1055.2162531742 0.9876 
215 5842 1055.2162531742 0.9876 
220 5986 1055.2162531742 0.9876 
225 6128 1055.2162531742 0.9876 
230 6275 1055.2162531742 0.9876 
235 6418 1055.2162531742 0.9876 
240 6562 1055.2162531742 0.9876 
245 6707 1055.2162531742 0.9876 
250 6853 1055.2162531742 0.9876 
255 6996 1055.2162531742 0.9876 
260 7141 1055.2162531742 0.9876 
265 7288 1055.2162531742 0.9876 
270 7435 1055.2162531742 0.9876 
275 7578 1055.2162531742 0.9876 
280 7725 1055.2162531742 0.9876 
285 7867 1055.2162531742 0.9876 
290 8012 1055.2162531742 0.9876 
295 8153 1055.2162531742 0.9876 
300 8298 1055.2162531742 0.9876 
305 8440 1055.2162531742 0.9876 
310 8583 1055.2162531742 0.9876 
315 8726 1055.2162531742 0.9876 
320 8867 1055.2162531742 0.9876 
325 9010 1055.2162531742 0.9876 
330 9151 1055.2162531742 0.9876 
335 9290 1055.2162531742 0.9876 
340 9433 1055.2162531742 0.9876 
345 9574 1055.2162531742 0.9876 
350 9717 1055.2162531742 0.9876 
355 9863 1055.2162531742 0.9876 
360 10008 1055.2162531742 0.9876 
365 10144 1055.2162531742 0.9876 
370 10287 1055.2162531742 0.9876 
375 10429 1055.2162531742 0.9876 
380 10573 1055.2162531742 0.9876 
385 10716 1055.2162531742 0.9876 
390 10859 1055.2162531742 0.9876 
395 11000 1055.2162531742 0.9876 
400 11141 1055.2162531742 0.9876 
405 11280 1055.2162531742 0.9876 
410 11422 1055.2162531742 0.9876 
415 11555 1055.2162531742 0.9876 
420 11664 1055.2162531742 0.9876 
425 11792 1055.2162531742 0.9876 
430 11931 1055.2162531742 0.9876 
435 12066 1055.2162531742 0.9876 
440 12201 1055.2162531742 0.9876 
445 12343 1055.2162531742 0.9876 
450 12484 1055.2162531742 0.9876 
455 12625 1055.2162531742 0.9876 
460 12764 1055.2162531742 0.9876 
465 12898 1055.2162531742 0.9876 
470 13040 1055.2162531742 0.9876 
475 13174 1055.2162531742 0.9876 
480 13314 1055.2162531742 0.9876 
485 13455 1055.2162531742 0.9876 
490 13597 1055.2162531742 0.9876 
495 13733 1055.2162531742 0.9876 
500 13872 1055.2162531742 0.9876 
505 14010 1055.2162531742 0.9876 
510 14151 1055.2162531742 0.9876 
515 14286 1055.2162531742 0.9876 
520 14429 1055.2162531742 0.9876 
525 14568 1055.2162531742 0.9876 
530 14709 1055.2162531742 0.9876 
535 14844 1055.2162531742 0.9876 
540 14984 1055.2162531742 0.9876 
545 15122 1055.2162531742 0.9876 
550 15259 1055.2162531742 0.9876 
555 15391 1055.2162531742 0.9876 
560 15524 1055.2162531742 0.9876 
565 15662 1055.2162531742 0.9876 
570 15798 1055.2162531742 0.9876 
575 15928 1055.2162531742 0.9876 
580 16069 1055.2162531742 0.9876 
585 16199 1055.2162531742 0.9876 
590 16336 1055.2162531742 0.9876 
595 16464 1055.2162531742 0.9876 
600 16569 1055.2162531742 0.9876 
605 16689 1055.2162531742 0.9876 
610 16825 1055.2162531742 0.9876 
615 16954 1055.2162531742 0.9876 
620 17089 1055.2162531742 0.9876 
625 17211 1055.2162531742 0.9876 
630 17348 1055.2162531742 0.9876 
635 17484 1055.2162531742 0.9876 
640 17622 1055.2162531742 0.9876 
645 17764 1055.2162531742 0.9876 
650 17897 1055.2162531742 0.9876 
655 18028 1055.2162531742 0.9876 
660 18168 1055.2162531742 0.9876 
665 18294 1055.2162531742 0.9876 
670 18432 1055.2162531742 0.9876 
675 18561 1055.2162531742 0.9876 
680 18686 1055.2162531742 0.9876 
685 18812 1055.2162531742 0.9876 
690 18948 1055.2162531742 0.9876 
695 19080 1055.2162531742 0.9876 
700 19210 1055.2162531742 0.9876 
705 19348 1055.2162531742 0.9876 
710 19494 1055.2162531742 0.9876 
715 19630 1055.2162531742 0.9876 
720 19771 1055.2162531742 0.9876 
725 19912 1055.2162531742 0.9876 
730 20041 1055.2162531742 0.9876 
735 20180 1055.2162531742 0.9876 
740 20321 1055.2162531742 0.9876 
745 20462 1055.2162531742 0.9876 
750 20605 1055.2162531742 0.9876 
755 20745 1055.2162531742 0.9876 
760 20888 1055.2162531742 0.9876 
765 21018 1055.2162531742 0.9876 
770 21163 1055.2162531742 0.9876 
775 21303 1055.2162531742 0.9876 
780 21446 1055.2162531742 0.9876 
785 21583 1055.2162531742 0.9876 
790 21723 1055.2162531742 0.9876 
795 21863 1055.2162531742 0.9876 
800 22001 1055.2162531742 0.9876 
805 22144 1055.2162531742 0.9876 
810 22291 1055.2162531742 0.9876 
815 22432 1055.2162531742 0.9876 
820 22575 1055.2162531742 0.9876 
825 22712 1054.6275518795 0.9881 
830 22849 1054.6275518795 0.9881 
835 22986 1054.6275518795 0.9881 
840 23128 1054.6275518795 0.9881 
845 23269 1054.6275518795 0.9881 
850 23384 1054.6275518795 0.9881 
855 23504 1054.6275518795 0.9881 
860 23611 1054.6275518795 0.9881 
865 23732 1054.6275518795 0.9881 
870 23861 1054.6275518795 0.9881 
875 24000 1054.6275518795 0.9881 
880 24142 1054.6275518795 0.9881 
885 24274 1054.6275518795 0.9881 
890 24411 1054.6275518795 0.9881 
895 24547 1049.2213237086 0.9932 
900 24686 1049.2213237086 0.9932 
905 24817 1049.2213237086 0.9932 
910 24958 1049.2213237086 0.9932 
915 25096 1049.2213237086 0.9932 
920 25240 1049.2213237086 0.9932 
925 25383 1049.2213237086 0.9932 
930 25523 1049.2213237086 0.9932 
935 25665 1049.2213237086 0.9932 
940 25807 1049.2213237086 0.9932 
945 25947 1049.2213237086 0.9932 
950 26089 1049.2213237086 0.9932 
955 26230 1048.4449415379 0.9940 
960 26372 1048.2399784100 0.9942 
965 26504 1048.2399784100 0.9942 
970 26638 1048.2399784100 0.9942 
975 26773 1048.2399784100 0.9942 
980 26911 1048.2399784100 0.9942 
985 27033 1048.2399784100 0.9942 
990 27173 1048.2399784100 0.9942 
995 27313 1048.2399784100 0.9942 
1000 27456 1048.2399784100 0.9942 
1005 27595 1048.2399784100 0.9942 
1010 27733 1048.2399784100 0.9942 
1015 27870 1048.2399784100 0.9942 
1020 28008 1048.2399784100 0.9942 
1025 28142 1048.2399784100 0.9942 
1030 28284 1048.2399784100 0.9942 
1035 28418 1048.2399784100 0.9942 
1040 28556 1048.2399784100 0.9942 
1045 28695 1048.2399784100 0.9942 
1050 28836 1048.2399784100 0.9942 
1055 28974 1048.2399784100 0.9942 
1060 29110 1048.2399784100 0.9942 
1065 29247 1048.2399784100 0.9942 
1070 29385 1048.2399784100 0.9942 
1075 29518 1048.2399784100 0.9942 
1080 29657 1048.2399784100 0.9942 
1085 29801 1048.2399784100 0.9942 
1090 29941 1048.2399784100 0.9942 
1095 30077 1048.2399784100 0.9942 
1100 30187 1048.2399784100 0.9942 
1105 30324 1048.2399784100 0.9942 
1110 30464 1048.2399784100 0.9942 
1115 30599 1048.2399784100 0.9942 
1120 30738 1048.2399784100 0.9942 
1125 30875 1048.2399784100 0.9942 
1130 31016 1048.2399784100 0.9942 
1135 31159 1048.2399784100 0.9942 
1140 31304 1048.2399784100 0.9942 
1145 31434 1048.2399784100 0.9942 
1150 31561 1048.2399784100 0.9942 
1155 31698 1048.2399784100 0.9942 
1160 31830 1048.2399784100 0.9942 
1165 31952 1048.2399784100 0.9942 
1170 32078 1048.2399784100 0.9942 
1175 32213 1048.2399784100 0.9942 
1180 32332 1048.2399784100 0.9942 
1185 32459 1048.2399784100 0.9942 
1190 32591 1048.2399784100 0.9942 
1195 32726 1048.2399784100 0.9942 
1200 32859 1048.2399784100 0.9942 
1205 32988 1048.2399784100 0.9942 
1210 33116 1048.2399784100 0.9942 
1215 33229 1048.2399784100 0.9942 
1220 33337 1048.2399784100 0.9942 
1225 33439 1048.2399784100 0.9942 
1230 33558 1048.2399784100 0.9942 
1235 33696 1048.2399784100 0.9942 
1240 33838 1048.2399784100 0.9942 
1245 33978 1048.2399784100 0.9942 
1250 34093 1048.2399784100 0.9942 
1255 34186 1048.2399784100 0.9942 
1260 34284 1048.2399784100 0.9942 
1265 34401 1048.2399784100 0.9942 
1270 34527 1048.2399784100 0.9942 
1275 34667 1048.2399784100 0.9942 
1280 34804 1048.2399784100 0.9942 
1285 34946 1048.2399784100 0.9942 
1290 35086 1048.2399784100 0.9942 
1295 35227 1048.2399784100 0.9942 
1300 35366 1048.2399784100 0.9942 
1305 35506 1048.2399784100 0.9942 
1310 35649 1048.2399784100 0.9942 
1315 35791 1048.2399784100 0.9942 
1320 35925 1048.2399784100 0.9942 
1325 36053 1048.2399784100 0.9942 
1330 36192 1048.2399784100 0.9942 
1335 36337 1048.2399784100 0.9942 
1340 36481 1048.2399784100 0.9942 
1345 36623 1048.2399784100 0.9942 
1350 36768 1048.2399784100 0.9942 
1355 36906 1048.2399784100 0.9942 
1360 37041 1048.2399784100 0.9942 
1365 37177 1048.2399784100 0.9942 
1370 37323 1048.2399784100 0.9942 
1375 37463 1048.2399784100 0.9942 
1380 37602 1048.2399784100 0.9942 
1385 37743 1048.2399784100 0.9942 
1390 37888 1048.2399784100 0.9942 
1395 38032 1048.2399784100 0.9942 
1400 38176 1048.2399784100 0.9942 
1405 38316 1048.2399784100 0.9942 
1410 38458 1048.2399784100 0.9942 
1415 38596 1048.2399784100 0.9942 
1420 38735 1048.2399784100 0.9942 
1425 38877 1048.2399784100 0.9942 
1430 39018 1048.2399784100 0.9942 
1435 39161 1048.2399784100 0.9942 
1440 39300 1048.2399784100 0.9942 
1445 39435 1048.2399784100 0.9942 
1450 39577 1048.2399784100 0.9942 
1455 39711 1048.2399784100 0.9942 
1460 39848 1048.2399784100 0.9942 
1465 39988 1048.2399784100 0.9942 
1470 40130 1048.2399784100 0.9942 
1475 40272 1048.2399784100 0.9942 
1480 40415 1048.2399784100 0.9942 
1485 40557 1048.2399784100 0.9942 
1490 40700 1048.2399784100 0.9942 
1495 40838 1048.2399784100 0.9942 
1500 40975 1048.2399784100 0.9942 
1505 41112 1048.2399784100 0.9942 
1510 41247 1048.2399784100 0.9942 
1515 41381 1048.2399784100 0.9942 
1520 41518 1048.2399784100 0.9942 
1525 41658 1048.2399784100 0.9942 
1530 41803 1048.2399784100 0.9942 
1535 41945 1048.2399784100 0.9942 
1540 42079 1048.2399784100 0.9942 
1545 42203 1048.2399784100 0.9942 
1550 42327 1048.2399784100 0.9942 
1555 42447 1048.2399784100 0.9942 
1560 42565 1048.2399784100 0.9942 
1565 42696 1048.2399784100 0.9942 
1570 42832 1048.2399784100 0.9942 
1575 42960 1048.2399784100 0.9942 
1580 43104 1048.2399784100 0.9942 
1585 43247 1048.2399784100 0.9942 
1590 43393 1048.2399784100 0.9942 
1595 43534 1048.2399784100 0.9942 
1600 43678 1048.2399784100 0.9942 
1605 43821 1048.2399784100 0.9942 
1610 43962 1048.2399784100 0.9942 
1615 44106 1048.2399784100 0.9942 
1620 44247 1048.2399784100 0.9942 
1625 44388 1048.2399784100 0.9942 
1630 44526 1048.2399784100 0.9942 
1635 44667 1048.2399784100 0.9942 
1640 44812 1048.2399784100 0.9942 
1645 44952 1048.2399784100 0.9942 
1650 45091 1048.2399784100 0.9942 
1655 45230 1048.2399784100 0.9942 
1660 45371 1048.2399784100 0.9942 
1665 45504 1048.2399784100 0.9942 
1670 45646 1048.2399784100 0.9942 
1675 45789 1048.2399784100 0.9942 
1680 45932 1048.2399784100 0.9942 
1685 46071 1048.2399784100 0.9942 
1690 46211 1048.2399784100 0.9942 
1695 46352 1048.2399784100 0.9942 
1700 46492 1048.2399784100 0.9942 
1705 46638 1048.2399784100 0.9942 
1710 46780 1048.2399784100 0.9942 
1715 46918 1048.2399784100 0.9942 
1720 47063 1048.2399784100 0.9942 
1725 47202 1048.2399784100 0.9942 
1730 47345 1048.2399784100 0.9942 
1735 47485 1048.2399784100 0.9942 
1740 47627 1048.2399784100 0.9942 
1745 47766 1048.2399784100 0.9942 
1750 47902 1048.2399784100 0.9942 
1755 48044 1048.2399784100 0.9942 
1760 48184 1048.2399784100 0.9942 
1765 48322 1048.2399784100 0.9942 
1770 48463 1048.2399784100 0.9942 
1775 48603 1048.2399784100 0.9942 
1780 48743 1048.2399784100 0.9942 
1785 48887 1048.2399784100 0.9942 
1790 49033 1048.2399784100 0.9942 
1795 49174 1048.2399784100 0.9942 
1800 49319 1048.2399784100 0.9942 
