0 0 1596.9793981953 0.0000 
5 57 1596.9793981953 0.0000 
10 118 1580.0136381591 0.9754 
15 181 1570.6958038454 0.9812 
20 313 1569.7463933616 0.9818 
25 445 1566.0228476803 0.9841 
30 581 1565.8390357919 0.9842 
35 713 1565.8058961977 0.9842 
40 847 1565.5301540276 0.9844 
45 980 1565.2692019424 0.9846 
50 1114 1564.8818036761 0.9848 
55 1248 1564.8818036761 0.9848 
60 1380 1564.1845049834 0.9853 
65 1513 1564.1845049834 0.9853 
70 1646 1563.7225377415 0.9856 
75 1779 1558.7355055613 0.9887 
80 1912 1558.7355055613 0.9887 
85 2049 1558.7355055613 0.9887 
90 2181 1558.7355055613 0.9887 
95 2314 1558.7355055613 0.9887 
100 2447 1558.7355055613 0.9887 
105 2581 1558.7355055613 0.9887 
110 2716 1558.7355055613 0.9887 
115 2850 1558.7355055613 0.9887 
120 2984 1558.7355055613 0.9887 
125 3117 1558.7355055613 0.9887 
130 3249 1558.7355055613 0.9887 
135 3375 1558.7355055613 0.9887 
140 3509 1551.8040193610 0.9931 
145 3642 1551.7664125142 0.9932 
150 3776 1551.7664125142 0.9932 
155 3909 1551.7664125142 0.9932 
160 4040 1551.7664125142 0.9932 
165 4163 1551.7664125142 0.9932 
170 4292 1551.7664125142 0.9932 
175 4429 1551.7664125142 0.9932 
180 4560 1551.7664125142 0.9932 
185 4691 1551.7664125142 0.9932 
190 4822 1551.7664125142 0.9932 
195 4956 1551.7664125142 0.9932 
200 5088 1551.7664125142 0.9932 
205 5220 1551.7664125142 0.9932 
210 5351 1551.7664125142 0.9932 
215 5483 1551.7664125142 0.9932 
220 5615 1551.7664125142 0.9932 
225 5747 1551.7664125142 0.9932 
230 5879 1551.7664125142 0.9932 
235 6011 1551.7664125142 0.9932 
240 6143 1551.7664125142 0.9932 
245 6275 1551.7664125142 0.9932 
250 6404 1551.7664125142 0.9932 
255 6539 1551.7664125142 0.9932 
260 6673 1551.7664125142 0.9932 
265 6806 1551.7664125142 0.9932 
270 6937 1551.7664125142 0.9932 
275 7068 1551.7664125142 0.9932 
280 7199 1551.7664125142 0.9932 
285 7332 1551.7664125142 0.9932 
290 7466 1551.7664125142 0.9932 
295 7587 1551.7664125142 0.9932 
300 7717 1551.7664125142 0.9932 
305 7850 1551.7664125142 0.9932 
310 7981 1551.7664125142 0.9932 
315 8118 1551.7664125142 0.9932 
320 8251 1551.7664125142 0.9932 
325 8381 1551.7664125142 0.9932 
330 8510 1551.7664125142 0.9932 
335 8642 1551.7664125142 0.9932 
340 8778 1551.7664125142 0.9932 
345 8912 1551.7664125142 0.9932 
350 9046 1551.7664125142 0.9932 
355 9182 1551.7664125142 0.9932 
360 9316 1551.7664125142 0.9932 
365 9450 1551.7664125142 0.9932 
370 9586 1551.7664125142 0.9932 
375 9713 1551.7664125142 0.9932 
380 9846 1551.7664125142 0.9932 
385 9982 1551.7664125142 0.9932 
390 10118 1551.7664125142 0.9932 
395 10251 1551.7664125142 0.9932 
400 10384 1551.7664125142 0.9932 
405 10520 1551.7664125142 0.9932 
410 10655 1551.7664125142 0.9932 
415 10792 1551.7664125142 0.9932 
420 10929 1551.7664125142 0.9932 
425 11065 1551.7664125142 0.9932 
430 11199 1551.7664125142 0.9932 
435 11333 1551.7664125142 0.9932 
440 11466 1551.7664125142 0.9932 
445 11599 1551.7664125142 0.9932 
450 11732 1551.7664125142 0.9932 
455 11865 1551.7664125142 0.9932 
460 11993 1551.7664125142 0.9932 
465 12127 1551.7664125142 0.9932 
470 12258 1551.7664125142 0.9932 
475 12391 1551.7664125142 0.9932 
480 12521 1551.7664125142 0.9932 
485 12651 1551.7664125142 0.9932 
490 12782 1551.7664125142 0.9932 
495 12916 1551.7664125142 0.9932 
500 13051 1551.7664125142 0.9932 
505 13183 1551.7664125142 0.9932 
510 13315 1551.7664125142 0.9932 
515 13447 1551.7664125142 0.9932 
520 13579 1551.3825641857 0.9934 
525 13714 1551.0172476581 0.9936 
530 13844 1551.0172476581 0.9936 
535 13979 1551.0172476581 0.9936 
540 14111 1551.0172476581 0.9936 
545 14245 1551.0172476581 0.9936 
550 14378 1551.0172476581 0.9936 
555 14515 1551.0172476581 0.9936 
560 14645 1551.0172476581 0.9936 
565 14779 1551.0172476581 0.9936 
570 14911 1551.0172476581 0.9936 
575 15042 1551.0172476581 0.9936 
580 15175 1551.0172476581 0.9936 
585 15307 1551.0172476581 0.9936 
590 15440 1551.0172476581 0.9936 
595 15572 1551.0172476581 0.9936 
600 15709 1551.0172476581 0.9936 
605 15841 1551.0172476581 0.9936 
610 15975 1551.0172476581 0.9936 
615 16110 1551.0172476581 0.9936 
620 16244 1551.0172476581 0.9936 
625 16377 1551.0172476581 0.9936 
630 16512 1551.0172476581 0.9936 
635 16645 1551.0172476581 0.9936 
640 16778 1551.0172476581 0.9936 
645 16911 1551.0172476581 0.9936 
650 17044 1551.0172476581 0.9936 
655 17178 1551.0172476581 0.9936 
660 17311 1551.0172476581 0.9936 
665 17446 1551.0172476581 0.9936 
670 17578 1551.0172476581 0.9936 
675 17712 1551.0172476581 0.9936 
680 17844 1551.0172476581 0.9936 
685 17977 1551.0172476581 0.9936 
690 18106 1551.0172476581 0.9936 
695 18239 1551.0172476581 0.9936 
700 18368 1551.0172476581 0.9936 
705 18502 1551.0172476581 0.9936 
710 18633 1551.0172476581 0.9936 
715 18771 1551.0172476581 0.9936 
720 18906 1551.0172476581 0.9936 
725 19039 1551.0172476581 0.9936 
730 19172 1551.0172476581 0.9936 
735 19310 1551.0172476581 0.9936 
740 19445 1551.0172476581 0.9936 
745 19585 1551.0172476581 0.9936 
750 19722 1551.0172476581 0.9936 
755 19859 1551.0172476581 0.9936 
760 19990 1551.0172476581 0.9936 
765 20124 1551.0172476581 0.9936 
770 20260 1551.0172476581 0.9936 
775 20400 1551.0172476581 0.9936 
780 20533 1551.0172476581 0.9936 
785 20669 1551.0172476581 0.9936 
790 20804 1551.0172476581 0.9936 
795 20940 1551.0172476581 0.9936 
800 21074 1551.0172476581 0.9936 
805 21212 1551.0172476581 0.9936 
810 21347 1551.0172476581 0.9936 
815 21486 1551.0172476581 0.9936 
820 21620 1551.0172476581 0.9936 
825 21755 1551.0172476581 0.9936 
830 21890 1551.0172476581 0.9936 
835 22026 1551.0172476581 0.9936 
840 22162 1551.0172476581 0.9936 
845 22296 1551.0172476581 0.9936 
850 22432 1551.0172476581 0.9936 
855 22566 1551.0172476581 0.9936 
860 22701 1551.0172476581 0.9936 
865 22835 1551.0172476581 0.9936 
870 22968 1551.0172476581 0.9936 
875 23100 1551.0172476581 0.9936 
880 23231 1551.0172476581 0.9936 
885 23365 1551.0172476581 0.9936 
890 23496 1551.0172476581 0.9936 
895 23628 1551.0172476581 0.9936 
900 23761 1551.0172476581 0.9936 
905 23894 1551.0172476581 0.9936 
910 24023 1551.0172476581 0.9936 
915 24160 1551.0172476581 0.9936 
920 24296 1551.0172476581 0.9936 
925 24427 1551.0172476581 0.9936 
930 24558 1551.0172476581 0.9936 
935 24693 1551.0172476581 0.9936 
940 24824 1551.0172476581 0.9936 
945 24954 1551.0172476581 0.9936 
950 25089 1551.0172476581 0.9936 
955 25224 1551.0172476581 0.9936 
960 25356 1551.0172476581 0.9936 
965 25487 1551.0172476581 0.9936 
970 25616 1551.0172476581 0.9936 
975 25748 1551.0172476581 0.9936 
980 25881 1551.0172476581 0.9936 
985 26014 1551.0172476581 0.9936 
990 26146 1551.0172476581 0.9936 
995 26279 1551.0172476581 0.9936 
1000 26412 1551.0172476581 0.9936 
1005 26544 1551.0172476581 0.9936 
1010 26678 1551.0172476581 0.9936 
1015 26816 1551.0172476581 0.9936 
1020 26949 1551.0172476581 0.9936 
1025 27082 1551.0172476581 0.9936 
1030 27209 1551.0172476581 0.9936 
1035 27343 1551.0172476581 0.9936 
1040 27475 1551.0172476581 0.9936 
1045 27608 1551.0172476581 0.9936 
1050 27739 1551.0172476581 0.9936 
1055 27871 1551.0172476581 0.9936 
1060 28004 1551.0172476581 0.9936 
1065 28130 1551.0172476581 0.9936 
1070 28263 1551.0172476581 0.9936 
1075 28396 1551.0172476581 0.9936 
1080 28527 1551.0172476581 0.9936 
1085 28660 1551.0172476581 0.9936 
1090 28786 1551.0172476581 0.9936 
1095 28919 1551.0172476581 0.9936 
1100 29050 1551.0172476581 0.9936 
1105 29183 1551.0172476581 0.9936 
1110 29314 1551.0172476581 0.9936 
1115 29448 1551.0172476581 0.9936 
1120 29577 1551.0172476581 0.9936 
1125 29707 1551.0172476581 0.9936 
1130 29838 1551.0172476581 0.9936 
1135 29971 1551.0172476581 0.9936 
1140 30107 1551.0172476581 0.9936 
1145 30242 1551.0172476581 0.9936 
1150 30376 1551.0172476581 0.9936 
1155 30513 1551.0172476581 0.9936 
1160 30647 1551.0172476581 0.9936 
1165 30782 1551.0172476581 0.9936 
1170 30916 1551.0172476581 0.9936 
1175 31049 1551.0172476581 0.9936 
1180 31182 1551.0172476581 0.9936 
1185 31312 1551.0172476581 0.9936 
1190 31447 1551.0172476581 0.9936 
1195 31583 1551.0172476581 0.9936 
1200 31717 1551.0172476581 0.9936 
1205 31855 1551.0172476581 0.9936 
1210 31988 1551.0172476581 0.9936 
1215 32122 1551.0172476581 0.9936 
1220 32258 1551.0172476581 0.9936 
1225 32393 1551.0172476581 0.9936 
1230 32527 1551.0172476581 0.9936 
1235 32663 1551.0172476581 0.9936 
1240 32796 1551.0172476581 0.9936 
1245 32931 1551.0172476581 0.9936 
1250 33064 1551.0172476581 0.9936 
1255 33197 1551.0172476581 0.9936 
1260 33330 1551.0172476581 0.9936 
1265 33466 1551.0172476581 0.9936 
1270 33596 1551.0172476581 0.9936 
1275 33727 1551.0172476581 0.9936 
1280 33857 1551.0172476581 0.9936 
1285 33982 1551.0172476581 0.9936 
1290 34113 1551.0172476581 0.9936 
1295 34238 1551.0172476581 0.9936 
1300 34345 1551.0172476581 0.9936 
1305 34440 1551.0172476581 0.9936 
1310 34547 1551.0172476581 0.9936 
1315 34672 1551.0172476581 0.9936 
1320 34792 1551.0172476581 0.9936 
1325 34915 1551.0172476581 0.9936 
1330 35034 1551.0172476581 0.9936 
1335 35159 1551.0172476581 0.9936 
1340 35285 1551.0172476581 0.9936 
1345 35414 1551.0172476581 0.9936 
1350 35541 1551.0172476581 0.9936 
1355 35669 1551.0172476581 0.9936 
1360 35789 1551.0172476581 0.9936 
1365 35920 1551.0172476581 0.9936 
1370 36048 1551.0172476581 0.9936 
1375 36177 1551.0172476581 0.9936 
1380 36304 1551.0172476581 0.9936 
1385 36433 1551.0172476581 0.9936 
1390 36559 1551.0172476581 0.9936 
1395 36684 1551.0172476581 0.9936 
1400 36797 1551.0172476581 0.9936 
1405 36921 1551.0172476581 0.9936 
1410 37051 1551.0172476581 0.9936 
1415 37173 1551.0172476581 0.9936 
1420 37297 1551.0172476581 0.9936 
1425 37427 1551.0172476581 0.9936 
1430 37556 1551.0172476581 0.9936 
1435 37686 1551.0172476581 0.9936 
1440 37815 1551.0172476581 0.9936 
1445 37943 1551.0172476581 0.9936 
1450 38075 1551.0172476581 0.9936 
1455 38207 1551.0172476581 0.9936 
1460 38340 1551.0172476581 0.9936 
1465 38473 1551.0172476581 0.9936 
1470 38607 1551.0172476581 0.9936 
1475 38741 1551.0172476581 0.9936 
1480 38870 1551.0172476581 0.9936 
1485 38999 1551.0172476581 0.9936 
1490 39127 1551.0172476581 0.9936 
1495 39253 1551.0172476581 0.9936 
1500 39377 1551.0172476581 0.9936 
1505 39502 1551.0172476581 0.9936 
1510 39631 1551.0172476581 0.9936 
1515 39758 1551.0172476581 0.9936 
1520 39889 1551.0172476581 0.9936 
1525 40020 1551.0172476581 0.9936 
1530 40147 1551.0172476581 0.9936 
1535 40265 1551.0172476581 0.9936 
1540 40393 1551.0172476581 0.9936 
1545 40524 1551.0172476581 0.9936 
1550 40655 1551.0172476581 0.9936 
1555 40786 1551.0172476581 0.9936 
1560 40916 1551.0172476581 0.9936 
1565 41035 1551.0172476581 0.9936 
1570 41162 1551.0172476581 0.9936 
1575 41282 1551.0172476581 0.9936 
1580 41412 1551.0172476581 0.9936 
1585 41542 1551.0172476581 0.9936 
1590 41672 1551.0172476581 0.9936 
1595 41801 1551.0172476581 0.9936 
1600 41931 1551.0172476581 0.9936 
1605 42062 1551.0172476581 0.9936 
1610 42193 1551.0172476581 0.9936 
1615 42322 1551.0172476581 0.9936 
1620 42447 1551.0172476581 0.9936 
1625 42564 1551.0172476581 0.9936 
1630 42680 1551.0172476581 0.9936 
1635 42807 1551.0172476581 0.9936 
1640 42937 1551.0172476581 0.9936 
1645 43066 1550.9761648238 0.9937 
1650 43195 1550.9761648238 0.9937 
1655 43318 1550.9761648238 0.9937 
1660 43432 1550.9761648238 0.9937 
1665 43554 1550.9761648238 0.9937 
1670 43681 1550.9761648238 0.9937 
1675 43813 1550.9761648238 0.9937 
1680 43942 1550.9761648238 0.9937 
1685 44063 1548.6368682276 0.9952 
1690 44183 1547.4706080064 0.9959 
1695 44312 1547.4706080064 0.9959 
1700 44442 1547.4706080064 0.9959 
1705 44560 1547.4706080064 0.9959 
1710 44683 1547.1373542666 0.9961 
1715 44812 1547.1373542666 0.9961 
1720 44943 1547.1373542666 0.9961 
1725 45071 1547.1373542666 0.9961 
1730 45185 1547.1373542666 0.9961 
1735 45310 1547.1373542666 0.9961 
1740 45440 1547.1373542666 0.9961 
1745 45570 1547.1373542666 0.9961 
1750 45703 1547.1373542666 0.9961 
1755 45830 1547.1373542666 0.9961 
1760 45960 1547.1373542666 0.9961 
1765 46091 1547.1373542666 0.9961 
1770 46220 1547.1373542666 0.9961 
1775 46351 1547.1373542666 0.9961 
1780 46484 1547.1373542666 0.9961 
1785 46616 1547.1373542666 0.9961 
1790 46745 1547.1373542666 0.9961 
1795 46874 1547.1373542666 0.9961 
1800 47000 1547.1373542666 0.9961 
