0 0 781.7525382494 0.0000 
5 7 603.2309078620 0.8697 
10 17 533.3068797993 0.9837 
15 27 527.9777035857 0.9936 
20 39 527.9777035857 0.9936 
25 52 525.4228295123 0.9985 
30 70 524.6111466425 1.0000 
35 293 524.6111466425 1.0000 
40 980 524.6111466425 1.0000 
45 1525 524.6111466425 1.0000 
50 2058 524.6111466425 1.0000 
55 2531 524.6111466425 1.0000 
60 3001 524.6111466425 1.0000 
65 3442 524.6111466425 1.0000 
70 3875 524.6111466425 1.0000 
75 4297 524.6111466425 1.0000 
80 4699 524.6111466425 1.0000 
85 5090 524.6111466425 1.0000 
90 5447 524.6111466425 1.0000 
95 5801 524.6111466425 1.0000 
100 6149 524.6111466425 1.0000 
105 6496 524.6111466425 1.0000 
110 6836 524.6111466425 1.0000 
115 7175 524.6111466425 1.0000 
120 7476 524.6111466425 1.0000 
125 7789 524.6111466425 1.0000 
130 8105 524.6111466425 1.0000 
135 8398 524.6111466425 1.0000 
140 8687 524.6111466425 1.0000 
145 8986 524.6111466425 1.0000 
150 9283 524.6111466425 1.0000 
155 9560 524.6111466425 1.0000 
160 9847 524.6111466425 1.0000 
165 10120 524.6111466425 1.0000 
170 10392 524.6111466425 1.0000 
175 10660 524.6111466425 1.0000 
180 10927 524.6111466425 1.0000 
185 11179 524.6111466425 1.0000 
190 11445 524.6111466425 1.0000 
195 11708 524.6111466425 1.0000 
200 11946 524.6111466425 1.0000 
205 12189 524.6111466425 1.0000 
210 12420 524.6111466425 1.0000 
215 12654 524.6111466425 1.0000 
220 12891 524.6111466425 1.0000 
225 13135 524.6111466425 1.0000 
230 13355 524.6111466425 1.0000 
235 13585 524.6111466425 1.0000 
240 13817 524.6111466425 1.0000 
245 14056 524.6111466425 1.0000 
250 14274 524.6111466425 1.0000 
255 14498 524.6111466425 1.0000 
260 14713 524.6111466425 1.0000 
265 14945 524.6111466425 1.0000 
270 15160 524.6111466425 1.0000 
275 15357 524.6111466425 1.0000 
280 15578 524.6111466425 1.0000 
285 15788 524.6111466425 1.0000 
290 15990 524.6111466425 1.0000 
295 16187 524.6111466425 1.0000 
300 16383 524.6111466425 1.0000 
305 16586 524.6111466425 1.0000 
310 16779 524.6111466425 1.0000 
315 16977 524.6111466425 1.0000 
320 17160 524.6111466425 1.0000 
325 17337 524.6111466425 1.0000 
330 17524 524.6111466425 1.0000 
335 17713 524.6111466425 1.0000 
340 17902 524.6111466425 1.0000 
345 18087 524.6111466425 1.0000 
350 18276 524.6111466425 1.0000 
355 18450 524.6111466425 1.0000 
360 18642 524.6111466425 1.0000 
365 18821 524.6111466425 1.0000 
370 19016 524.6111466425 1.0000 
375 19185 524.6111466425 1.0000 
380 19361 524.6111466425 1.0000 
385 19543 524.6111466425 1.0000 
390 19724 524.6111466425 1.0000 
395 19895 524.6111466425 1.0000 
400 20072 524.6111466425 1.0000 
405 20245 524.6111466425 1.0000 
410 20420 524.6111466425 1.0000 
415 20607 524.6111466425 1.0000 
420 20775 524.6111466425 1.0000 
425 20951 524.6111466425 1.0000 
430 21113 524.6111466425 1.0000 
435 21276 524.6111466425 1.0000 
440 21443 524.6111466425 1.0000 
445 21600 524.6111466425 1.0000 
450 21752 524.6111466425 1.0000 
455 21906 524.6111466425 1.0000 
460 22069 524.6111466425 1.0000 
465 22218 524.6111466425 1.0000 
470 22391 524.6111466425 1.0000 
475 22544 524.6111466425 1.0000 
480 22700 524.6111466425 1.0000 
485 22862 524.6111466425 1.0000 
490 23028 524.6111466425 1.0000 
495 23176 524.6111466425 1.0000 
500 23333 524.6111466425 1.0000 
505 23485 524.6111466425 1.0000 
510 23630 524.6111466425 1.0000 
515 23775 524.6111466425 1.0000 
520 23918 524.6111466425 1.0000 
525 24074 524.6111466425 1.0000 
530 24226 524.6111466425 1.0000 
535 24363 524.6111466425 1.0000 
540 24508 524.6111466425 1.0000 
545 24645 524.6111466425 1.0000 
550 24800 524.6111466425 1.0000 
555 24937 524.6111466425 1.0000 
560 25074 524.6111466425 1.0000 
565 25208 524.6111466425 1.0000 
570 25360 524.6111466425 1.0000 
575 25504 524.6111466425 1.0000 
580 25647 524.6111466425 1.0000 
585 25784 524.6111466425 1.0000 
590 25918 524.6111466425 1.0000 
595 26065 524.6111466425 1.0000 
600 26212 524.6111466425 1.0000 
605 26349 524.6111466425 1.0000 
610 26481 524.6111466425 1.0000 
615 26613 524.6111466425 1.0000 
620 26758 524.6111466425 1.0000 
625 26884 524.6111466425 1.0000 
630 27028 524.6111466425 1.0000 
635 27160 524.6111466425 1.0000 
640 27295 524.6111466425 1.0000 
645 27430 524.6111466425 1.0000 
650 27566 524.6111466425 1.0000 
655 27697 524.6111466425 1.0000 
660 27832 524.6111466425 1.0000 
665 27965 524.6111466425 1.0000 
670 28099 524.6111466425 1.0000 
675 28223 524.6111466425 1.0000 
680 28350 524.6111466425 1.0000 
685 28496 524.6111466425 1.0000 
690 28624 524.6111466425 1.0000 
695 28749 524.6111466425 1.0000 
700 28871 524.6111466425 1.0000 
705 29003 524.6111466425 1.0000 
710 29129 524.6111466425 1.0000 
715 29262 524.6111466425 1.0000 
720 29396 524.6111466425 1.0000 
725 29524 524.6111466425 1.0000 
730 29651 524.6111466425 1.0000 
735 29783 524.6111466425 1.0000 
740 29914 524.6111466425 1.0000 
745 30038 524.6111466425 1.0000 
750 30150 524.6111466425 1.0000 
755 30275 524.6111466425 1.0000 
760 30399 524.6111466425 1.0000 
765 30526 524.6111466425 1.0000 
770 30652 524.6111466425 1.0000 
775 30768 524.6111466425 1.0000 
780 30881 524.6111466425 1.0000 
785 31002 524.6111466425 1.0000 
790 31123 524.6111466425 1.0000 
795 31249 524.6111466425 1.0000 
800 31364 524.6111466425 1.0000 
805 31478 524.6111466425 1.0000 
810 31608 524.6111466425 1.0000 
815 31721 524.6111466425 1.0000 
820 31846 524.6111466425 1.0000 
825 31974 524.6111466425 1.0000 
830 32096 524.6111466425 1.0000 
835 32220 524.6111466425 1.0000 
840 32342 524.6111466425 1.0000 
845 32460 524.6111466425 1.0000 
850 32580 524.6111466425 1.0000 
855 32698 524.6111466425 1.0000 
860 32827 524.6111466425 1.0000 
865 32943 524.6111466425 1.0000 
870 33062 524.6111466425 1.0000 
875 33170 524.6111466425 1.0000 
880 33280 524.6111466425 1.0000 
885 33405 524.6111466425 1.0000 
890 33522 524.6111466425 1.0000 
895 33637 524.6111466425 1.0000 
900 33744 524.6111466425 1.0000 
905 33881 524.6111466425 1.0000 
910 33985 524.6111466425 1.0000 
915 34097 524.6111466425 1.0000 
920 34209 524.6111466425 1.0000 
925 34329 524.6111466425 1.0000 
930 34454 524.6111466425 1.0000 
935 34566 524.6111466425 1.0000 
940 34673 524.6111466425 1.0000 
945 34784 524.6111466425 1.0000 
950 34893 524.6111466425 1.0000 
955 35012 524.6111466425 1.0000 
960 35118 524.6111466425 1.0000 
965 35229 524.6111466425 1.0000 
970 35335 524.6111466425 1.0000 
975 35438 524.6111466425 1.0000 
980 35547 524.6111466425 1.0000 
985 35654 524.6111466425 1.0000 
990 35757 524.6111466425 1.0000 
995 35879 524.6111466425 1.0000 
1000 35981 524.6111466425 1.0000 
1005 36087 524.6111466425 1.0000 
1010 36190 524.6111466425 1.0000 
1015 36294 524.6111466425 1.0000 
1020 36411 524.6111466425 1.0000 
1025 36509 524.6111466425 1.0000 
1030 36609 524.6111466425 1.0000 
1035 36712 524.6111466425 1.0000 
1040 36807 524.6111466425 1.0000 
1045 36921 524.6111466425 1.0000 
1050 37038 524.6111466425 1.0000 
1055 37150 524.6111466425 1.0000 
1060 37252 524.6111466425 1.0000 
1065 37350 524.6111466425 1.0000 
1070 37451 524.6111466425 1.0000 
1075 37548 524.6111466425 1.0000 
1080 37647 524.6111466425 1.0000 
1085 37759 524.6111466425 1.0000 
1090 37853 524.6111466425 1.0000 
1095 37957 524.6111466425 1.0000 
1100 38075 524.6111466425 1.0000 
1105 38183 524.6111466425 1.0000 
1110 38286 524.6111466425 1.0000 
1115 38382 524.6111466425 1.0000 
1120 38477 524.6111466425 1.0000 
1125 38588 524.6111466425 1.0000 
1130 38691 524.6111466425 1.0000 
1135 38803 524.6111466425 1.0000 
1140 38904 524.6111466425 1.0000 
1145 39013 524.6111466425 1.0000 
1150 39114 524.6111466425 1.0000 
1155 39218 524.6111466425 1.0000 
1160 39316 524.6111466425 1.0000 
1165 39411 524.6111466425 1.0000 
1170 39510 524.6111466425 1.0000 
1175 39610 524.6111466425 1.0000 
1180 39716 524.6111466425 1.0000 
1185 39807 524.6111466425 1.0000 
1190 39908 524.6111466425 1.0000 
1195 40009 524.6111466425 1.0000 
1200 40114 524.6111466425 1.0000 
1205 40222 524.6111466425 1.0000 
1210 40321 524.6111466425 1.0000 
1215 40428 524.6111466425 1.0000 
1220 40528 524.6111466425 1.0000 
1225 40621 524.6111466425 1.0000 
1230 40727 524.6111466425 1.0000 
1235 40818 524.6111466425 1.0000 
1240 40915 524.6111466425 1.0000 
1245 41008 524.6111466425 1.0000 
1250 41119 524.6111466425 1.0000 
1255 41220 524.6111466425 1.0000 
1260 41318 524.6111466425 1.0000 
1265 41416 524.6111466425 1.0000 
1270 41502 524.6111466425 1.0000 
1275 41597 524.6111466425 1.0000 
1280 41701 524.6111466425 1.0000 
1285 41795 524.6111466425 1.0000 
1290 41891 524.6111466425 1.0000 
1295 41980 524.6111466425 1.0000 
1300 42076 524.6111466425 1.0000 
1305 42174 524.6111466425 1.0000 
1310 42271 524.6111466425 1.0000 
1315 42374 524.6111466425 1.0000 
1320 42471 524.6111466425 1.0000 
1325 42566 524.6111466425 1.0000 
1330 42665 524.6111466425 1.0000 
1335 42763 524.6111466425 1.0000 
1340 42857 524.6111466425 1.0000 
1345 42950 524.6111466425 1.0000 
1350 43052 524.6111466425 1.0000 
1355 43139 524.6111466425 1.0000 
1360 43228 524.6111466425 1.0000 
1365 43320 524.6111466425 1.0000 
1370 43421 524.6111466425 1.0000 
1375 43529 524.6111466425 1.0000 
1380 43624 524.6111466425 1.0000 
1385 43710 524.6111466425 1.0000 
1390 43805 524.6111466425 1.0000 
1395 43908 524.6111466425 1.0000 
1400 44005 524.6111466425 1.0000 
1405 44097 524.6111466425 1.0000 
1410 44187 524.6111466425 1.0000 
1415 44286 524.6111466425 1.0000 
1420 44378 524.6111466425 1.0000 
1425 44464 524.6111466425 1.0000 
1430 44557 524.6111466425 1.0000 
1435 44645 524.6111466425 1.0000 
1440 44734 524.6111466425 1.0000 
1445 44823 524.6111466425 1.0000 
1450 44907 524.6111466425 1.0000 
1455 44999 524.6111466425 1.0000 
1460 45084 524.6111466425 1.0000 
1465 45178 524.6111466425 1.0000 
1470 45266 524.6111466425 1.0000 
1475 45350 524.6111466425 1.0000 
1480 45432 524.6111466425 1.0000 
1485 45522 524.6111466425 1.0000 
1490 45617 524.6111466425 1.0000 
1495 45702 524.6111466425 1.0000 
1500 45787 524.6111466425 1.0000 
