0 0 1695.2663601818 0.0000 
5 16 1190.5815163673 0.8638 
10 37 1098.3623439354 0.9363 
15 57 1080.7853098113 0.9515 
20 78 1070.7063925061 0.9605 
25 99 1066.0346928842 0.9647 
30 119 1061.9645984312 0.9684 
35 139 1059.8846771726 0.9703 
40 160 1059.0289306231 0.9711 
45 181 1059.0289306231 0.9711 
50 200 1058.6769444540 0.9714 
55 221 1055.4944277882 0.9743 
60 242 1054.6931068973 0.9751 
65 262 1054.6931068973 0.9751 
70 282 1054.6931068973 0.9751 
75 303 1054.6931068973 0.9751 
80 323 1054.6931068973 0.9751 
85 344 1054.6931068973 0.9751 
90 365 1054.6931068973 0.9751 
95 386 1054.6931068973 0.9751 
100 406 1054.6931068973 0.9751 
105 427 1054.6931068973 0.9751 
110 447 1054.6931068973 0.9751 
115 468 1054.6931068973 0.9751 
120 488 1054.6931068973 0.9751 
125 509 1054.6931068973 0.9751 
130 529 1054.6931068973 0.9751 
135 550 1054.5448874316 0.9752 
140 570 1054.5448874316 0.9752 
145 591 1054.5448874316 0.9752 
150 611 1054.5448874316 0.9752 
155 631 1054.5448874316 0.9752 
160 652 1054.5448874316 0.9752 
165 672 1054.5448874316 0.9752 
170 693 1054.5448874316 0.9752 
175 714 1054.5448874316 0.9752 
180 734 1054.5448874316 0.9752 
185 755 1054.5448874316 0.9752 
190 776 1054.5448874316 0.9752 
195 797 1051.6466193173 0.9779 
200 817 1050.9008526134 0.9786 
205 838 1050.9008526134 0.9786 
210 859 1050.7845446681 0.9787 
215 879 1049.8556175963 0.9796 
220 900 1049.8556175963 0.9796 
225 921 1049.8556175963 0.9796 
230 941 1049.8556175963 0.9796 
235 962 1049.8556175963 0.9796 
240 983 1049.8556175963 0.9796 
245 1003 1049.8556175963 0.9796 
250 1024 1049.8556175963 0.9796 
255 1045 1049.8556175963 0.9796 
260 1066 1049.8556175963 0.9796 
265 1086 1049.8556175963 0.9796 
270 1107 1049.8556175963 0.9796 
275 1128 1049.8556175963 0.9796 
280 1148 1049.8556175963 0.9796 
285 1168 1049.8556175963 0.9796 
290 1189 1049.8556175963 0.9796 
295 1210 1049.8556175963 0.9796 
300 1230 1049.8556175963 0.9796 
305 1251 1049.8556175963 0.9796 
310 1271 1049.8556175963 0.9796 
315 1292 1049.8556175963 0.9796 
320 1313 1049.8556175963 0.9796 
325 1333 1049.8556175963 0.9796 
330 1354 1049.8556175963 0.9796 
335 1374 1049.8556175963 0.9796 
340 1395 1049.8556175963 0.9796 
345 1415 1049.8556175963 0.9796 
350 1436 1049.8556175963 0.9796 
355 1457 1049.8556175963 0.9796 
360 1477 1049.8556175963 0.9796 
365 1498 1049.8556175963 0.9796 
370 1519 1049.8556175963 0.9796 
375 1539 1049.8556175963 0.9796 
380 1560 1049.8556175963 0.9796 
385 1581 1049.8556175963 0.9796 
390 1601 1049.8556175963 0.9796 
395 1623 1049.8556175963 0.9796 
400 1643 1049.8556175963 0.9796 
405 1664 1049.8556175963 0.9796 
410 1685 1049.8556175963 0.9796 
415 1706 1049.8556175963 0.9796 
420 1726 1049.8556175963 0.9796 
425 1747 1049.8285229831 0.9796 
430 1768 1049.7809475102 0.9797 
435 1789 1049.7809475102 0.9797 
440 1809 1049.7809475102 0.9797 
445 1830 1049.7809475102 0.9797 
450 1851 1049.7809475102 0.9797 
455 1872 1049.7809475102 0.9797 
460 1891 1049.7809475102 0.9797 
465 1912 1049.7809475102 0.9797 
470 1932 1049.7809475102 0.9797 
475 1953 1049.7809475102 0.9797 
480 1973 1049.7809475102 0.9797 
485 1994 1049.7809475102 0.9797 
490 2015 1049.7809475102 0.9797 
495 2035 1049.7809475102 0.9797 
500 2056 1049.7809475102 0.9797 
505 2077 1049.7809475102 0.9797 
510 2098 1049.7809475102 0.9797 
515 2119 1049.7809475102 0.9797 
520 2139 1049.7809475102 0.9797 
525 2160 1049.7809475102 0.9797 
530 2181 1049.7809475102 0.9797 
535 2201 1049.7809475102 0.9797 
540 2221 1049.7809475102 0.9797 
545 2242 1049.7809475102 0.9797 
550 2263 1049.7809475102 0.9797 
555 2284 1049.1395685111 0.9803 
560 2305 1049.1395685111 0.9803 
565 2326 1048.8339578336 0.9805 
570 2346 1048.8339578336 0.9805 
575 2366 1046.8798312427 0.9824 
580 2387 1046.8798312427 0.9824 
585 2407 1046.8798312427 0.9824 
590 2427 1046.8798312427 0.9824 
595 2448 1046.8798312427 0.9824 
600 2468 1046.8798312427 0.9824 
605 2489 1046.8798312427 0.9824 
610 2509 1046.8798312427 0.9824 
615 2530 1046.8798312427 0.9824 
620 2551 1046.8798312427 0.9824 
625 2572 1046.3890931246 0.9828 
630 2592 1046.3890931246 0.9828 
635 2613 1046.3890931246 0.9828 
640 2634 1046.3890931246 0.9828 
645 2655 1046.3890931246 0.9828 
650 2675 1046.3890931246 0.9828 
655 2695 1046.3890931246 0.9828 
660 2716 1046.3890931246 0.9828 
665 2737 1046.3890931246 0.9828 
670 2757 1046.3890931246 0.9828 
675 2776 1046.3890931246 0.9828 
680 2797 1046.3890931246 0.9828 
685 2818 1046.3890931246 0.9828 
690 2838 1046.3890931246 0.9828 
695 2859 1046.3890931246 0.9828 
700 2879 1046.3890931246 0.9828 
705 2900 1046.3890931246 0.9828 
710 2921 1046.3890931246 0.9828 
715 2941 1046.3890931246 0.9828 
720 2962 1046.3890931246 0.9828 
725 2983 1046.3890931246 0.9828 
730 3003 1046.3890931246 0.9828 
735 3024 1046.3890931246 0.9828 
740 3044 1046.3890931246 0.9828 
745 3064 1046.3890931246 0.9828 
750 3085 1046.3890931246 0.9828 
755 3106 1046.3890931246 0.9828 
760 3126 1046.3890931246 0.9828 
765 3148 1046.3890931246 0.9828 
770 3168 1046.3890931246 0.9828 
775 3188 1046.3890931246 0.9828 
780 3209 1046.3890931246 0.9828 
785 3229 1046.3890931246 0.9828 
790 3250 1046.3890931246 0.9828 
795 3271 1046.3890931246 0.9828 
800 3291 1046.3890931246 0.9828 
805 3312 1046.3890931246 0.9828 
810 3332 1046.3890931246 0.9828 
815 3353 1046.3890931246 0.9828 
820 3373 1046.3890931246 0.9828 
825 3394 1046.3890931246 0.9828 
830 3414 1046.3890931246 0.9828 
835 3435 1046.3890931246 0.9828 
840 3455 1046.3890931246 0.9828 
845 3476 1046.3890931246 0.9828 
850 3496 1046.3890931246 0.9828 
855 3517 1046.3890931246 0.9828 
860 3538 1046.3890931246 0.9828 
865 3559 1046.3890931246 0.9828 
870 3579 1046.3890931246 0.9828 
875 3600 1046.3890931246 0.9828 
880 3621 1046.3890931246 0.9828 
885 3642 1046.3890931246 0.9828 
890 3663 1046.3890931246 0.9828 
895 3683 1046.3890931246 0.9828 
900 3703 1046.3890931246 0.9828 
905 3725 1046.3890931246 0.9828 
910 3745 1046.3890931246 0.9828 
915 3766 1046.3890931246 0.9828 
920 3786 1046.3890931246 0.9828 
925 3806 1046.3890931246 0.9828 
930 3827 1046.3890931246 0.9828 
935 3847 1046.3890931246 0.9828 
940 3868 1046.3890931246 0.9828 
945 3886 1040.8057271631 0.9881 
950 3907 1040.8057271631 0.9881 
955 3928 1040.8057271631 0.9881 
960 3949 1040.2128702982 0.9887 
965 3969 1040.2128702982 0.9887 
970 3989 1040.2128702982 0.9887 
975 4010 1040.2128702982 0.9887 
980 4031 1040.2128702982 0.9887 
985 4051 1040.2128702982 0.9887 
990 4071 1040.2128702982 0.9887 
995 4092 1040.2128702982 0.9887 
1000 4113 1040.2128702982 0.9887 
1005 4135 1040.2128702982 0.9887 
1010 4155 1040.2128702982 0.9887 
1015 4175 1040.2128702982 0.9887 
1020 4195 1040.2128702982 0.9887 
1025 4216 1040.2128702982 0.9887 
1030 4236 1040.2128702982 0.9887 
1035 4257 1040.2128702982 0.9887 
1040 4278 1040.2128702982 0.9887 
1045 4299 1040.2128702982 0.9887 
1050 4319 1040.2128702982 0.9887 
1055 4339 1040.2128702982 0.9887 
1060 4360 1040.2128702982 0.9887 
1065 4380 1040.2128702982 0.9887 
1070 4401 1040.2128702982 0.9887 
1075 4421 1040.2128702982 0.9887 
1080 4442 1040.2128702982 0.9887 
1085 4463 1040.2128702982 0.9887 
1090 4484 1040.2128702982 0.9887 
1095 4505 1040.2128702982 0.9887 
1100 4525 1039.7216196892 0.9891 
1105 4545 1039.7216196892 0.9891 
1110 4566 1039.7216196892 0.9891 
1115 4587 1039.7216196892 0.9891 
1120 4607 1039.7216196892 0.9891 
1125 4627 1039.7216196892 0.9891 
1130 4648 1039.7216196892 0.9891 
1135 4668 1039.7216196892 0.9891 
1140 4689 1039.7216196892 0.9891 
1145 4710 1039.7216196892 0.9891 
1150 4730 1039.7216196892 0.9891 
1155 4751 1039.7216196892 0.9891 
1160 4771 1039.7216196892 0.9891 
1165 4792 1039.7216196892 0.9891 
1170 4812 1039.7216196892 0.9891 
1175 4833 1039.7216196892 0.9891 
1180 4853 1039.7216196892 0.9891 
1185 4873 1039.7216196892 0.9891 
1190 4894 1039.7216196892 0.9891 
1195 4915 1039.7216196892 0.9891 
1200 4935 1039.7216196892 0.9891 
1205 4956 1039.7216196892 0.9891 
1210 4976 1039.7216196892 0.9891 
1215 4997 1038.2206611684 0.9906 
1220 5017 1038.2206611684 0.9906 
1225 5038 1038.2206611684 0.9906 
1230 5059 1038.2206611684 0.9906 
1235 5079 1038.2206611684 0.9906 
1240 5100 1038.2206611684 0.9906 
1245 5121 1038.2206611684 0.9906 
1250 5142 1038.2206611684 0.9906 
1255 5162 1038.2206611684 0.9906 
1260 5183 1038.2206611684 0.9906 
1265 5204 1038.2206611684 0.9906 
1270 5225 1038.2206611684 0.9906 
1275 5245 1038.2206611684 0.9906 
1280 5265 1038.2206611684 0.9906 
1285 5286 1038.2206611684 0.9906 
1290 5306 1038.2206611684 0.9906 
1295 5327 1038.2206611684 0.9906 
1300 5348 1038.2206611684 0.9906 
1305 5368 1038.2206611684 0.9906 
1310 5389 1038.2206611684 0.9906 
1315 5409 1038.2206611684 0.9906 
1320 5430 1038.2206611684 0.9906 
1325 5450 1038.2206611684 0.9906 
1330 5471 1038.2206611684 0.9906 
1335 5492 1038.2206611684 0.9906 
1340 5513 1038.2206611684 0.9906 
1345 5534 1038.2206611684 0.9906 
1350 5554 1038.2206611684 0.9906 
1355 5575 1038.2206611684 0.9906 
1360 5596 1038.2206611684 0.9906 
1365 5616 1038.2206611684 0.9906 
1370 5636 1038.2206611684 0.9906 
1375 5657 1038.2206611684 0.9906 
1380 5678 1038.2206611684 0.9906 
1385 5698 1038.2206611684 0.9906 
1390 5719 1038.2206611684 0.9906 
1395 5739 1038.2206611684 0.9906 
1400 5759 1038.2206611684 0.9906 
1405 5780 1038.2206611684 0.9906 
1410 5800 1038.2206611684 0.9906 
1415 5820 1038.2206611684 0.9906 
1420 5841 1038.2206611684 0.9906 
1425 5862 1038.2206611684 0.9906 
1430 5884 1038.2206611684 0.9906 
1435 5904 1038.2206611684 0.9906 
1440 5924 1038.2206611684 0.9906 
1445 5945 1038.2206611684 0.9906 
1450 5965 1038.2206611684 0.9906 
1455 5986 1038.2206611684 0.9906 
1460 6006 1038.2206611684 0.9906 
1465 6027 1038.2206611684 0.9906 
1470 6048 1038.2206611684 0.9906 
1475 6068 1038.2206611684 0.9906 
1480 6089 1038.2206611684 0.9906 
1485 6109 1038.2206611684 0.9906 
1490 6130 1038.2206611684 0.9906 
1495 6151 1038.2206611684 0.9906 
1500 6172 1038.2206611684 0.9906 
1505 6191 1038.2206611684 0.9906 
1510 6212 1038.2206611684 0.9906 
1515 6233 1038.2206611684 0.9906 
1520 6253 1038.2206611684 0.9906 
1525 6274 1038.2206611684 0.9906 
1530 6294 1038.2206611684 0.9906 
1535 6315 1038.2206611684 0.9906 
1540 6335 1038.2206611684 0.9906 
1545 6356 1038.2206611684 0.9906 
1550 6375 1038.2206611684 0.9906 
1555 6396 1038.2206611684 0.9906 
1560 6416 1038.2206611684 0.9906 
1565 6437 1038.2206611684 0.9906 
1570 6456 1038.2206611684 0.9906 
1575 6475 1038.2206611684 0.9906 
1580 6496 1038.2206611684 0.9906 
1585 6516 1038.2206611684 0.9906 
1590 6536 1038.2206611684 0.9906 
1595 6557 1038.2206611684 0.9906 
1600 6577 1038.2206611684 0.9906 
1605 6598 1038.2206611684 0.9906 
1610 6619 1038.2206611684 0.9906 
1615 6639 1038.2206611684 0.9906 
1620 6659 1038.2206611684 0.9906 
1625 6680 1038.2206611684 0.9906 
1630 6701 1038.2206611684 0.9906 
1635 6721 1038.2206611684 0.9906 
1640 6741 1038.2206611684 0.9906 
1645 6761 1038.2206611684 0.9906 
1650 6782 1038.2206611684 0.9906 
1655 6803 1038.2206611684 0.9906 
1660 6823 1038.2206611684 0.9906 
1665 6843 1038.2206611684 0.9906 
1670 6864 1038.2206611684 0.9906 
1675 6885 1038.2206611684 0.9906 
1680 6905 1038.2206611684 0.9906 
1685 6926 1038.2206611684 0.9906 
1690 6946 1038.2206611684 0.9906 
1695 6966 1038.2206611684 0.9906 
1700 6986 1038.2206611684 0.9906 
1705 7007 1038.2206611684 0.9906 
1710 7028 1038.2206611684 0.9906 
1715 7048 1038.2206611684 0.9906 
1720 7068 1038.2206611684 0.9906 
1725 7089 1038.2206611684 0.9906 
1730 7109 1038.2206611684 0.9906 
1735 7130 1038.2206611684 0.9906 
1740 7151 1038.2206611684 0.9906 
1745 7171 1036.4350313905 0.9923 
1750 7191 1036.4350313905 0.9923 
1755 7212 1036.1190641518 0.9926 
1760 7233 1036.1190641518 0.9926 
1765 7252 1036.1190641518 0.9926 
1770 7273 1036.1190641518 0.9926 
1775 7295 1036.1190641518 0.9926 
1780 7315 1036.1190641518 0.9926 
1785 7335 1036.1190641518 0.9926 
1790 7355 1036.1190641518 0.9926 
1795 7376 1036.1190641518 0.9926 
1800 7397 1036.1190641518 0.9926 
