0 0 1189.2475144776 0.0000 
5 11 1189.2475144776 0.0000 
10 22 1189.2475144776 0.0000 
15 33 1189.2475144776 0.0000 
20 44 1189.2475144776 0.0000 
25 55 1189.2475144776 0.0000 
30 67 1189.2475144776 0.0000 
35 80 1189.2475144776 0.0000 
40 92 1189.2475144776 0.0000 
45 105 1189.2475144776 0.0000 
50 119 1189.2475144776 0.0000 
55 132 1189.2475144776 0.0000 
60 146 1189.2475144776 0.0000 
65 161 1189.2475144776 0.0000 
70 175 1189.2475144776 0.0000 
75 191 1189.2475144776 0.0000 
80 209 1189.2475144776 0.0000 
85 226 1189.2475144776 0.0000 
90 246 1189.2475144776 0.0000 
95 268 1189.2475144776 0.0000 
100 292 1189.2475144776 0.0000 
105 320 1189.2475144776 0.0000 
110 352 1189.2475144776 0.0000 
115 391 1189.2475144776 0.0000 
120 449 1189.2475144776 0.0000 
125 711 1189.2475144776 0.0000 
130 997 1189.2475144776 0.0000 
135 1283 1189.2475144776 0.0000 
140 1569 1189.2475144776 0.0000 
145 1861 1189.2475144776 0.0000 
150 2156 1189.2475144776 0.0000 
155 2441 1189.2475144776 0.0000 
160 2742 1189.2475144776 0.0000 
165 3029 1189.2475144776 0.0000 
170 3331 1189.2475144776 0.0000 
175 3633 909.6750532832 1.0000 
180 3933 909.6750532832 1.0000 
185 4236 909.6750532832 1.0000 
190 4544 909.6750532832 1.0000 
195 4852 909.6750532832 1.0000 
200 5161 909.6750532832 1.0000 
205 5466 909.6750532832 1.0000 
210 5774 909.6750532832 1.0000 
215 6078 909.6750532832 1.0000 
220 6382 909.6750532832 1.0000 
225 6681 909.6750532832 1.0000 
230 6986 909.6750532832 1.0000 
235 7287 909.6750532832 1.0000 
240 7585 909.6750532832 1.0000 
245 7886 909.6750532832 1.0000 
250 8184 909.6750532832 1.0000 
255 8487 909.6750532832 1.0000 
260 8788 909.6750532832 1.0000 
265 9093 909.6750532832 1.0000 
270 9401 909.6750532832 1.0000 
275 9702 909.6750532832 1.0000 
280 10015 909.6750532832 1.0000 
285 10324 909.6750532832 1.0000 
290 10628 909.6750532832 1.0000 
295 10926 909.6750532832 1.0000 
300 11230 909.6750532832 1.0000 
305 11534 909.6750532832 1.0000 
310 11838 909.6750532832 1.0000 
315 12139 909.6750532832 1.0000 
320 12445 909.6750532832 1.0000 
325 12756 909.6750532832 1.0000 
330 13065 909.6750532832 1.0000 
335 13370 909.6750532832 1.0000 
340 13672 909.6750532832 1.0000 
345 13981 909.6750532832 1.0000 
350 14296 909.6750532832 1.0000 
355 14602 909.6750532832 1.0000 
360 14906 909.6750532832 1.0000 
365 15210 909.6750532832 1.0000 
370 15519 909.6750532832 1.0000 
375 15829 909.6750532832 1.0000 
380 16132 909.6750532832 1.0000 
385 16440 909.6750532832 1.0000 
390 16737 909.6750532832 1.0000 
395 17038 909.6750532832 1.0000 
400 17322 909.6750532832 1.0000 
405 17626 909.6750532832 1.0000 
410 17934 909.6750532832 1.0000 
415 18241 909.6750532832 1.0000 
420 18544 909.6750532832 1.0000 
425 18850 909.6750532832 1.0000 
430 19153 909.6750532832 1.0000 
435 19462 909.6750532832 1.0000 
440 19772 909.6750532832 1.0000 
445 20081 909.6750532832 1.0000 
450 20383 909.6750532832 1.0000 
455 20692 909.6750532832 1.0000 
460 21002 909.6750532832 1.0000 
465 21307 909.6750532832 1.0000 
470 21613 909.6750532832 1.0000 
475 21920 909.6750532832 1.0000 
480 22224 909.6750532832 1.0000 
485 22523 909.6750532832 1.0000 
490 22833 909.6750532832 1.0000 
495 23147 909.6750532832 1.0000 
500 23458 909.6750532832 1.0000 
505 23765 909.6750532832 1.0000 
510 24074 909.6750532832 1.0000 
515 24384 909.6750532832 1.0000 
520 24692 909.6750532832 1.0000 
525 25001 909.6750532832 1.0000 
530 25311 909.6750532832 1.0000 
535 25618 909.6750532832 1.0000 
540 25901 909.6750532832 1.0000 
545 26184 909.6750532832 1.0000 
550 26476 909.6750532832 1.0000 
555 26761 909.6750532832 1.0000 
560 27043 909.6750532832 1.0000 
565 27334 909.6750532832 1.0000 
570 27634 909.6750532832 1.0000 
575 27915 909.6750532832 1.0000 
580 28204 909.6750532832 1.0000 
585 28499 909.6750532832 1.0000 
590 28793 909.6750532832 1.0000 
595 29086 909.6750532832 1.0000 
600 29388 909.6750532832 1.0000 
605 29683 909.6750532832 1.0000 
610 29977 909.6750532832 1.0000 
615 30271 909.6750532832 1.0000 
620 30567 909.6750532832 1.0000 
625 30863 909.6750532832 1.0000 
630 31152 909.6750532832 1.0000 
635 31437 909.6750532832 1.0000 
640 31729 909.6750532832 1.0000 
645 32022 909.6750532832 1.0000 
650 32316 909.6750532832 1.0000 
655 32610 909.6750532832 1.0000 
660 32902 909.6750532832 1.0000 
665 33195 909.6750532832 1.0000 
670 33491 909.6750532832 1.0000 
675 33790 909.6750532832 1.0000 
680 34083 909.6750532832 1.0000 
685 34370 909.6750532832 1.0000 
690 34665 909.6750532832 1.0000 
695 34947 909.6750532832 1.0000 
700 35236 909.6750532832 1.0000 
705 35525 909.6750532832 1.0000 
710 35811 909.6750532832 1.0000 
715 36101 909.6750532832 1.0000 
720 36395 909.6750532832 1.0000 
725 36687 909.6750532832 1.0000 
730 36974 909.6750532832 1.0000 
735 37270 909.6750532832 1.0000 
740 37563 909.6750532832 1.0000 
745 37832 909.6750532832 1.0000 
750 38104 909.6750532832 1.0000 
755 38381 909.6750532832 1.0000 
760 38668 909.6750532832 1.0000 
765 38959 909.6750532832 1.0000 
770 39248 909.6750532832 1.0000 
775 39534 909.6750532832 1.0000 
780 39821 909.6750532832 1.0000 
785 40108 909.6750532832 1.0000 
790 40399 909.6750532832 1.0000 
795 40686 909.6750532832 1.0000 
800 40973 909.6750532832 1.0000 
805 41256 909.6750532832 1.0000 
810 41547 909.6750532832 1.0000 
815 41833 909.6750532832 1.0000 
820 42118 909.6750532832 1.0000 
825 42403 909.6750532832 1.0000 
830 42693 909.6750532832 1.0000 
835 42986 909.6750532832 1.0000 
840 43270 909.6750532832 1.0000 
845 43544 909.6750532832 1.0000 
850 43805 909.6750532832 1.0000 
855 44080 909.6750532832 1.0000 
860 44373 909.6750532832 1.0000 
865 44667 909.6750532832 1.0000 
870 44957 909.6750532832 1.0000 
875 45246 909.6750532832 1.0000 
880 45525 909.6750532832 1.0000 
885 45795 909.6750532832 1.0000 
890 46076 909.6750532832 1.0000 
895 46370 909.6750532832 1.0000 
900 46664 909.6750532832 1.0000 
905 46952 909.6750532832 1.0000 
910 47240 909.6750532832 1.0000 
915 47537 909.6750532832 1.0000 
920 47835 909.6750532832 1.0000 
925 48126 909.6750532832 1.0000 
930 48418 909.6750532832 1.0000 
935 48709 909.6750532832 1.0000 
940 49007 909.6750532832 1.0000 
945 49291 909.6750532832 1.0000 
950 49587 909.6750532832 1.0000 
955 49878 909.6750532832 1.0000 
960 50173 909.6750532832 1.0000 
965 50457 909.6750532832 1.0000 
970 50748 909.6750532832 1.0000 
975 51044 909.6750532832 1.0000 
980 51331 909.6750532832 1.0000 
985 51620 909.6750532832 1.0000 
990 51919 909.6750532832 1.0000 
995 52210 909.6750532832 1.0000 
1000 52503 909.6750532832 1.0000 
1005 52800 909.6750532832 1.0000 
1010 53092 909.6750532832 1.0000 
1015 53384 909.6750532832 1.0000 
1020 53687 909.6750532832 1.0000 
1025 53986 909.6750532832 1.0000 
1030 54268 909.6750532832 1.0000 
1035 54560 909.6750532832 1.0000 
1040 54851 909.6750532832 1.0000 
1045 55143 909.6750532832 1.0000 
1050 55437 909.6750532832 1.0000 
1055 55726 909.6750532832 1.0000 
1060 56025 909.6750532832 1.0000 
1065 56316 909.6750532832 1.0000 
1070 56612 909.6750532832 1.0000 
1075 56903 909.6750532832 1.0000 
1080 57194 909.6750532832 1.0000 
1085 57480 909.6750532832 1.0000 
1090 57759 909.6750532832 1.0000 
1095 58035 909.6750532832 1.0000 
1100 58331 909.6750532832 1.0000 
1105 58622 909.6750532832 1.0000 
1110 58909 909.6750532832 1.0000 
1115 59198 909.6750532832 1.0000 
1120 59489 909.6750532832 1.0000 
1125 59776 909.6750532832 1.0000 
1130 60070 909.6750532832 1.0000 
1135 60359 909.6750532832 1.0000 
1140 60653 909.6750532832 1.0000 
1145 60936 909.6750532832 1.0000 
1150 61221 909.6750532832 1.0000 
1155 61511 909.6750532832 1.0000 
1160 61802 909.6750532832 1.0000 
1165 62093 909.6750532832 1.0000 
1170 62383 909.6750532832 1.0000 
1175 62665 909.6750532832 1.0000 
1180 62950 909.6750532832 1.0000 
1185 63231 909.6750532832 1.0000 
1190 63523 909.6750532832 1.0000 
1195 63812 909.6750532832 1.0000 
1200 64099 909.6750532832 1.0000 
1205 64384 909.6750532832 1.0000 
1210 64667 909.6750532832 1.0000 
1215 64957 909.6750532832 1.0000 
1220 65249 909.6750532832 1.0000 
1225 65534 909.6750532832 1.0000 
1230 65815 909.6750532832 1.0000 
1235 66102 909.6750532832 1.0000 
1240 66387 909.6750532832 1.0000 
1245 66677 909.6750532832 1.0000 
1250 66972 909.6750532832 1.0000 
1255 67254 909.6750532832 1.0000 
1260 67536 909.6750532832 1.0000 
1265 67826 909.6750532832 1.0000 
1270 68115 909.6750532832 1.0000 
1275 68402 909.6750532832 1.0000 
1280 68694 909.6750532832 1.0000 
1285 68976 909.6750532832 1.0000 
1290 69259 909.6750532832 1.0000 
1295 69536 909.6750532832 1.0000 
1300 69813 909.6750532832 1.0000 
1305 70082 909.6750532832 1.0000 
1310 70359 909.6750532832 1.0000 
1315 70640 909.6750532832 1.0000 
1320 70923 909.6750532832 1.0000 
1325 71204 909.6750532832 1.0000 
1330 71480 909.6750532832 1.0000 
1335 71766 909.6750532832 1.0000 
1340 72055 909.6750532832 1.0000 
1345 72334 909.6750532832 1.0000 
1350 72617 909.6750532832 1.0000 
1355 72903 909.6750532832 1.0000 
1360 73191 909.6750532832 1.0000 
1365 73479 909.6750532832 1.0000 
1370 73754 909.6750532832 1.0000 
1375 74035 909.6750532832 1.0000 
1380 74320 909.6750532832 1.0000 
1385 74603 909.6750532832 1.0000 
1390 74885 909.6750532832 1.0000 
1395 75167 909.6750532832 1.0000 
1400 75455 909.6750532832 1.0000 
1405 75738 909.6750532832 1.0000 
1410 76022 909.6750532832 1.0000 
1415 76288 909.6750532832 1.0000 
1420 76566 909.6750532832 1.0000 
1425 76849 909.6750532832 1.0000 
1430 77133 909.6750532832 1.0000 
1435 77420 909.6750532832 1.0000 
1440 77701 909.6750532832 1.0000 
1445 77986 909.6750532832 1.0000 
1450 78273 909.6750532832 1.0000 
1455 78555 909.6750532832 1.0000 
1460 78838 909.6750532832 1.0000 
1465 79125 909.6750532832 1.0000 
1470 79410 909.6750532832 1.0000 
1475 79692 909.6750532832 1.0000 
1480 79994 909.6750532832 1.0000 
1485 80291 909.6750532832 1.0000 
1490 80585 909.6750532832 1.0000 
1495 80882 909.6750532832 1.0000 
1500 81181 909.6750532832 1.0000 
1505 81474 909.6750532832 1.0000 
1510 81774 909.6750532832 1.0000 
1515 82073 909.6750532832 1.0000 
1520 82374 909.6750532832 1.0000 
1525 82672 909.6750532832 1.0000 
1530 82972 909.6750532832 1.0000 
1535 83274 909.6750532832 1.0000 
1540 83573 909.6750532832 1.0000 
1545 83870 909.6750532832 1.0000 
1550 84167 909.6750532832 1.0000 
1555 84465 909.6750532832 1.0000 
1560 84765 909.6750532832 1.0000 
1565 85059 909.6750532832 1.0000 
1570 85357 909.6750532832 1.0000 
1575 85654 909.6750532832 1.0000 
1580 85951 909.6750532832 1.0000 
1585 86249 909.6750532832 1.0000 
1590 86548 909.6750532832 1.0000 
1595 86841 909.6750532832 1.0000 
1600 87137 909.6750532832 1.0000 
1605 87440 909.6750532832 1.0000 
1610 87737 909.6750532832 1.0000 
1615 88033 909.6750532832 1.0000 
1620 88331 909.6750532832 1.0000 
1625 88624 909.6750532832 1.0000 
1630 88889 909.6750532832 1.0000 
1635 89164 909.6750532832 1.0000 
1640 89448 909.6750532832 1.0000 
1645 89741 909.6750532832 1.0000 
1650 90040 909.6750532832 1.0000 
1655 90310 909.6750532832 1.0000 
1660 90591 909.6750532832 1.0000 
1665 90879 909.6750532832 1.0000 
1670 91164 909.6750532832 1.0000 
1675 91450 909.6750532832 1.0000 
1680 91731 909.6750532832 1.0000 
1685 92014 909.6750532832 1.0000 
1690 92294 909.6750532832 1.0000 
1695 92576 909.6750532832 1.0000 
1700 92859 909.6750532832 1.0000 
1705 93137 909.6750532832 1.0000 
1710 93420 909.6750532832 1.0000 
1715 93698 909.6750532832 1.0000 
1720 93982 909.6750532832 1.0000 
1725 94267 909.6750532832 1.0000 
1730 94554 909.6750532832 1.0000 
1735 94826 909.6750532832 1.0000 
1740 95124 909.6750532832 1.0000 
1745 95408 909.6750532832 1.0000 
1750 95692 909.6750532832 1.0000 
1755 95973 909.6750532832 1.0000 
1760 96259 909.6750532832 1.0000 
1765 96540 909.6750532832 1.0000 
1770 96820 909.6750532832 1.0000 
1775 97099 909.6750532832 1.0000 
1780 97383 909.6750532832 1.0000 
1785 97666 909.6750532832 1.0000 
1790 97949 909.6750532832 1.0000 
1795 98231 909.6750532832 1.0000 
1800 98513 909.6750532832 1.0000 
