0 0 1258.9603407817 0.0000 
5 4 1258.9603407817 0.0000 
10 8 1258.9603407817 0.0000 
15 12 967.2596993560 0.8953 
20 15 925.3856059796 0.9358 
25 19 918.9010502970 0.9424 
30 23 909.6330471275 0.9520 
35 27 902.9346852919 0.9590 
40 31 901.7971753229 0.9602 
45 34 898.1492930088 0.9641 
50 38 893.5806533106 0.9691 
55 42 891.0204003937 0.9719 
60 46 889.6436147816 0.9734 
65 50 888.2975863648 0.9748 
70 54 888.2975863648 0.9748 
75 58 883.4265332146 0.9802 
80 62 883.3101983716 0.9803 
85 66 882.9033718495 0.9808 
90 70 881.3954456371 0.9825 
95 74 879.9649290515 0.9841 
100 78 879.4147688260 0.9847 
105 82 875.7164517217 0.9888 
110 86 875.7164517217 0.9888 
115 90 875.7164517217 0.9888 
120 94 875.7164517217 0.9888 
125 98 875.7164517217 0.9888 
130 101 875.7164517217 0.9888 
135 105 875.7164517217 0.9888 
140 109 875.7164517217 0.9888 
145 113 875.7164517217 0.9888 
150 117 874.7703845865 0.9899 
155 121 874.0980336075 0.9907 
160 126 874.0980336075 0.9907 
165 130 872.9307944623 0.9920 
170 134 872.9307944623 0.9920 
175 138 872.7974009611 0.9921 
180 142 872.7974009611 0.9921 
185 146 872.6598913984 0.9923 
190 150 872.6598913984 0.9923 
195 154 872.6598913984 0.9923 
200 158 872.6598913984 0.9923 
205 162 872.6598913984 0.9923 
210 167 872.6598913984 0.9923 
215 171 872.6598913984 0.9923 
220 175 872.6598913984 0.9923 
225 179 872.6598913984 0.9923 
230 184 872.6598913984 0.9923 
235 188 871.4390948013 0.9937 
240 192 871.4390948013 0.9937 
245 197 871.4390948013 0.9937 
250 201 871.4390948013 0.9937 
255 205 871.4390948013 0.9937 
260 210 871.4390948013 0.9937 
265 214 871.4390948013 0.9937 
270 218 871.4390948013 0.9937 
275 223 871.4390948013 0.9937 
280 227 871.4390948013 0.9937 
285 232 871.4390948013 0.9937 
290 237 871.4390948013 0.9937 
295 241 871.4390948013 0.9937 
300 246 871.4390948013 0.9937 
305 251 871.4390948013 0.9937 
310 255 871.4390948013 0.9937 
315 260 871.4390948013 0.9937 
320 265 871.4390948013 0.9937 
325 270 871.4390948013 0.9937 
330 274 871.4390948013 0.9937 
335 279 871.4390948013 0.9937 
340 284 871.3094188264 0.9938 
345 289 870.4316945841 0.9948 
350 293 869.7740930688 0.9956 
355 298 869.6267538815 0.9958 
360 303 869.6267538815 0.9958 
365 308 869.6267538815 0.9958 
370 313 869.6267538815 0.9958 
375 318 869.6267538815 0.9958 
380 323 869.6267538815 0.9958 
385 328 869.6267538815 0.9958 
390 333 869.6267538815 0.9958 
395 339 869.6267538815 0.9958 
400 344 869.6267538815 0.9958 
405 349 869.6267538815 0.9958 
410 355 869.6267538815 0.9958 
415 360 869.6267538815 0.9958 
420 365 869.6267538815 0.9958 
425 371 869.6267538815 0.9958 
430 375 868.2330974666 0.9974 
435 381 867.8046681346 0.9979 
440 386 866.8694711172 0.9989 
445 392 866.8694711172 0.9989 
450 398 866.0404560906 0.9999 
455 404 866.0404560906 0.9999 
460 410 866.0404560906 0.9999 
465 416 865.9445056376 1.0000 
470 422 865.9445056376 1.0000 
475 427 865.9445056376 1.0000 
480 433 865.9445056376 1.0000 
485 439 865.9445056376 1.0000 
490 445 865.9445056376 1.0000 
495 452 865.9445056376 1.0000 
500 458 865.9445056376 1.0000 
505 464 865.9445056376 1.0000 
510 471 865.9445056376 1.0000 
515 477 865.9445056376 1.0000 
520 483 865.9445056376 1.0000 
525 490 865.9445056376 1.0000 
530 497 865.9445056376 1.0000 
535 503 865.9445056376 1.0000 
540 510 865.9445056376 1.0000 
545 517 865.9445056376 1.0000 
550 524 865.9445056376 1.0000 
555 531 865.9445056376 1.0000 
560 538 865.9445056376 1.0000 
565 546 865.9445056376 1.0000 
570 553 865.9445056376 1.0000 
575 561 865.9445056376 1.0000 
580 569 865.9445056376 1.0000 
585 576 865.9445056376 1.0000 
590 584 865.9445056376 1.0000 
595 593 865.9445056376 1.0000 
600 601 865.9445056376 1.0000 
605 609 865.9445056376 1.0000 
610 617 865.9445056376 1.0000 
615 626 865.9445056376 1.0000 
620 635 865.9445056376 1.0000 
625 645 865.9445056376 1.0000 
630 654 865.9445056376 1.0000 
635 664 865.9445056376 1.0000 
640 674 865.9445056376 1.0000 
645 684 865.9445056376 1.0000 
650 695 865.9445056376 1.0000 
655 706 865.9445056376 1.0000 
660 718 865.9445056376 1.0000 
665 730 865.9445056376 1.0000 
670 742 865.9445056376 1.0000 
675 756 865.9445056376 1.0000 
680 770 865.9445056376 1.0000 
685 784 865.9445056376 1.0000 
690 800 865.9445056376 1.0000 
695 817 865.9445056376 1.0000 
700 836 865.9445056376 1.0000 
705 858 865.9445056376 1.0000 
710 883 865.9445056376 1.0000 
715 915 865.9445056376 1.0000 
720 969 865.9445056376 1.0000 
725 1143 865.9445056376 1.0000 
730 1327 865.9445056376 1.0000 
735 1513 865.9445056376 1.0000 
740 1701 865.9445056376 1.0000 
745 1889 865.9445056376 1.0000 
750 2073 865.9445056376 1.0000 
755 2262 865.9445056376 1.0000 
760 2447 865.9445056376 1.0000 
765 2631 865.9445056376 1.0000 
770 2816 865.9445056376 1.0000 
775 3000 865.9445056376 1.0000 
780 3181 865.9445056376 1.0000 
785 3363 865.9445056376 1.0000 
790 3543 865.9445056376 1.0000 
795 3724 865.9445056376 1.0000 
800 3908 865.9445056376 1.0000 
805 4094 865.9445056376 1.0000 
810 4275 865.9445056376 1.0000 
815 4460 865.9445056376 1.0000 
820 4643 865.9445056376 1.0000 
825 4829 865.9445056376 1.0000 
830 5012 865.9445056376 1.0000 
835 5196 865.9445056376 1.0000 
840 5381 865.9445056376 1.0000 
845 5570 865.9445056376 1.0000 
850 5752 865.9445056376 1.0000 
855 5935 865.9445056376 1.0000 
860 6122 865.9445056376 1.0000 
865 6312 865.9445056376 1.0000 
870 6495 865.9445056376 1.0000 
875 6679 865.9445056376 1.0000 
880 6859 865.9445056376 1.0000 
885 7040 865.9445056376 1.0000 
890 7223 865.9445056376 1.0000 
895 7407 865.9445056376 1.0000 
900 7593 865.9445056376 1.0000 
905 7778 865.9445056376 1.0000 
910 7963 865.9445056376 1.0000 
915 8144 865.9445056376 1.0000 
920 8332 865.9445056376 1.0000 
925 8520 865.9445056376 1.0000 
930 8702 865.9445056376 1.0000 
935 8886 865.9445056376 1.0000 
940 9069 865.9445056376 1.0000 
945 9251 865.9445056376 1.0000 
950 9433 865.9445056376 1.0000 
955 9615 865.9445056376 1.0000 
960 9805 865.9445056376 1.0000 
965 9988 865.9445056376 1.0000 
970 10172 865.9445056376 1.0000 
975 10360 865.9445056376 1.0000 
980 10542 865.9445056376 1.0000 
985 10727 865.9445056376 1.0000 
990 10908 865.9445056376 1.0000 
995 11092 865.9445056376 1.0000 
1000 11274 865.9445056376 1.0000 
1005 11459 865.9445056376 1.0000 
1010 11646 865.9445056376 1.0000 
1015 11829 865.9445056376 1.0000 
1020 12016 865.9445056376 1.0000 
1025 12199 865.9445056376 1.0000 
1030 12378 865.9445056376 1.0000 
1035 12551 865.9445056376 1.0000 
1040 12734 865.9445056376 1.0000 
1045 12916 865.9445056376 1.0000 
1050 13100 865.9445056376 1.0000 
1055 13279 865.9445056376 1.0000 
1060 13465 865.9445056376 1.0000 
1065 13649 865.9445056376 1.0000 
1070 13835 865.9445056376 1.0000 
1075 14017 865.9445056376 1.0000 
1080 14206 865.9445056376 1.0000 
1085 14389 865.9445056376 1.0000 
1090 14571 865.9445056376 1.0000 
1095 14751 865.9445056376 1.0000 
1100 14935 865.9445056376 1.0000 
1105 15117 865.9445056376 1.0000 
1110 15302 865.9445056376 1.0000 
1115 15484 865.9445056376 1.0000 
1120 15667 865.9445056376 1.0000 
1125 15854 865.9445056376 1.0000 
1130 16039 865.9445056376 1.0000 
1135 16221 865.9445056376 1.0000 
1140 16408 865.9445056376 1.0000 
1145 16592 865.9445056376 1.0000 
1150 16776 865.9445056376 1.0000 
1155 16963 865.9445056376 1.0000 
1160 17144 865.9445056376 1.0000 
1165 17332 865.9445056376 1.0000 
1170 17512 865.9445056376 1.0000 
1175 17694 865.9445056376 1.0000 
1180 17883 865.9445056376 1.0000 
1185 18066 865.9445056376 1.0000 
1190 18249 865.9445056376 1.0000 
1195 18434 865.9445056376 1.0000 
1200 18620 865.9445056376 1.0000 
1205 18802 865.9445056376 1.0000 
1210 18985 865.9445056376 1.0000 
1215 19174 865.9445056376 1.0000 
1220 19362 865.9445056376 1.0000 
1225 19545 865.9445056376 1.0000 
1230 19729 865.9445056376 1.0000 
1235 19912 865.9445056376 1.0000 
1240 20096 865.9445056376 1.0000 
1245 20283 865.9445056376 1.0000 
1250 20466 865.9445056376 1.0000 
1255 20649 865.9445056376 1.0000 
1260 20833 865.9445056376 1.0000 
1265 21018 865.9445056376 1.0000 
1270 21203 865.9445056376 1.0000 
1275 21387 865.9445056376 1.0000 
1280 21571 865.9445056376 1.0000 
1285 21754 865.9445056376 1.0000 
1290 21940 865.9445056376 1.0000 
1295 22124 865.9445056376 1.0000 
1300 22309 865.9445056376 1.0000 
1305 22490 865.9445056376 1.0000 
1310 22674 865.9445056376 1.0000 
1315 22862 865.9445056376 1.0000 
1320 23045 865.9445056376 1.0000 
1325 23227 865.9445056376 1.0000 
1330 23417 865.9445056376 1.0000 
1335 23603 865.9445056376 1.0000 
1340 23788 865.9445056376 1.0000 
1345 23970 865.9445056376 1.0000 
1350 24158 865.9445056376 1.0000 
1355 24341 865.9445056376 1.0000 
1360 24522 865.9445056376 1.0000 
1365 24705 865.9445056376 1.0000 
1370 24894 865.9445056376 1.0000 
1375 25074 865.9445056376 1.0000 
1380 25259 865.9445056376 1.0000 
1385 25443 865.9445056376 1.0000 
1390 25630 865.9445056376 1.0000 
1395 25812 865.9445056376 1.0000 
1400 25992 865.9445056376 1.0000 
1405 26180 865.9445056376 1.0000 
1410 26358 865.9445056376 1.0000 
1415 26538 865.9445056376 1.0000 
1420 26722 865.9445056376 1.0000 
1425 26905 865.9445056376 1.0000 
1430 27093 865.9445056376 1.0000 
1435 27274 865.9445056376 1.0000 
1440 27455 865.9445056376 1.0000 
1445 27643 865.9445056376 1.0000 
1450 27824 865.9445056376 1.0000 
1455 28007 865.9445056376 1.0000 
1460 28192 865.9445056376 1.0000 
1465 28375 865.9445056376 1.0000 
1470 28556 865.9445056376 1.0000 
1475 28739 865.9445056376 1.0000 
1480 28921 865.9445056376 1.0000 
1485 29107 865.9445056376 1.0000 
1490 29295 865.9445056376 1.0000 
1495 29482 865.9445056376 1.0000 
1500 29666 865.9445056376 1.0000 
1505 29849 865.9445056376 1.0000 
1510 30033 865.9445056376 1.0000 
1515 30217 865.9445056376 1.0000 
1520 30405 865.9445056376 1.0000 
1525 30588 865.9445056376 1.0000 
1530 30769 865.9445056376 1.0000 
1535 30948 865.9445056376 1.0000 
1540 31130 865.9445056376 1.0000 
1545 31316 865.9445056376 1.0000 
1550 31502 865.9445056376 1.0000 
1555 31686 865.9445056376 1.0000 
1560 31870 865.9445056376 1.0000 
1565 32051 865.9445056376 1.0000 
1570 32238 865.9445056376 1.0000 
1575 32424 865.9445056376 1.0000 
1580 32607 865.9445056376 1.0000 
1585 32789 865.9445056376 1.0000 
1590 32975 865.9445056376 1.0000 
1595 33156 865.9445056376 1.0000 
1600 33341 865.9445056376 1.0000 
1605 33525 865.9445056376 1.0000 
1610 33713 865.9445056376 1.0000 
1615 33899 865.9445056376 1.0000 
1620 34086 865.9445056376 1.0000 
1625 34268 865.9445056376 1.0000 
1630 34448 865.9445056376 1.0000 
1635 34632 865.9445056376 1.0000 
1640 34815 865.9445056376 1.0000 
1645 34997 865.9445056376 1.0000 
1650 35182 865.9445056376 1.0000 
1655 35364 865.9445056376 1.0000 
1660 35545 865.9445056376 1.0000 
1665 35731 865.9445056376 1.0000 
1670 35918 865.9445056376 1.0000 
1675 36102 865.9445056376 1.0000 
1680 36287 865.9445056376 1.0000 
1685 36469 865.9445056376 1.0000 
1690 36654 865.9445056376 1.0000 
1695 36838 865.9445056376 1.0000 
1700 37028 865.9445056376 1.0000 
1705 37212 865.9445056376 1.0000 
1710 37399 865.9445056376 1.0000 
1715 37584 865.9445056376 1.0000 
1720 37771 865.9445056376 1.0000 
1725 37952 865.9445056376 1.0000 
1730 38138 865.9445056376 1.0000 
1735 38320 865.9445056376 1.0000 
1740 38510 865.9445056376 1.0000 
1745 38691 865.9445056376 1.0000 
1750 38878 865.9445056376 1.0000 
1755 39063 865.9445056376 1.0000 
1760 39248 865.9445056376 1.0000 
1765 39434 865.9445056376 1.0000 
1770 39620 865.9445056376 1.0000 
1775 39802 865.9445056376 1.0000 
1780 39984 865.9445056376 1.0000 
1785 40166 865.9445056376 1.0000 
1790 40348 865.9445056376 1.0000 
1795 40530 865.9445056376 1.0000 
1800 40712 865.9445056376 1.0000 
