0 0 1621.3923930539 0.0000 
5 24 1621.3923930539 0.0000 
10 49 1271.3912673961 0.9144 
15 75 1226.7654368614 0.9477 
20 139 1215.2713831749 0.9566 
25 210 1215.2713831749 0.9566 
30 282 1215.2713831749 0.9566 
35 380 1215.2713831749 0.9566 
40 482 1192.9654512715 0.9745 
45 583 1192.9654512715 0.9745 
50 680 1192.9654512715 0.9745 
55 777 1192.9654512715 0.9745 
60 875 1192.9654512715 0.9745 
65 969 1180.5364891388 0.9848 
70 1066 1180.4772445621 0.9848 
75 1167 1180.4772445621 0.9848 
80 1269 1180.4772445621 0.9848 
85 1370 1180.4772445621 0.9848 
90 1475 1180.4772445621 0.9848 
95 1576 1180.4772445621 0.9848 
100 1679 1180.4772445621 0.9848 
105 1786 1180.4772445621 0.9848 
110 1890 1180.4772445621 0.9848 
115 1993 1180.4772445621 0.9848 
120 2098 1180.4772445621 0.9848 
125 2200 1180.4772445621 0.9848 
130 2304 1180.4772445621 0.9848 
135 2403 1180.4772445621 0.9848 
140 2511 1180.4772445621 0.9848 
145 2615 1180.4772445621 0.9848 
150 2720 1180.4772445621 0.9848 
155 2826 1180.4772445621 0.9848 
160 2931 1180.4772445621 0.9848 
165 3033 1180.4772445621 0.9848 
170 3136 1180.4772445621 0.9848 
175 3242 1180.4772445621 0.9848 
180 3346 1180.4772445621 0.9848 
185 3449 1180.4772445621 0.9848 
190 3550 1180.4772445621 0.9848 
195 3652 1180.4772445621 0.9848 
200 3756 1180.4772445621 0.9848 
205 3857 1180.4772445621 0.9848 
210 3959 1180.4772445621 0.9848 
215 4064 1180.4772445621 0.9848 
220 4167 1180.4772445621 0.9848 
225 4268 1180.4772445621 0.9848 
230 4369 1180.4772445621 0.9848 
235 4473 1180.4772445621 0.9848 
240 4577 1180.4772445621 0.9848 
245 4678 1180.4772445621 0.9848 
250 4778 1171.2533670906 0.9926 
255 4882 1171.2533670906 0.9926 
260 4986 1171.2533670906 0.9926 
265 5087 1171.2533670906 0.9926 
270 5189 1171.2533670906 0.9926 
275 5291 1171.2533670906 0.9926 
280 5392 1171.2533670906 0.9926 
285 5494 1171.2533670906 0.9926 
290 5594 1171.2533670906 0.9926 
295 5694 1171.2533670906 0.9926 
300 5796 1171.2533670906 0.9926 
305 5900 1171.2533670906 0.9926 
310 6001 1171.2533670906 0.9926 
315 6103 1171.2533670906 0.9926 
320 6201 1171.2533670906 0.9926 
325 6296 1171.2533670906 0.9926 
330 6393 1171.2533670906 0.9926 
335 6490 1171.2533670906 0.9926 
340 6592 1171.2533670906 0.9926 
345 6686 1171.2533670906 0.9926 
350 6785 1171.2533670906 0.9926 
355 6887 1171.2533670906 0.9926 
360 6989 1171.2533670906 0.9926 
365 7093 1171.2533670906 0.9926 
370 7194 1171.2533670906 0.9926 
375 7297 1171.2533670906 0.9926 
380 7395 1171.2533670906 0.9926 
385 7497 1171.2533670906 0.9926 
390 7601 1171.2533670906 0.9926 
395 7700 1171.2533670906 0.9926 
400 7800 1171.2533670906 0.9926 
405 7902 1171.2533670906 0.9926 
410 7997 1171.2533670906 0.9926 
415 8095 1171.2533670906 0.9926 
420 8189 1171.2533670906 0.9926 
425 8282 1171.2533670906 0.9926 
430 8375 1171.2533670906 0.9926 
435 8473 1171.2533670906 0.9926 
440 8571 1171.2533670906 0.9926 
445 8668 1171.2533670906 0.9926 
450 8761 1171.2533670906 0.9926 
455 8853 1171.2533670906 0.9926 
460 8951 1171.2533670906 0.9926 
465 9053 1171.2533670906 0.9926 
470 9155 1171.2533670906 0.9926 
475 9254 1171.2533670906 0.9926 
480 9354 1171.2533670906 0.9926 
485 9453 1171.2533670906 0.9926 
490 9553 1171.2533670906 0.9926 
495 9655 1171.2533670906 0.9926 
500 9756 1171.2533670906 0.9926 
505 9856 1171.2533670906 0.9926 
510 9950 1171.2533670906 0.9926 
515 10046 1171.2533670906 0.9926 
520 10143 1171.2533670906 0.9926 
525 10236 1171.2533670906 0.9926 
530 10339 1171.2533670906 0.9926 
535 10439 1171.2533670906 0.9926 
540 10540 1171.2533670906 0.9926 
545 10640 1171.2533670906 0.9926 
550 10739 1171.2533670906 0.9926 
555 10830 1171.2533670906 0.9926 
560 10900 1171.2533670906 0.9926 
565 10988 1171.2533670906 0.9926 
570 11065 1171.2533670906 0.9926 
575 11151 1171.2533670906 0.9926 
580 11239 1171.2533670906 0.9926 
585 11323 1171.2533670906 0.9926 
590 11410 1171.2533670906 0.9926 
595 11495 1171.2533670906 0.9926 
600 11592 1171.2533670906 0.9926 
605 11691 1171.2533670906 0.9926 
610 11790 1171.2533670906 0.9926 
615 11892 1171.2533670906 0.9926 
620 11988 1171.2533670906 0.9926 
625 12087 1171.2533670906 0.9926 
630 12188 1171.2533670906 0.9926 
635 12284 1171.2533670906 0.9926 
640 12382 1171.2533670906 0.9926 
645 12483 1171.2533670906 0.9926 
650 12583 1171.2533670906 0.9926 
655 12681 1171.0845967189 0.9927 
660 12782 1171.0845967189 0.9927 
665 12881 1171.0845967189 0.9927 
670 12981 1171.0845967189 0.9927 
675 13082 1171.0845967189 0.9927 
680 13181 1171.0845967189 0.9927 
685 13279 1171.0845967189 0.9927 
690 13379 1171.0845967189 0.9927 
695 13479 1171.0845967189 0.9927 
700 13579 1171.0845967189 0.9927 
705 13679 1171.0845967189 0.9927 
710 13778 1171.0845967189 0.9927 
715 13880 1171.0845967189 0.9927 
720 13978 1171.0845967189 0.9927 
725 14077 1171.0845967189 0.9927 
730 14176 1171.0845967189 0.9927 
735 14276 1171.0845967189 0.9927 
740 14376 1171.0845967189 0.9927 
745 14477 1171.0845967189 0.9927 
750 14577 1171.0845967189 0.9927 
755 14676 1171.0845967189 0.9927 
760 14777 1171.0845967189 0.9927 
765 14874 1171.0845967189 0.9927 
770 14973 1171.0845967189 0.9927 
775 15072 1171.0845967189 0.9927 
780 15174 1171.0845967189 0.9927 
785 15275 1171.0845967189 0.9927 
790 15376 1171.0845967189 0.9927 
795 15476 1171.0845967189 0.9927 
800 15578 1171.0845967189 0.9927 
805 15677 1171.0845967189 0.9927 
810 15778 1171.0845967189 0.9927 
815 15880 1171.0845967189 0.9927 
820 15977 1171.0845967189 0.9927 
825 16077 1171.0845967189 0.9927 
830 16179 1171.0845967189 0.9927 
835 16279 1171.0845967189 0.9927 
840 16380 1171.0845967189 0.9927 
845 16481 1171.0845967189 0.9927 
850 16581 1171.0845967189 0.9927 
855 16683 1171.0845967189 0.9927 
860 16782 1171.0845967189 0.9927 
865 16885 1171.0845967189 0.9927 
870 16986 1171.0845967189 0.9927 
875 17086 1171.0845967189 0.9927 
880 17188 1171.0845967189 0.9927 
885 17286 1171.0845967189 0.9927 
890 17387 1171.0845967189 0.9927 
895 17485 1171.0845967189 0.9927 
900 17584 1171.0845967189 0.9927 
905 17680 1171.0845967189 0.9927 
910 17777 1171.0845967189 0.9927 
915 17875 1171.0845967189 0.9927 
920 17974 1171.0845967189 0.9927 
925 18072 1171.0845967189 0.9927 
930 18174 1171.0845967189 0.9927 
935 18274 1171.0845967189 0.9927 
940 18376 1171.0845967189 0.9927 
945 18476 1171.0845967189 0.9927 
950 18575 1171.0845967189 0.9927 
955 18676 1171.0845967189 0.9927 
960 18777 1171.0845967189 0.9927 
965 18876 1171.0845967189 0.9927 
970 18976 1171.0845967189 0.9927 
975 19074 1171.0845967189 0.9927 
980 19173 1171.0845967189 0.9927 
985 19272 1171.0845967189 0.9927 
990 19372 1171.0845967189 0.9927 
995 19472 1171.0845967189 0.9927 
1000 19572 1171.0845967189 0.9927 
1005 19672 1171.0845967189 0.9927 
1010 19772 1171.0845967189 0.9927 
1015 19873 1171.0845967189 0.9927 
1020 19973 1171.0845967189 0.9927 
1025 20071 1171.0845967189 0.9927 
1030 20171 1171.0845967189 0.9927 
1035 20267 1171.0845967189 0.9927 
1040 20360 1171.0845967189 0.9927 
1045 20460 1171.0845967189 0.9927 
1050 20559 1171.0845967189 0.9927 
1055 20656 1171.0845967189 0.9927 
1060 20754 1171.0845967189 0.9927 
1065 20849 1171.0845967189 0.9927 
1070 20944 1171.0845967189 0.9927 
1075 21044 1171.0845967189 0.9927 
1080 21143 1171.0845967189 0.9927 
1085 21241 1171.0845967189 0.9927 
1090 21343 1171.0845967189 0.9927 
1095 21441 1171.0845967189 0.9927 
1100 21536 1171.0845967189 0.9927 
1105 21632 1171.0845967189 0.9927 
1110 21726 1171.0845967189 0.9927 
1115 21820 1171.0845967189 0.9927 
1120 21914 1171.0845967189 0.9927 
1125 22009 1171.0845967189 0.9927 
1130 22105 1171.0845967189 0.9927 
1135 22202 1171.0845967189 0.9927 
1140 22299 1171.0845967189 0.9927 
1145 22396 1171.0845967189 0.9927 
1150 22485 1171.0845967189 0.9927 
1155 22583 1171.0845967189 0.9927 
1160 22684 1171.0845967189 0.9927 
1165 22784 1171.0845967189 0.9927 
1170 22880 1171.0845967189 0.9927 
1175 22978 1171.0845967189 0.9927 
1180 23076 1171.0845967189 0.9927 
1185 23175 1171.0845967189 0.9927 
1190 23274 1171.0845967189 0.9927 
1195 23374 1171.0845967189 0.9927 
1200 23475 1171.0845967189 0.9927 
1205 23573 1171.0845967189 0.9927 
1210 23659 1171.0845967189 0.9927 
1215 23753 1171.0845967189 0.9927 
1220 23850 1171.0845967189 0.9927 
1225 23949 1171.0845967189 0.9927 
1230 24050 1171.0845967189 0.9927 
1235 24147 1171.0845967189 0.9927 
1240 24249 1171.0845967189 0.9927 
1245 24349 1171.0845967189 0.9927 
1250 24450 1171.0845967189 0.9927 
1255 24552 1171.0845967189 0.9927 
1260 24652 1171.0845967189 0.9927 
1265 24753 1171.0845967189 0.9927 
1270 24852 1171.0845967189 0.9927 
1275 24952 1171.0845967189 0.9927 
1280 25053 1171.0845967189 0.9927 
1285 25155 1171.0845967189 0.9927 
1290 25253 1171.0845967189 0.9927 
1295 25350 1171.0845967189 0.9927 
1300 25448 1171.0845967189 0.9927 
1305 25542 1171.0845967189 0.9927 
1310 25637 1171.0845967189 0.9927 
1315 25736 1171.0845967189 0.9927 
1320 25835 1171.0845967189 0.9927 
1325 25932 1171.0845967189 0.9927 
1330 26031 1171.0845967189 0.9927 
1335 26130 1171.0845967189 0.9927 
1340 26227 1171.0845967189 0.9927 
1345 26318 1171.0845967189 0.9927 
1350 26414 1171.0845967189 0.9927 
1355 26509 1171.0845967189 0.9927 
1360 26610 1171.0845967189 0.9927 
1365 26709 1171.0845967189 0.9927 
1370 26810 1171.0845967189 0.9927 
1375 26902 1171.0845967189 0.9927 
1380 26994 1171.0845967189 0.9927 
1385 27090 1171.0845967189 0.9927 
1390 27189 1171.0845967189 0.9927 
1395 27287 1171.0845967189 0.9927 
1400 27375 1171.0845967189 0.9927 
1405 27471 1171.0845967189 0.9927 
1410 27572 1171.0845967189 0.9927 
1415 27671 1171.0845967189 0.9927 
1420 27770 1171.0845967189 0.9927 
1425 27867 1171.0845967189 0.9927 
1430 27965 1171.0845967189 0.9927 
1435 28062 1171.0845967189 0.9927 
1440 28160 1171.0845967189 0.9927 
1445 28256 1171.0845967189 0.9927 
1450 28354 1171.0845967189 0.9927 
1455 28455 1171.0845967189 0.9927 
1460 28555 1171.0845967189 0.9927 
1465 28657 1171.0845967189 0.9927 
1470 28757 1171.0845967189 0.9927 
1475 28856 1171.0845967189 0.9927 
1480 28958 1171.0845967189 0.9927 
1485 29060 1171.0845967189 0.9927 
1490 29160 1171.0845967189 0.9927 
1495 29255 1171.0845967189 0.9927 
1500 29340 1171.0845967189 0.9927 
1505 29439 1171.0845967189 0.9927 
1510 29537 1171.0845967189 0.9927 
1515 29641 1171.0845967189 0.9927 
1520 29745 1171.0845967189 0.9927 
1525 29846 1171.0845967189 0.9927 
1530 29950 1171.0845967189 0.9927 
1535 30052 1171.0845967189 0.9927 
1540 30156 1171.0845967189 0.9927 
1545 30256 1171.0845967189 0.9927 
1550 30358 1171.0845967189 0.9927 
1555 30460 1171.0845967189 0.9927 
1560 30558 1171.0845967189 0.9927 
1565 30660 1171.0845967189 0.9927 
1570 30761 1171.0845967189 0.9927 
1575 30863 1171.0845967189 0.9927 
1580 30964 1171.0845967189 0.9927 
1585 31064 1171.0845967189 0.9927 
1590 31164 1171.0845967189 0.9927 
1595 31264 1171.0845967189 0.9927 
1600 31363 1171.0845967189 0.9927 
1605 31459 1171.0845967189 0.9927 
1610 31555 1169.2430691889 0.9943 
1615 31651 1169.2430691889 0.9943 
1620 31752 1169.2430691889 0.9943 
1625 31845 1169.2430691889 0.9943 
1630 31936 1169.2430691889 0.9943 
1635 32035 1169.2430691889 0.9943 
1640 32131 1169.2430691889 0.9943 
1645 32227 1169.2430691889 0.9943 
1650 32323 1169.2430691889 0.9943 
1655 32419 1169.2430691889 0.9943 
1660 32521 1169.2430691889 0.9943 
1665 32621 1169.2430691889 0.9943 
1670 32721 1169.2430691889 0.9943 
1675 32816 1169.2430691889 0.9943 
1680 32912 1169.2430691889 0.9943 
1685 33008 1169.2430691889 0.9943 
1690 33104 1169.2430691889 0.9943 
1695 33196 1169.2430691889 0.9943 
1700 33300 1169.2430691889 0.9943 
1705 33397 1169.2430691889 0.9943 
1710 33494 1169.2430691889 0.9943 
1715 33595 1169.2430691889 0.9943 
1720 33698 1169.2430691889 0.9943 
1725 33797 1169.2430691889 0.9943 
1730 33897 1169.2430691889 0.9943 
1735 33997 1169.2430691889 0.9943 
1740 34097 1169.2430691889 0.9943 
1745 34198 1169.2430691889 0.9943 
1750 34290 1169.2430691889 0.9943 
1755 34389 1169.2430691889 0.9943 
1760 34490 1169.2430691889 0.9943 
1765 34591 1169.2430691889 0.9943 
1770 34694 1169.2430691889 0.9943 
1775 34794 1169.2430691889 0.9943 
1780 34898 1169.2430691889 0.9943 
1785 34998 1169.2430691889 0.9943 
1790 35098 1169.2430691889 0.9943 
1795 35192 1169.2430691889 0.9943 
1800 35284 1169.2430691889 0.9943 
