0 0 1087.9899709363 0.0000 
5 4 956.5510097387 0.8568 
10 8 893.7417293275 0.9170 
15 11 886.9478315640 0.9240 
20 15 884.0655945723 0.9270 
25 18 880.6660104116 0.9306 
30 22 876.4147424656 0.9351 
35 25 876.3038906126 0.9352 
40 29 864.7397340410 0.9478 
45 33 860.2932729030 0.9527 
50 36 851.7890682755 0.9622 
55 40 851.7890682755 0.9622 
60 43 851.7470138076 0.9622 
65 47 850.1453594453 0.9640 
70 51 850.0486413110 0.9641 
75 54 850.0486413110 0.9641 
80 58 846.2165322427 0.9685 
85 62 843.8588890256 0.9712 
90 65 843.2128840929 0.9719 
95 69 843.2128840929 0.9719 
100 73 841.8379532886 0.9735 
105 76 840.7753705177 0.9748 
110 80 840.7753705177 0.9748 
115 84 840.7753705177 0.9748 
120 88 840.7753705177 0.9748 
125 91 840.7753705177 0.9748 
130 95 837.8104316985 0.9782 
135 99 837.8104316985 0.9782 
140 103 836.9421393061 0.9792 
145 106 836.9421393061 0.9792 
150 110 836.9421393061 0.9792 
155 114 836.9421393061 0.9792 
160 118 836.9026096304 0.9793 
165 122 836.9026096304 0.9793 
170 125 836.9026096304 0.9793 
175 129 836.9026096304 0.9793 
180 133 831.8721844291 0.9852 
185 137 827.1104852568 0.9909 
190 141 827.1104852568 0.9909 
195 145 827.1104852568 0.9909 
200 149 827.1104852568 0.9909 
205 151 827.1104852568 0.9909 
210 155 827.1104852568 0.9909 
215 159 827.1104852568 0.9909 
220 164 827.1104852568 0.9909 
225 168 824.9375982630 0.9935 
230 172 824.9375982630 0.9935 
235 176 824.9375982630 0.9935 
240 180 823.1009790812 0.9957 
245 184 823.1009790812 0.9957 
250 188 823.1009790812 0.9957 
255 192 821.5521742746 0.9976 
260 196 821.1099131815 0.9981 
265 200 821.1099131815 0.9981 
270 205 821.1099131815 0.9981 
275 209 821.1099131815 0.9981 
280 213 821.1099131815 0.9981 
285 217 821.1099131815 0.9981 
290 221 821.1099131815 0.9981 
295 226 821.1099131815 0.9981 
300 230 821.1099131815 0.9981 
305 234 821.1099131815 0.9981 
310 239 821.1099131815 0.9981 
315 243 821.1099131815 0.9981 
320 247 821.1099131815 0.9981 
325 252 821.1099131815 0.9981 
330 256 821.1099131815 0.9981 
335 261 821.1099131815 0.9981 
340 265 821.1099131815 0.9981 
345 270 821.1099131815 0.9981 
350 274 821.1099131815 0.9981 
355 279 821.1099131815 0.9981 
360 284 821.1099131815 0.9981 
365 288 821.1099131815 0.9981 
370 293 821.1099131815 0.9981 
375 298 821.1099131815 0.9981 
380 302 821.1099131815 0.9981 
385 307 821.1099131815 0.9981 
390 312 821.1099131815 0.9981 
395 317 821.1099131815 0.9981 
400 321 821.1099131815 0.9981 
405 326 821.1099131815 0.9981 
410 331 821.1099131815 0.9981 
415 336 821.1099131815 0.9981 
420 341 821.1099131815 0.9981 
425 346 821.1099131815 0.9981 
430 351 821.1099131815 0.9981 
435 356 821.1099131815 0.9981 
440 361 821.1099131815 0.9981 
445 366 821.1099131815 0.9981 
450 371 821.1099131815 0.9981 
455 376 821.1099131815 0.9981 
460 381 821.1099131815 0.9981 
465 387 821.1099131815 0.9981 
470 392 821.1099131815 0.9981 
475 397 821.1099131815 0.9981 
480 403 821.1099131815 0.9981 
485 408 821.1099131815 0.9981 
490 413 820.9084335468 0.9984 
495 419 820.9084335468 0.9984 
500 425 820.9084335468 0.9984 
505 430 820.4820811736 0.9989 
510 436 819.5575441875 1.0000 
515 442 819.5575441875 1.0000 
520 447 819.5575441875 1.0000 
525 453 819.5575441875 1.0000 
530 459 819.5575441875 1.0000 
535 465 819.5575441875 1.0000 
540 471 819.5575441875 1.0000 
545 477 819.5575441875 1.0000 
550 483 819.5575441875 1.0000 
555 490 819.5575441875 1.0000 
560 496 819.5575441875 1.0000 
565 501 819.5575441875 1.0000 
570 507 819.5575441875 1.0000 
575 514 819.5575441875 1.0000 
580 521 819.5575441875 1.0000 
585 528 819.5575441875 1.0000 
590 535 819.5575441875 1.0000 
595 542 819.5575441875 1.0000 
600 550 819.5575441875 1.0000 
605 557 819.5575441875 1.0000 
610 565 819.5575441875 1.0000 
615 572 819.5575441875 1.0000 
620 580 819.5575441875 1.0000 
625 588 819.5575441875 1.0000 
630 596 819.5575441875 1.0000 
635 604 819.5575441875 1.0000 
640 613 819.5575441875 1.0000 
645 621 819.5575441875 1.0000 
650 630 819.5575441875 1.0000 
655 639 819.5575441875 1.0000 
660 648 819.5575441875 1.0000 
665 658 819.5575441875 1.0000 
670 667 819.5575441875 1.0000 
675 677 819.5575441875 1.0000 
680 688 819.5575441875 1.0000 
685 698 819.5575441875 1.0000 
690 709 819.5575441875 1.0000 
695 721 819.5575441875 1.0000 
700 733 819.5575441875 1.0000 
705 746 819.5575441875 1.0000 
710 759 819.5575441875 1.0000 
715 773 819.5575441875 1.0000 
720 787 819.5575441875 1.0000 
725 803 819.5575441875 1.0000 
730 820 819.5575441875 1.0000 
735 839 819.5575441875 1.0000 
740 861 819.5575441875 1.0000 
745 887 819.5575441875 1.0000 
750 919 819.5575441875 1.0000 
755 989 819.5575441875 1.0000 
760 1178 819.5575441875 1.0000 
765 1374 819.5575441875 1.0000 
770 1563 819.5575441875 1.0000 
775 1757 819.5575441875 1.0000 
780 1947 819.5575441875 1.0000 
785 2137 819.5575441875 1.0000 
790 2329 819.5575441875 1.0000 
795 2518 819.5575441875 1.0000 
800 2710 819.5575441875 1.0000 
805 2899 819.5575441875 1.0000 
810 3091 819.5575441875 1.0000 
815 3281 819.5575441875 1.0000 
820 3472 819.5575441875 1.0000 
825 3666 819.5575441875 1.0000 
830 3857 819.5575441875 1.0000 
835 4048 819.5575441875 1.0000 
840 4240 819.5575441875 1.0000 
845 4432 819.5575441875 1.0000 
850 4620 819.5575441875 1.0000 
855 4811 819.5575441875 1.0000 
860 5003 819.5575441875 1.0000 
865 5196 819.5575441875 1.0000 
870 5389 819.5575441875 1.0000 
875 5580 819.5575441875 1.0000 
880 5776 819.5575441875 1.0000 
885 5967 819.5575441875 1.0000 
890 6157 819.5575441875 1.0000 
895 6347 819.5575441875 1.0000 
900 6537 819.5575441875 1.0000 
905 6726 819.5575441875 1.0000 
910 6915 819.5575441875 1.0000 
915 7106 819.5575441875 1.0000 
920 7298 819.5575441875 1.0000 
925 7495 819.5575441875 1.0000 
930 7684 819.5575441875 1.0000 
935 7876 819.5575441875 1.0000 
940 8065 819.5575441875 1.0000 
945 8256 819.5575441875 1.0000 
950 8447 819.5575441875 1.0000 
955 8641 819.5575441875 1.0000 
960 8830 819.5575441875 1.0000 
965 9021 819.5575441875 1.0000 
970 9212 819.5575441875 1.0000 
975 9404 819.5575441875 1.0000 
980 9596 819.5575441875 1.0000 
985 9786 819.5575441875 1.0000 
990 9976 819.5575441875 1.0000 
995 10166 819.5575441875 1.0000 
1000 10355 819.5575441875 1.0000 
1005 10543 819.5575441875 1.0000 
1010 10736 819.5575441875 1.0000 
1015 10930 819.5575441875 1.0000 
1020 11124 819.5575441875 1.0000 
1025 11314 819.5575441875 1.0000 
1030 11504 819.5575441875 1.0000 
1035 11698 819.5575441875 1.0000 
1040 11889 819.5575441875 1.0000 
1045 12077 819.5575441875 1.0000 
1050 12266 819.5575441875 1.0000 
1055 12456 819.5575441875 1.0000 
1060 12647 819.5575441875 1.0000 
1065 12838 819.5575441875 1.0000 
1070 13029 819.5575441875 1.0000 
1075 13220 819.5575441875 1.0000 
1080 13409 819.5575441875 1.0000 
1085 13599 819.5575441875 1.0000 
1090 13791 819.5575441875 1.0000 
1095 13982 819.5575441875 1.0000 
1100 14173 819.5575441875 1.0000 
1105 14363 819.5575441875 1.0000 
1110 14553 819.5575441875 1.0000 
1115 14745 819.5575441875 1.0000 
1120 14936 819.5575441875 1.0000 
1125 15124 819.5575441875 1.0000 
1130 15318 819.5575441875 1.0000 
1135 15514 819.5575441875 1.0000 
1140 15704 819.5575441875 1.0000 
1145 15895 819.5575441875 1.0000 
1150 16083 819.5575441875 1.0000 
1155 16273 819.5575441875 1.0000 
1160 16461 819.5575441875 1.0000 
1165 16653 819.5575441875 1.0000 
1170 16843 819.5575441875 1.0000 
1175 17034 819.5575441875 1.0000 
1180 17225 819.5575441875 1.0000 
1185 17413 819.5575441875 1.0000 
1190 17608 819.5575441875 1.0000 
1195 17802 819.5575441875 1.0000 
1200 17990 819.5575441875 1.0000 
1205 18179 819.5575441875 1.0000 
1210 18375 819.5575441875 1.0000 
1215 18568 819.5575441875 1.0000 
1220 18758 819.5575441875 1.0000 
1225 18953 819.5575441875 1.0000 
1230 19143 819.5575441875 1.0000 
1235 19337 819.5575441875 1.0000 
1240 19529 819.5575441875 1.0000 
1245 19720 819.5575441875 1.0000 
1250 19913 819.5575441875 1.0000 
1255 20105 819.5575441875 1.0000 
1260 20294 819.5575441875 1.0000 
1265 20483 819.5575441875 1.0000 
1270 20670 819.5575441875 1.0000 
1275 20861 819.5575441875 1.0000 
1280 21051 819.5575441875 1.0000 
1285 21241 819.5575441875 1.0000 
1290 21433 819.5575441875 1.0000 
1295 21625 819.5575441875 1.0000 
1300 21818 819.5575441875 1.0000 
1305 22009 819.5575441875 1.0000 
1310 22205 819.5575441875 1.0000 
1315 22396 819.5575441875 1.0000 
1320 22586 819.5575441875 1.0000 
1325 22779 819.5575441875 1.0000 
1330 22966 819.5575441875 1.0000 
1335 23160 819.5575441875 1.0000 
1340 23352 819.5575441875 1.0000 
1345 23542 819.5575441875 1.0000 
1350 23734 819.5575441875 1.0000 
1355 23927 819.5575441875 1.0000 
1360 24120 819.5575441875 1.0000 
1365 24308 819.5575441875 1.0000 
1370 24502 819.5575441875 1.0000 
1375 24694 819.5575441875 1.0000 
1380 24886 819.5575441875 1.0000 
1385 25076 819.5575441875 1.0000 
1390 25270 819.5575441875 1.0000 
1395 25458 819.5575441875 1.0000 
1400 25649 819.5575441875 1.0000 
1405 25841 819.5575441875 1.0000 
1410 26034 819.5575441875 1.0000 
1415 26225 819.5575441875 1.0000 
1420 26417 819.5575441875 1.0000 
1425 26611 819.5575441875 1.0000 
1430 26802 819.5575441875 1.0000 
1435 26994 819.5575441875 1.0000 
1440 27190 819.5575441875 1.0000 
1445 27380 819.5575441875 1.0000 
1450 27569 819.5575441875 1.0000 
1455 27756 819.5575441875 1.0000 
1460 27951 819.5575441875 1.0000 
1465 28142 819.5575441875 1.0000 
1470 28334 819.5575441875 1.0000 
1475 28526 819.5575441875 1.0000 
1480 28716 819.5575441875 1.0000 
1485 28905 819.5575441875 1.0000 
1490 29094 819.5575441875 1.0000 
1495 29287 819.5575441875 1.0000 
1500 29483 819.5575441875 1.0000 
1505 29677 819.5575441875 1.0000 
1510 29866 819.5575441875 1.0000 
1515 30058 819.5575441875 1.0000 
1520 30246 819.5575441875 1.0000 
1525 30440 819.5575441875 1.0000 
1530 30630 819.5575441875 1.0000 
1535 30820 819.5575441875 1.0000 
1540 31007 819.5575441875 1.0000 
1545 31197 819.5575441875 1.0000 
1550 31388 819.5575441875 1.0000 
1555 31576 819.5575441875 1.0000 
1560 31762 819.5575441875 1.0000 
1565 31951 819.5575441875 1.0000 
1570 32139 819.5575441875 1.0000 
1575 32333 819.5575441875 1.0000 
1580 32524 819.5575441875 1.0000 
1585 32717 819.5575441875 1.0000 
1590 32906 819.5575441875 1.0000 
1595 33100 819.5575441875 1.0000 
1600 33295 819.5575441875 1.0000 
1605 33487 819.5575441875 1.0000 
1610 33677 819.5575441875 1.0000 
1615 33866 819.5575441875 1.0000 
1620 34056 819.5575441875 1.0000 
1625 34246 819.5575441875 1.0000 
1630 34437 819.5575441875 1.0000 
1635 34624 819.5575441875 1.0000 
1640 34814 819.5575441875 1.0000 
1645 35004 819.5575441875 1.0000 
1650 35191 819.5575441875 1.0000 
1655 35382 819.5575441875 1.0000 
1660 35575 819.5575441875 1.0000 
1665 35766 819.5575441875 1.0000 
1670 35955 819.5575441875 1.0000 
1675 36145 819.5575441875 1.0000 
1680 36336 819.5575441875 1.0000 
1685 36526 819.5575441875 1.0000 
1690 36715 819.5575441875 1.0000 
1695 36905 819.5575441875 1.0000 
1700 37095 819.5575441875 1.0000 
1705 37289 819.5575441875 1.0000 
1710 37480 819.5575441875 1.0000 
1715 37668 819.5575441875 1.0000 
1720 37858 819.5575441875 1.0000 
1725 38043 819.5575441875 1.0000 
1730 38230 819.5575441875 1.0000 
1735 38414 819.5575441875 1.0000 
1740 38608 819.5575441875 1.0000 
1745 38798 819.5575441875 1.0000 
1750 38989 819.5575441875 1.0000 
1755 39178 819.5575441875 1.0000 
1760 39367 819.5575441875 1.0000 
1765 39557 819.5575441875 1.0000 
1770 39747 819.5575441875 1.0000 
1775 39938 819.5575441875 1.0000 
1780 40133 819.5575441875 1.0000 
1785 40323 819.5575441875 1.0000 
1790 40510 819.5575441875 1.0000 
1795 40700 819.5575441875 1.0000 
1800 40892 819.5575441875 1.0000 
