0 0 1637.2329236298 0.0000 
5 31 1637.2329236298 0.0000 
10 61 1607.6908685088 0.9586 
15 91 1588.4297908413 0.9702 
20 121 1578.5454008052 0.9763 
25 152 1573.4919034212 0.9794 
30 182 1570.9448450184 0.9810 
35 202 1570.9448450184 0.9810 
40 232 1567.0110324991 0.9835 
45 264 1564.7924664361 0.9849 
50 296 1562.2910968641 0.9865 
55 328 1561.1877999314 0.9872 
60 359 1561.1877999314 0.9872 
65 391 1561.1877999314 0.9872 
70 422 1561.1877999314 0.9872 
75 452 1560.8474934223 0.9874 
80 484 1559.0523325360 0.9885 
85 516 1558.7818687517 0.9887 
90 547 1558.7818687517 0.9887 
95 578 1558.7818687517 0.9887 
100 609 1558.7818687517 0.9887 
105 640 1558.7818687517 0.9887 
110 672 1558.7818687517 0.9887 
115 704 1558.7818687517 0.9887 
120 735 1558.7818687517 0.9887 
125 766 1558.7818687517 0.9887 
130 797 1558.2264985490 0.9890 
135 826 1549.5601726747 0.9946 
140 857 1549.5601726747 0.9946 
145 888 1549.5601726747 0.9946 
150 920 1549.5601726747 0.9946 
155 951 1549.5601726747 0.9946 
160 982 1549.5601726747 0.9946 
165 1013 1549.5601726747 0.9946 
170 1043 1549.5601726747 0.9946 
175 1075 1549.5601726747 0.9946 
180 1106 1549.5601726747 0.9946 
185 1136 1549.5601726747 0.9946 
190 1157 1549.5601726747 0.9946 
195 1188 1549.5601726747 0.9946 
200 1219 1549.5601726747 0.9946 
205 1251 1549.5601726747 0.9946 
210 1282 1549.5601726747 0.9946 
215 1313 1549.5601726747 0.9946 
220 1345 1549.5601726747 0.9946 
225 1376 1549.5601726747 0.9946 
230 1407 1549.5601726747 0.9946 
235 1437 1549.5601726747 0.9946 
240 1469 1549.5601726747 0.9946 
245 1500 1549.5601726747 0.9946 
250 1531 1549.5601726747 0.9946 
255 1561 1549.5601726747 0.9946 
260 1592 1549.5601726747 0.9946 
265 1623 1549.5601726747 0.9946 
270 1654 1549.5601726747 0.9946 
275 1685 1549.5601726747 0.9946 
280 1716 1549.5601726747 0.9946 
285 1746 1549.5601726747 0.9946 
290 1777 1549.5601726747 0.9946 
295 1807 1549.5601726747 0.9946 
300 1838 1549.5601726747 0.9946 
305 1868 1549.5601726747 0.9946 
310 1899 1549.5601726747 0.9946 
315 1930 1549.5601726747 0.9946 
320 1960 1549.5601726747 0.9946 
325 1991 1549.5601726747 0.9946 
330 2022 1549.5601726747 0.9946 
335 2053 1549.5601726747 0.9946 
340 2083 1549.3252791303 0.9947 
345 2114 1549.3252791303 0.9947 
350 2137 1549.3252791303 0.9947 
355 2168 1548.6453890207 0.9952 
360 2198 1548.6453890207 0.9952 
365 2228 1548.6453890207 0.9952 
370 2259 1548.6453890207 0.9952 
375 2291 1548.6453890207 0.9952 
380 2321 1548.6453890207 0.9952 
385 2352 1548.6453890207 0.9952 
390 2382 1548.5614243368 0.9952 
395 2413 1548.5614243368 0.9952 
400 2444 1548.5614243368 0.9952 
405 2475 1548.5614243368 0.9952 
410 2506 1548.5614243368 0.9952 
415 2536 1548.5614243368 0.9952 
420 2567 1548.5614243368 0.9952 
425 2598 1548.5614243368 0.9952 
430 2629 1548.5614243368 0.9952 
435 2660 1548.5614243368 0.9952 
440 2691 1548.5614243368 0.9952 
445 2722 1548.5614243368 0.9952 
450 2752 1548.5614243368 0.9952 
455 2783 1548.5614243368 0.9952 
460 2814 1548.5614243368 0.9952 
465 2846 1548.5614243368 0.9952 
470 2878 1548.5614243368 0.9952 
475 2909 1548.5614243368 0.9952 
480 2940 1548.5614243368 0.9952 
485 2971 1548.5614243368 0.9952 
490 3000 1548.5614243368 0.9952 
495 3032 1548.5614243368 0.9952 
500 3063 1548.5614243368 0.9952 
505 3087 1548.5614243368 0.9952 
510 3119 1548.5614243368 0.9952 
515 3151 1548.5614243368 0.9952 
520 3181 1548.5614243368 0.9952 
525 3212 1548.5614243368 0.9952 
530 3243 1548.5614243368 0.9952 
535 3275 1548.5614243368 0.9952 
540 3306 1548.5614243368 0.9952 
545 3338 1548.5614243368 0.9952 
550 3369 1548.5614243368 0.9952 
555 3400 1548.5614243368 0.9952 
560 3432 1547.7955786142 0.9957 
565 3463 1547.7955786142 0.9957 
570 3494 1547.7955786142 0.9957 
575 3525 1547.7955786142 0.9957 
580 3556 1547.7955786142 0.9957 
585 3586 1547.7955786142 0.9957 
590 3617 1547.7955786142 0.9957 
595 3648 1547.7955786142 0.9957 
600 3679 1547.7955786142 0.9957 
605 3710 1547.7955786142 0.9957 
610 3740 1547.7955786142 0.9957 
615 3769 1547.7955786142 0.9957 
620 3800 1547.7955786142 0.9957 
625 3831 1547.7955786142 0.9957 
630 3862 1547.7955786142 0.9957 
635 3892 1547.7955786142 0.9957 
640 3922 1547.7955786142 0.9957 
645 3951 1547.7955786142 0.9957 
650 3981 1547.7955786142 0.9957 
655 4011 1547.7955786142 0.9957 
660 4041 1547.7955786142 0.9957 
665 4070 1547.7955786142 0.9957 
670 4094 1547.7955786142 0.9957 
675 4125 1547.7955786142 0.9957 
680 4156 1547.7955786142 0.9957 
685 4187 1547.7955786142 0.9957 
690 4218 1547.7955786142 0.9957 
695 4249 1547.7955786142 0.9957 
700 4280 1547.7955786142 0.9957 
705 4311 1547.7955786142 0.9957 
710 4341 1547.7955786142 0.9957 
715 4373 1547.7955786142 0.9957 
720 4404 1547.7955786142 0.9957 
725 4435 1547.7955786142 0.9957 
730 4466 1547.7955786142 0.9957 
735 4497 1547.7955786142 0.9957 
740 4527 1547.7955786142 0.9957 
745 4558 1547.7955786142 0.9957 
750 4589 1547.7955786142 0.9957 
755 4620 1547.7955786142 0.9957 
760 4651 1547.7955786142 0.9957 
765 4682 1547.7955786142 0.9957 
770 4712 1547.7955786142 0.9957 
775 4742 1547.7955786142 0.9957 
780 4774 1547.7955786142 0.9957 
785 4805 1547.7955786142 0.9957 
790 4836 1547.7955786142 0.9957 
795 4867 1547.7955786142 0.9957 
800 4898 1547.7955786142 0.9957 
805 4928 1547.7955786142 0.9957 
810 4959 1547.7955786142 0.9957 
815 4990 1547.7955786142 0.9957 
820 5020 1547.7955786142 0.9957 
825 5051 1547.7955786142 0.9957 
830 5073 1547.7955786142 0.9957 
835 5104 1547.7955786142 0.9957 
840 5134 1547.7955786142 0.9957 
845 5165 1547.7955786142 0.9957 
850 5196 1547.7955786142 0.9957 
855 5227 1547.7955786142 0.9957 
860 5257 1547.7955786142 0.9957 
865 5288 1547.7955786142 0.9957 
870 5318 1547.7955786142 0.9957 
875 5347 1547.7955786142 0.9957 
880 5377 1547.7955786142 0.9957 
885 5408 1547.7955786142 0.9957 
890 5438 1547.7955786142 0.9957 
895 5468 1547.7955786142 0.9957 
900 5498 1547.7955786142 0.9957 
905 5528 1547.7955786142 0.9957 
910 5557 1547.7955786142 0.9957 
915 5588 1547.7955786142 0.9957 
920 5618 1547.7955786142 0.9957 
925 5649 1547.7955786142 0.9957 
930 5678 1547.7955786142 0.9957 
935 5708 1547.7955786142 0.9957 
940 5738 1547.7955786142 0.9957 
945 5768 1547.7955786142 0.9957 
950 5798 1547.7955786142 0.9957 
955 5829 1547.7955786142 0.9957 
960 5859 1547.7955786142 0.9957 
965 5889 1547.2913229419 0.9960 
970 5919 1547.2913229419 0.9960 
975 5948 1547.2913229419 0.9960 
980 5977 1547.2913229419 0.9960 
985 6007 1547.2913229419 0.9960 
990 6036 1547.2913229419 0.9960 
995 6066 1547.2913229419 0.9960 
1000 6096 1547.2913229419 0.9960 
1005 6125 1547.2913229419 0.9960 
1010 6151 1547.2913229419 0.9960 
1015 6181 1547.2913229419 0.9960 
1020 6212 1547.2913229419 0.9960 
1025 6244 1547.2913229419 0.9960 
1030 6276 1547.2913229419 0.9960 
1035 6307 1547.2913229419 0.9960 
1040 6339 1547.2913229419 0.9960 
1045 6370 1547.2913229419 0.9960 
1050 6400 1547.2913229419 0.9960 
1055 6432 1547.2913229419 0.9960 
1060 6463 1547.2913229419 0.9960 
1065 6494 1547.2913229419 0.9960 
1070 6525 1547.2913229419 0.9960 
1075 6555 1547.2913229419 0.9960 
1080 6585 1547.2913229419 0.9960 
1085 6617 1547.2913229419 0.9960 
1090 6648 1547.2913229419 0.9960 
1095 6680 1547.2913229419 0.9960 
1100 6711 1547.2913229419 0.9960 
1105 6742 1547.2913229419 0.9960 
1110 6772 1547.2913229419 0.9960 
1115 6803 1547.2913229419 0.9960 
1120 6834 1547.2913229419 0.9960 
1125 6865 1547.2913229419 0.9960 
1130 6895 1547.2913229419 0.9960 
1135 6925 1547.2913229419 0.9960 
1140 6954 1547.2913229419 0.9960 
1145 6983 1547.2913229419 0.9960 
1150 7013 1547.2913229419 0.9960 
1155 7043 1547.2913229419 0.9960 
1160 7073 1547.0136639662 0.9962 
1165 7098 1547.0136639662 0.9962 
1170 7129 1546.9211545829 0.9963 
1175 7159 1546.9211545829 0.9963 
1180 7189 1546.9211545829 0.9963 
1185 7220 1546.9211545829 0.9963 
1190 7251 1546.9211545829 0.9963 
1195 7282 1546.9211545829 0.9963 
1200 7313 1546.9211545829 0.9963 
1205 7343 1546.9211545829 0.9963 
1210 7373 1546.9211545829 0.9963 
1215 7403 1546.9211545829 0.9963 
1220 7434 1546.9211545829 0.9963 
1225 7464 1546.9211545829 0.9963 
1230 7494 1546.9211545829 0.9963 
1235 7524 1546.9211545829 0.9963 
1240 7553 1546.9211545829 0.9963 
1245 7582 1546.9211545829 0.9963 
1250 7611 1546.9211545829 0.9963 
1255 7641 1546.9211545829 0.9963 
1260 7671 1546.9211545829 0.9963 
1265 7700 1546.9211545829 0.9963 
1270 7730 1546.9211545829 0.9963 
1275 7760 1546.9211545829 0.9963 
1280 7788 1546.9211545829 0.9963 
1285 7816 1546.9211545829 0.9963 
1290 7844 1546.9211545829 0.9963 
1295 7873 1546.9211545829 0.9963 
1300 7902 1546.9211545829 0.9963 
1305 7931 1546.9211545829 0.9963 
1310 7961 1546.9211545829 0.9963 
1315 7990 1546.9211545829 0.9963 
1320 8019 1546.9211545829 0.9963 
1325 8047 1546.9211545829 0.9963 
1330 8076 1546.9211545829 0.9963 
1335 8105 1546.9211545829 0.9963 
1340 8135 1546.9211545829 0.9963 
1345 8164 1546.9211545829 0.9963 
1350 8193 1546.9211545829 0.9963 
1355 8219 1546.9211545829 0.9963 
1360 8249 1546.9211545829 0.9963 
1365 8279 1546.9211545829 0.9963 
1370 8310 1546.9211545829 0.9963 
1375 8341 1546.9211545829 0.9963 
1380 8372 1546.9211545829 0.9963 
1385 8403 1546.9211545829 0.9963 
1390 8433 1546.9211545829 0.9963 
1395 8464 1546.9211545829 0.9963 
1400 8495 1546.9211545829 0.9963 
1405 8527 1546.9211545829 0.9963 
1410 8556 1546.9211545829 0.9963 
1415 8585 1546.9211545829 0.9963 
1420 8614 1546.9211545829 0.9963 
1425 8642 1546.9211545829 0.9963 
1430 8671 1546.9211545829 0.9963 
1435 8699 1546.9211545829 0.9963 
1440 8728 1546.9211545829 0.9963 
1445 8757 1546.9211545829 0.9963 
1450 8785 1546.9211545829 0.9963 
1455 8814 1546.9211545829 0.9963 
1460 8842 1546.9211545829 0.9963 
1465 8870 1546.9211545829 0.9963 
1470 8898 1546.9211545829 0.9963 
1475 8927 1546.9211545829 0.9963 
1480 8956 1546.9211545829 0.9963 
1485 8985 1546.9211545829 0.9963 
1490 9014 1546.9211545829 0.9963 
1495 9042 1545.7293288595 0.9970 
1500 9070 1545.1882726863 0.9974 
1505 9098 1545.1882726863 0.9974 
1510 9126 1545.1882726863 0.9974 
1515 9155 1545.1882726863 0.9974 
1520 9184 1545.1882726863 0.9974 
1525 9213 1545.1882726863 0.9974 
1530 9241 1545.1882726863 0.9974 
1535 9270 1545.1882726863 0.9974 
1540 9299 1545.1882726863 0.9974 
1545 9327 1545.1882726863 0.9974 
1550 9356 1545.1882726863 0.9974 
1555 9384 1545.1882726863 0.9974 
1560 9407 1545.1882726863 0.9974 
1565 9436 1545.1882726863 0.9974 
1570 9464 1545.1882726863 0.9974 
1575 9492 1545.1882726863 0.9974 
1580 9520 1545.1882726863 0.9974 
1585 9549 1545.1882726863 0.9974 
1590 9578 1545.1882726863 0.9974 
1595 9607 1545.1882726863 0.9974 
1600 9636 1545.1882726863 0.9974 
1605 9664 1545.1882726863 0.9974 
1610 9692 1545.1882726863 0.9974 
1615 9720 1545.1882726863 0.9974 
1620 9749 1545.1882726863 0.9974 
1625 9777 1545.1882726863 0.9974 
1630 9806 1545.1882726863 0.9974 
1635 9835 1545.1882726863 0.9974 
1640 9864 1545.1882726863 0.9974 
1645 9892 1545.1882726863 0.9974 
1650 9920 1545.1882726863 0.9974 
1655 9948 1545.1882726863 0.9974 
1660 9976 1545.1882726863 0.9974 
1665 10005 1545.1882726863 0.9974 
1670 10033 1545.1882726863 0.9974 
1675 10061 1545.1882726863 0.9974 
1680 10090 1545.1882726863 0.9974 
1685 10118 1545.1882726863 0.9974 
1690 10147 1545.1882726863 0.9974 
1695 10175 1545.1882726863 0.9974 
1700 10203 1545.1882726863 0.9974 
1705 10232 1545.1882726863 0.9974 
1710 10260 1545.1882726863 0.9974 
1715 10288 1545.1882726863 0.9974 
1720 10317 1545.1882726863 0.9974 
1725 10345 1545.1882726863 0.9974 
1730 10373 1545.1882726863 0.9974 
1735 10401 1545.1882726863 0.9974 
1740 10430 1545.1882726863 0.9974 
1745 10458 1545.1882726863 0.9974 
1750 10487 1545.1882726863 0.9974 
1755 10515 1545.1882726863 0.9974 
1760 10543 1545.1882726863 0.9974 
1765 10571 1545.1882726863 0.9974 
1770 10599 1545.1882726863 0.9974 
1775 10628 1545.1882726863 0.9974 
1780 10657 1545.1882726863 0.9974 
1785 10685 1545.1882726863 0.9974 
1790 10713 1545.1882726863 0.9974 
1795 10734 1545.1882726863 0.9974 
1800 10762 1545.1882726863 0.9974 
