0 0 1179.8134221328 0.0000 
5 2 1256.9305064930 0.6893 
10 4 1007.1069349539 0.8603 
15 7 979.0996894606 0.8849 
20 9 962.5720571008 0.9001 
25 11 949.3166914640 0.9126 
30 13 933.7784088829 0.9278 
35 15 928.5022666688 0.9331 
40 18 914.8531488554 0.9470 
45 20 904.3973865369 0.9580 
50 22 904.3973865369 0.9580 
55 25 903.4070109351 0.9590 
60 28 903.4070109351 0.9590 
65 30 903.4070109351 0.9590 
70 33 903.4070109351 0.9590 
75 36 901.9986806667 0.9605 
80 39 899.2529049754 0.9634 
85 42 899.2529049754 0.9634 
90 45 899.2529049754 0.9634 
95 49 894.1947334349 0.9689 
100 52 894.1947334349 0.9689 
105 56 893.7407862486 0.9694 
110 61 891.9395292383 0.9713 
115 66 891.9395292383 0.9713 
120 72 883.1864395975 0.9810 
125 79 881.7148523727 0.9826 
130 91 881.7148523727 0.9826 
135 235 873.5489042924 0.9918 
140 417 873.5489042924 0.9918 
145 602 873.5489042924 0.9918 
150 789 873.5489042924 0.9918 
155 976 873.5489042924 0.9918 
160 1156 873.5489042924 0.9918 
165 1343 868.4902214438 0.9976 
170 1533 868.4902214438 0.9976 
175 1721 868.4902214438 0.9976 
180 1909 868.4902214438 0.9976 
185 2096 868.4902214438 0.9976 
190 2274 867.7160987331 0.9984 
195 2460 866.3652093738 1.0000 
200 2644 866.3652093738 1.0000 
205 2829 866.3652093738 1.0000 
210 3012 866.3652093738 1.0000 
215 3198 866.3652093738 1.0000 
220 3384 866.3652093738 1.0000 
225 3539 866.3652093738 1.0000 
230 3694 866.3652093738 1.0000 
235 3851 866.3652093738 1.0000 
240 4007 866.3652093738 1.0000 
245 4166 866.3652093738 1.0000 
250 4317 866.3652093738 1.0000 
255 4468 866.3652093738 1.0000 
260 4603 866.3652093738 1.0000 
265 4747 866.3652093738 1.0000 
270 4890 866.3652093738 1.0000 
275 5029 866.3652093738 1.0000 
280 5171 866.3652093738 1.0000 
285 5308 866.3652093738 1.0000 
290 5447 866.3652093738 1.0000 
295 5578 866.3652093738 1.0000 
300 5707 866.3652093738 1.0000 
305 5833 866.3652093738 1.0000 
310 5963 866.3652093738 1.0000 
315 6090 866.3652093738 1.0000 
320 6222 866.3652093738 1.0000 
325 6350 866.3652093738 1.0000 
330 6476 866.3652093738 1.0000 
335 6597 866.3652093738 1.0000 
340 6705 866.3652093738 1.0000 
345 6821 866.3652093738 1.0000 
350 6943 866.3652093738 1.0000 
355 7060 866.3652093738 1.0000 
360 7182 866.3652093738 1.0000 
365 7301 866.3652093738 1.0000 
370 7431 866.3652093738 1.0000 
375 7545 866.3652093738 1.0000 
380 7647 866.3652093738 1.0000 
385 7759 866.3652093738 1.0000 
390 7871 866.3652093738 1.0000 
395 7981 866.3652093738 1.0000 
400 8091 866.3652093738 1.0000 
405 8200 866.3652093738 1.0000 
410 8302 866.3652093738 1.0000 
415 8408 866.3652093738 1.0000 
420 8499 866.3652093738 1.0000 
425 8594 866.3652093738 1.0000 
430 8700 866.3652093738 1.0000 
435 8802 866.3652093738 1.0000 
440 8902 866.3652093738 1.0000 
445 9006 866.3652093738 1.0000 
450 9104 866.3652093738 1.0000 
455 9199 866.3652093738 1.0000 
460 9299 866.3652093738 1.0000 
465 9398 866.3652093738 1.0000 
470 9498 866.3652093738 1.0000 
475 9591 866.3652093738 1.0000 
480 9691 866.3652093738 1.0000 
485 9790 866.3652093738 1.0000 
490 9886 866.3652093738 1.0000 
495 9983 866.3652093738 1.0000 
500 10077 866.3652093738 1.0000 
505 10172 866.3652093738 1.0000 
510 10261 866.3652093738 1.0000 
515 10354 866.3652093738 1.0000 
520 10441 866.3652093738 1.0000 
525 10523 866.3652093738 1.0000 
530 10612 866.3652093738 1.0000 
535 10698 866.3652093738 1.0000 
540 10788 866.3652093738 1.0000 
545 10877 866.3652093738 1.0000 
550 10962 866.3652093738 1.0000 
555 11038 866.3652093738 1.0000 
560 11121 866.3652093738 1.0000 
565 11205 866.3652093738 1.0000 
570 11299 866.3652093738 1.0000 
575 11389 866.3652093738 1.0000 
580 11475 866.3652093738 1.0000 
585 11569 866.3652093738 1.0000 
590 11655 866.3652093738 1.0000 
595 11748 866.3652093738 1.0000 
600 11825 866.3652093738 1.0000 
605 11913 866.3652093738 1.0000 
610 12000 866.3652093738 1.0000 
615 12082 866.3652093738 1.0000 
620 12171 866.3652093738 1.0000 
625 12264 866.3652093738 1.0000 
630 12358 866.3652093738 1.0000 
635 12433 866.3652093738 1.0000 
640 12524 866.3652093738 1.0000 
645 12610 866.3652093738 1.0000 
650 12697 866.3652093738 1.0000 
655 12771 866.3652093738 1.0000 
660 12852 866.3652093738 1.0000 
665 12934 866.3652093738 1.0000 
670 13022 866.3652093738 1.0000 
675 13098 866.3652093738 1.0000 
680 13180 866.3652093738 1.0000 
685 13251 866.3652093738 1.0000 
690 13335 866.3652093738 1.0000 
695 13408 866.3652093738 1.0000 
700 13487 866.3652093738 1.0000 
705 13562 866.3652093738 1.0000 
710 13633 866.3652093738 1.0000 
715 13712 866.3652093738 1.0000 
720 13784 866.3652093738 1.0000 
725 13866 866.3652093738 1.0000 
730 13943 866.3652093738 1.0000 
735 14018 866.3652093738 1.0000 
740 14093 866.3652093738 1.0000 
745 14164 866.3652093738 1.0000 
750 14221 866.3652093738 1.0000 
755 14301 866.3652093738 1.0000 
760 14383 866.3652093738 1.0000 
765 14452 866.3652093738 1.0000 
770 14519 866.3652093738 1.0000 
775 14583 866.3652093738 1.0000 
780 14651 866.3652093738 1.0000 
785 14729 866.3652093738 1.0000 
790 14793 866.3652093738 1.0000 
795 14862 866.3652093738 1.0000 
800 14928 866.3652093738 1.0000 
805 14998 866.3652093738 1.0000 
810 15079 866.3652093738 1.0000 
815 15155 866.3652093738 1.0000 
820 15229 866.3652093738 1.0000 
825 15303 866.3652093738 1.0000 
830 15372 866.3652093738 1.0000 
835 15439 866.3652093738 1.0000 
840 15509 866.3652093738 1.0000 
845 15575 866.3652093738 1.0000 
850 15640 866.3652093738 1.0000 
855 15719 866.3652093738 1.0000 
860 15788 866.3652093738 1.0000 
865 15863 866.3652093738 1.0000 
870 15933 866.3652093738 1.0000 
875 16007 866.3652093738 1.0000 
880 16081 866.3652093738 1.0000 
885 16150 866.3652093738 1.0000 
890 16238 866.3652093738 1.0000 
895 16306 866.3652093738 1.0000 
900 16363 866.3652093738 1.0000 
905 16432 866.3652093738 1.0000 
910 16504 866.3652093738 1.0000 
915 16579 866.3652093738 1.0000 
920 16643 866.3652093738 1.0000 
925 16702 866.3652093738 1.0000 
930 16763 866.3652093738 1.0000 
935 16824 866.3652093738 1.0000 
940 16890 866.3652093738 1.0000 
945 16950 866.3652093738 1.0000 
950 17015 866.3652093738 1.0000 
955 17086 866.3652093738 1.0000 
960 17148 866.3652093738 1.0000 
965 17214 866.3652093738 1.0000 
970 17280 866.3652093738 1.0000 
975 17343 866.3652093738 1.0000 
980 17415 866.3652093738 1.0000 
985 17471 866.3652093738 1.0000 
990 17536 866.3652093738 1.0000 
995 17589 866.3652093738 1.0000 
1000 17651 866.3652093738 1.0000 
1005 17711 866.3652093738 1.0000 
1010 17772 866.3652093738 1.0000 
1015 17830 866.3652093738 1.0000 
1020 17895 866.3652093738 1.0000 
1025 17953 866.3652093738 1.0000 
1030 18015 866.3652093738 1.0000 
1035 18073 866.3652093738 1.0000 
1040 18138 866.3652093738 1.0000 
1045 18198 866.3652093738 1.0000 
1050 18272 866.3652093738 1.0000 
1055 18329 866.3652093738 1.0000 
1060 18384 866.3652093738 1.0000 
1065 18442 866.3652093738 1.0000 
1070 18507 866.3652093738 1.0000 
1075 18578 866.3652093738 1.0000 
1080 18642 866.3652093738 1.0000 
1085 18713 866.3652093738 1.0000 
1090 18773 866.3652093738 1.0000 
1095 18822 866.3652093738 1.0000 
1100 18872 866.3652093738 1.0000 
1105 18926 866.3652093738 1.0000 
1110 18990 866.3652093738 1.0000 
1115 19056 866.3652093738 1.0000 
1120 19102 866.3652093738 1.0000 
1125 19172 866.3652093738 1.0000 
1130 19235 866.3652093738 1.0000 
1135 19295 866.3652093738 1.0000 
1140 19361 866.3652093738 1.0000 
1145 19436 866.3652093738 1.0000 
1150 19495 866.3652093738 1.0000 
1155 19560 866.3652093738 1.0000 
1160 19622 866.3652093738 1.0000 
1165 19683 866.3652093738 1.0000 
1170 19736 866.3652093738 1.0000 
1175 19797 866.3652093738 1.0000 
1180 19854 866.3652093738 1.0000 
1185 19907 866.3652093738 1.0000 
1190 19969 866.3652093738 1.0000 
1195 20025 866.3652093738 1.0000 
1200 20078 866.3652093738 1.0000 
1205 20136 866.3652093738 1.0000 
1210 20192 866.3652093738 1.0000 
1215 20245 866.3652093738 1.0000 
1220 20314 866.3652093738 1.0000 
1225 20385 866.3652093738 1.0000 
1230 20440 866.3652093738 1.0000 
1235 20492 866.3652093738 1.0000 
1240 20553 866.3652093738 1.0000 
1245 20608 866.3652093738 1.0000 
1250 20659 866.3652093738 1.0000 
1255 20703 866.3652093738 1.0000 
1260 20752 866.3652093738 1.0000 
1265 20803 866.3652093738 1.0000 
1270 20864 866.3652093738 1.0000 
1275 20919 866.3652093738 1.0000 
1280 20978 866.3652093738 1.0000 
1285 21029 866.3652093738 1.0000 
1290 21086 866.3652093738 1.0000 
1295 21136 866.3652093738 1.0000 
1300 21196 866.3652093738 1.0000 
1305 21245 866.3652093738 1.0000 
1310 21295 866.3652093738 1.0000 
1315 21357 866.3652093738 1.0000 
1320 21416 866.3652093738 1.0000 
1325 21465 866.3652093738 1.0000 
1330 21519 866.3652093738 1.0000 
1335 21570 866.3652093738 1.0000 
1340 21617 866.3652093738 1.0000 
1345 21679 866.3652093738 1.0000 
1350 21728 866.3652093738 1.0000 
1355 21788 866.3652093738 1.0000 
1360 21839 866.3652093738 1.0000 
1365 21906 866.3652093738 1.0000 
1370 21966 866.3652093738 1.0000 
1375 22007 866.3652093738 1.0000 
1380 22054 866.3652093738 1.0000 
1385 22110 866.3652093738 1.0000 
1390 22166 866.3652093738 1.0000 
1395 22213 866.3652093738 1.0000 
1400 22267 866.3652093738 1.0000 
1405 22325 866.3652093738 1.0000 
1410 22378 866.3652093738 1.0000 
1415 22440 866.3652093738 1.0000 
1420 22491 866.3652093738 1.0000 
1425 22541 866.3652093738 1.0000 
1430 22600 866.3652093738 1.0000 
1435 22647 866.3652093738 1.0000 
1440 22688 866.3652093738 1.0000 
1445 22740 866.3652093738 1.0000 
1450 22801 866.3652093738 1.0000 
1455 22848 866.3652093738 1.0000 
1460 22899 866.3652093738 1.0000 
1465 22968 866.3652093738 1.0000 
1470 23020 866.3652093738 1.0000 
1475 23079 866.3652093738 1.0000 
1480 23127 866.3652093738 1.0000 
1485 23187 866.3652093738 1.0000 
1490 23234 866.3652093738 1.0000 
1495 23290 866.3652093738 1.0000 
1500 23335 866.3652093738 1.0000 
