0 0 1168.2798068375 0.0000 
5 30 1168.2798068375 0.0000 
10 69 883.3268063402 0.9456 
15 110 883.3268063402 0.9456 
20 151 851.3382949562 0.9811 
25 192 849.7649356119 0.9829 
30 233 849.7649356119 0.9829 
35 272 849.7649356119 0.9829 
40 312 849.7649356119 0.9829 
45 352 848.3917688230 0.9845 
50 390 844.3823539163 0.9892 
55 429 844.3823539163 0.9892 
60 469 844.3823539163 0.9892 
65 507 844.3823539163 0.9892 
70 545 844.3823539163 0.9892 
75 581 844.3823539163 0.9892 
80 619 844.3823539163 0.9892 
85 657 844.3823539163 0.9892 
90 696 844.3823539163 0.9892 
95 736 844.3823539163 0.9892 
100 777 844.3823539163 0.9892 
105 818 844.3823539163 0.9892 
110 859 844.3823539163 0.9892 
115 901 842.8057729891 0.9910 
120 942 842.8057729891 0.9910 
125 983 842.8057729891 0.9910 
130 1024 842.8057729891 0.9910 
135 1063 842.8057729891 0.9910 
140 1099 842.8057729891 0.9910 
145 1139 842.8057729891 0.9910 
150 1181 837.2847537938 0.9976 
155 1223 837.2847537938 0.9976 
160 1264 837.2847537938 0.9976 
165 1304 837.2847537938 0.9976 
170 1345 837.2847537938 0.9976 
175 1387 837.2847537938 0.9976 
180 1428 837.2847537938 0.9976 
185 1469 837.2847537938 0.9976 
190 1509 837.2847537938 0.9976 
195 1552 837.2847537938 0.9976 
200 1593 837.2847537938 0.9976 
205 1636 837.2847537938 0.9976 
210 1676 837.2847537938 0.9976 
215 1719 837.2847537938 0.9976 
220 1759 837.2847537938 0.9976 
225 1800 835.2621066076 1.0000 
230 1840 835.2621066076 1.0000 
235 1881 835.2621066076 1.0000 
240 1922 835.2621066076 1.0000 
245 1964 835.2621066076 1.0000 
250 2003 835.2621066076 1.0000 
255 2039 835.2621066076 1.0000 
260 2081 835.2621066076 1.0000 
265 2122 835.2621066076 1.0000 
270 2162 835.2621066076 1.0000 
275 2202 835.2621066076 1.0000 
280 2239 835.2621066076 1.0000 
285 2281 835.2621066076 1.0000 
290 2323 835.2621066076 1.0000 
295 2364 835.2621066076 1.0000 
300 2405 835.2621066076 1.0000 
305 2445 835.2621066076 1.0000 
310 2482 835.2621066076 1.0000 
315 2513 835.2621066076 1.0000 
320 2545 835.2621066076 1.0000 
325 2584 835.2621066076 1.0000 
330 2625 835.2621066076 1.0000 
335 2667 835.2621066076 1.0000 
340 2706 835.2621066076 1.0000 
345 2744 835.2621066076 1.0000 
350 2779 835.2621066076 1.0000 
355 2821 835.2621066076 1.0000 
360 2859 835.2621066076 1.0000 
365 2894 835.2621066076 1.0000 
370 2934 835.2621066076 1.0000 
375 2976 835.2621066076 1.0000 
380 3017 835.2621066076 1.0000 
385 3057 835.2621066076 1.0000 
390 3097 835.2621066076 1.0000 
395 3131 835.2621066076 1.0000 
400 3161 835.2621066076 1.0000 
405 3194 835.2621066076 1.0000 
410 3226 835.2621066076 1.0000 
415 3261 835.2621066076 1.0000 
420 3299 835.2621066076 1.0000 
425 3341 835.2621066076 1.0000 
430 3377 835.2621066076 1.0000 
435 3412 835.2621066076 1.0000 
440 3448 835.2621066076 1.0000 
445 3484 835.2621066076 1.0000 
450 3522 835.2621066076 1.0000 
455 3561 835.2621066076 1.0000 
460 3601 835.2621066076 1.0000 
465 3637 835.2621066076 1.0000 
470 3672 835.2621066076 1.0000 
475 3711 835.2621066076 1.0000 
480 3747 835.2621066076 1.0000 
485 3787 835.2621066076 1.0000 
490 3829 835.2621066076 1.0000 
495 3872 835.2621066076 1.0000 
500 3912 835.2621066076 1.0000 
505 3951 835.2621066076 1.0000 
510 3993 835.2621066076 1.0000 
515 4035 835.2621066076 1.0000 
520 4076 835.2621066076 1.0000 
525 4117 835.2621066076 1.0000 
530 4156 835.2621066076 1.0000 
535 4195 835.2621066076 1.0000 
540 4234 835.2621066076 1.0000 
545 4268 835.2621066076 1.0000 
550 4305 835.2621066076 1.0000 
555 4345 835.2621066076 1.0000 
560 4382 835.2621066076 1.0000 
565 4419 835.2621066076 1.0000 
570 4458 835.2621066076 1.0000 
575 4498 835.2621066076 1.0000 
580 4539 835.2621066076 1.0000 
585 4579 835.2621066076 1.0000 
590 4617 835.2621066076 1.0000 
595 4658 835.2621066076 1.0000 
600 4696 835.2621066076 1.0000 
605 4738 835.2621066076 1.0000 
610 4776 835.2621066076 1.0000 
615 4810 835.2621066076 1.0000 
620 4850 835.2621066076 1.0000 
625 4890 835.2621066076 1.0000 
630 4932 835.2621066076 1.0000 
635 4973 835.2621066076 1.0000 
640 5015 835.2621066076 1.0000 
645 5055 835.2621066076 1.0000 
650 5095 835.2621066076 1.0000 
655 5135 835.2621066076 1.0000 
660 5169 835.2621066076 1.0000 
665 5204 835.2621066076 1.0000 
670 5243 835.2621066076 1.0000 
675 5281 835.2621066076 1.0000 
680 5317 835.2621066076 1.0000 
685 5360 835.2621066076 1.0000 
690 5399 835.2621066076 1.0000 
695 5440 835.2621066076 1.0000 
700 5483 835.2621066076 1.0000 
705 5523 835.2621066076 1.0000 
710 5559 835.2621066076 1.0000 
715 5596 835.2621066076 1.0000 
720 5634 835.2621066076 1.0000 
725 5677 835.2621066076 1.0000 
730 5711 835.2621066076 1.0000 
735 5750 835.2621066076 1.0000 
740 5792 835.2621066076 1.0000 
745 5829 835.2621066076 1.0000 
750 5871 835.2621066076 1.0000 
755 5913 835.2621066076 1.0000 
760 5955 835.2621066076 1.0000 
765 5997 835.2621066076 1.0000 
770 6039 835.2621066076 1.0000 
775 6081 835.2621066076 1.0000 
780 6122 835.2621066076 1.0000 
785 6165 835.2621066076 1.0000 
790 6206 835.2621066076 1.0000 
795 6246 835.2621066076 1.0000 
800 6285 835.2621066076 1.0000 
805 6326 835.2621066076 1.0000 
810 6365 835.2621066076 1.0000 
815 6407 835.2621066076 1.0000 
820 6448 835.2621066076 1.0000 
825 6487 835.2621066076 1.0000 
830 6530 835.2621066076 1.0000 
835 6573 835.2621066076 1.0000 
840 6616 835.2621066076 1.0000 
845 6657 835.2621066076 1.0000 
850 6697 835.2621066076 1.0000 
855 6739 835.2621066076 1.0000 
860 6780 835.2621066076 1.0000 
865 6822 835.2621066076 1.0000 
870 6862 835.2621066076 1.0000 
875 6904 835.2621066076 1.0000 
880 6944 835.2621066076 1.0000 
885 6984 835.2621066076 1.0000 
890 7025 835.2621066076 1.0000 
895 7066 835.2621066076 1.0000 
900 7103 835.2621066076 1.0000 
905 7144 835.2621066076 1.0000 
910 7186 835.2621066076 1.0000 
915 7228 835.2621066076 1.0000 
920 7271 835.2621066076 1.0000 
925 7312 835.2621066076 1.0000 
930 7354 835.2621066076 1.0000 
935 7395 835.2621066076 1.0000 
940 7437 835.2621066076 1.0000 
945 7478 835.2621066076 1.0000 
950 7519 835.2621066076 1.0000 
955 7561 835.2621066076 1.0000 
960 7603 835.2621066076 1.0000 
965 7647 835.2621066076 1.0000 
970 7689 835.2621066076 1.0000 
975 7728 835.2621066076 1.0000 
980 7765 835.2621066076 1.0000 
985 7806 835.2621066076 1.0000 
990 7844 835.2621066076 1.0000 
995 7883 835.2621066076 1.0000 
1000 7921 835.2621066076 1.0000 
1005 7962 835.2621066076 1.0000 
1010 8004 835.2621066076 1.0000 
1015 8047 835.2621066076 1.0000 
1020 8088 835.2621066076 1.0000 
1025 8128 835.2621066076 1.0000 
1030 8170 835.2621066076 1.0000 
1035 8213 835.2621066076 1.0000 
1040 8255 835.2621066076 1.0000 
1045 8295 835.2621066076 1.0000 
1050 8332 835.2621066076 1.0000 
1055 8373 835.2621066076 1.0000 
1060 8411 835.2621066076 1.0000 
1065 8446 835.2621066076 1.0000 
1070 8487 835.2621066076 1.0000 
1075 8530 835.2621066076 1.0000 
1080 8570 835.2621066076 1.0000 
1085 8611 835.2621066076 1.0000 
1090 8653 835.2621066076 1.0000 
1095 8693 835.2621066076 1.0000 
1100 8733 835.2621066076 1.0000 
1105 8774 835.2621066076 1.0000 
1110 8815 835.2621066076 1.0000 
1115 8856 835.2621066076 1.0000 
1120 8898 835.2621066076 1.0000 
1125 8939 835.2621066076 1.0000 
1130 8980 835.2621066076 1.0000 
1135 9021 835.2621066076 1.0000 
1140 9064 835.2621066076 1.0000 
1145 9106 835.2621066076 1.0000 
1150 9146 835.2621066076 1.0000 
1155 9181 835.2621066076 1.0000 
1160 9217 835.2621066076 1.0000 
1165 9256 835.2621066076 1.0000 
1170 9292 835.2621066076 1.0000 
1175 9331 835.2621066076 1.0000 
1180 9369 835.2621066076 1.0000 
1185 9411 835.2621066076 1.0000 
1190 9453 835.2621066076 1.0000 
1195 9494 835.2621066076 1.0000 
1200 9535 835.2621066076 1.0000 
1205 9578 835.2621066076 1.0000 
1210 9619 835.2621066076 1.0000 
1215 9654 835.2621066076 1.0000 
1220 9683 835.2621066076 1.0000 
1225 9718 835.2621066076 1.0000 
1230 9758 835.2621066076 1.0000 
1235 9799 835.2621066076 1.0000 
1240 9839 835.2621066076 1.0000 
1245 9880 835.2621066076 1.0000 
1250 9921 835.2621066076 1.0000 
1255 9961 835.2621066076 1.0000 
1260 9996 835.2621066076 1.0000 
1265 10036 835.2621066076 1.0000 
1270 10075 835.2621066076 1.0000 
1275 10114 835.2621066076 1.0000 
1280 10153 835.2621066076 1.0000 
1285 10190 835.2621066076 1.0000 
1290 10232 835.2621066076 1.0000 
1295 10271 835.2621066076 1.0000 
1300 10310 835.2621066076 1.0000 
1305 10350 835.2621066076 1.0000 
1310 10388 835.2621066076 1.0000 
1315 10427 835.2621066076 1.0000 
1320 10468 835.2621066076 1.0000 
1325 10509 835.2621066076 1.0000 
1330 10548 835.2621066076 1.0000 
1335 10589 835.2621066076 1.0000 
1340 10627 835.2621066076 1.0000 
1345 10669 835.2621066076 1.0000 
1350 10709 835.2621066076 1.0000 
1355 10749 835.2621066076 1.0000 
1360 10790 835.2621066076 1.0000 
1365 10833 835.2621066076 1.0000 
1370 10874 835.2621066076 1.0000 
1375 10915 835.2621066076 1.0000 
1380 10955 835.2621066076 1.0000 
1385 10995 835.2621066076 1.0000 
1390 11035 835.2621066076 1.0000 
1395 11077 835.2621066076 1.0000 
1400 11117 835.2621066076 1.0000 
1405 11157 835.2621066076 1.0000 
1410 11196 835.2621066076 1.0000 
1415 11236 835.2621066076 1.0000 
1420 11278 835.2621066076 1.0000 
1425 11319 835.2621066076 1.0000 
1430 11359 835.2621066076 1.0000 
1435 11400 835.2621066076 1.0000 
1440 11439 835.2621066076 1.0000 
1445 11479 835.2621066076 1.0000 
1450 11519 835.2621066076 1.0000 
1455 11559 835.2621066076 1.0000 
1460 11595 835.2621066076 1.0000 
1465 11635 835.2621066076 1.0000 
1470 11674 835.2621066076 1.0000 
1475 11712 835.2621066076 1.0000 
1480 11751 835.2621066076 1.0000 
1485 11790 835.2621066076 1.0000 
1490 11830 835.2621066076 1.0000 
1495 11870 835.2621066076 1.0000 
1500 11909 835.2621066076 1.0000 
1505 11948 835.2621066076 1.0000 
1510 11988 835.2621066076 1.0000 
1515 12028 835.2621066076 1.0000 
1520 12067 835.2621066076 1.0000 
1525 12106 835.2621066076 1.0000 
1530 12144 835.2621066076 1.0000 
1535 12184 835.2621066076 1.0000 
1540 12224 835.2621066076 1.0000 
1545 12264 835.2621066076 1.0000 
1550 12302 835.2621066076 1.0000 
1555 12341 835.2621066076 1.0000 
1560 12380 835.2621066076 1.0000 
1565 12419 835.2621066076 1.0000 
1570 12459 835.2621066076 1.0000 
1575 12496 835.2621066076 1.0000 
1580 12535 835.2621066076 1.0000 
1585 12574 835.2621066076 1.0000 
1590 12613 835.2621066076 1.0000 
1595 12652 835.2621066076 1.0000 
1600 12690 835.2621066076 1.0000 
1605 12728 835.2621066076 1.0000 
1610 12766 835.2621066076 1.0000 
1615 12806 835.2621066076 1.0000 
1620 12843 835.2621066076 1.0000 
1625 12882 835.2621066076 1.0000 
1630 12922 835.2621066076 1.0000 
1635 12962 835.2621066076 1.0000 
1640 12999 835.2621066076 1.0000 
1645 13037 835.2621066076 1.0000 
1650 13075 835.2621066076 1.0000 
1655 13114 835.2621066076 1.0000 
1660 13153 835.2621066076 1.0000 
1665 13191 835.2621066076 1.0000 
1670 13228 835.2621066076 1.0000 
1675 13268 835.2621066076 1.0000 
1680 13306 835.2621066076 1.0000 
1685 13345 835.2621066076 1.0000 
1690 13382 835.2621066076 1.0000 
1695 13420 835.2621066076 1.0000 
1700 13459 835.2621066076 1.0000 
1705 13496 835.2621066076 1.0000 
1710 13535 835.2621066076 1.0000 
1715 13572 835.2621066076 1.0000 
1720 13609 835.2621066076 1.0000 
1725 13647 835.2621066076 1.0000 
1730 13685 835.2621066076 1.0000 
1735 13722 835.2621066076 1.0000 
1740 13758 835.2621066076 1.0000 
1745 13797 835.2621066076 1.0000 
1750 13835 835.2621066076 1.0000 
1755 13873 835.2621066076 1.0000 
1760 13910 835.2621066076 1.0000 
1765 13946 835.2621066076 1.0000 
1770 13984 835.2621066076 1.0000 
1775 14022 835.2621066076 1.0000 
1780 14059 835.2621066076 1.0000 
1785 14097 835.2621066076 1.0000 
1790 14134 835.2621066076 1.0000 
1795 14172 835.2621066076 1.0000 
1800 14209 835.2621066076 1.0000 
