0 0 1644.5033782751 0.0000 
5 11 1309.4053146197 0.7854 
10 21 1129.7007769330 0.9103 
15 32 1124.7515486965 0.9144 
20 42 1096.3841814442 0.9380 
25 52 1091.4716515015 0.9422 
30 61 1086.5024901380 0.9465 
35 72 1074.4147158923 0.9572 
40 82 1074.3726486358 0.9572 
45 92 1072.7897083788 0.9586 
50 102 1071.3340964309 0.9599 
55 112 1071.3340964309 0.9599 
60 122 1069.7526315257 0.9614 
65 132 1069.7526315257 0.9614 
70 142 1069.0855528195 0.9620 
75 152 1068.1429654516 0.9628 
80 162 1068.1429654516 0.9628 
85 172 1067.6292798671 0.9633 
90 182 1063.9194328507 0.9666 
95 193 1063.8833151131 0.9667 
100 203 1063.8833151131 0.9667 
105 213 1063.6087293851 0.9669 
110 223 1063.2716465311 0.9672 
115 233 1061.3034007890 0.9690 
120 244 1061.3034007890 0.9690 
125 254 1061.3034007890 0.9690 
130 265 1061.3034007890 0.9690 
135 275 1061.3034007890 0.9690 
140 285 1061.3034007890 0.9690 
145 295 1061.3034007890 0.9690 
150 305 1061.3034007890 0.9690 
155 315 1061.3034007890 0.9690 
160 326 1060.9147205915 0.9694 
165 336 1060.9147205915 0.9694 
170 346 1060.9147205915 0.9694 
175 356 1060.9147205915 0.9694 
180 366 1060.2240899261 0.9700 
185 375 1060.2240899261 0.9700 
190 385 1060.2240899261 0.9700 
195 394 1060.1025016887 0.9701 
200 405 1060.1025016887 0.9701 
205 415 1060.1025016887 0.9701 
210 425 1060.1025016887 0.9701 
215 435 1057.4479557747 0.9725 
220 446 1057.4479557747 0.9725 
225 456 1057.1423450973 0.9728 
230 466 1057.1423450973 0.9728 
235 475 1057.1423450973 0.9728 
240 485 1057.1423450973 0.9728 
245 496 1057.1423450973 0.9728 
250 506 1057.1423450973 0.9728 
255 514 1057.1423450973 0.9728 
260 524 1057.1423450973 0.9728 
265 533 1057.1423450973 0.9728 
270 543 1056.8166736418 0.9731 
275 552 1055.9292562910 0.9739 
280 563 1055.9292562910 0.9739 
285 573 1055.9292562910 0.9739 
290 583 1055.9292562910 0.9739 
295 593 1055.9292562910 0.9739 
300 603 1055.9292562910 0.9739 
305 613 1055.9292562910 0.9739 
310 623 1055.9292562910 0.9739 
315 633 1055.9292562910 0.9739 
320 643 1055.9292562910 0.9739 
325 652 1055.9292562910 0.9739 
330 662 1055.9292562910 0.9739 
335 673 1055.9292562910 0.9739 
340 683 1055.4081658961 0.9744 
345 693 1055.4081658961 0.9744 
350 703 1054.4732285902 0.9753 
355 712 1054.2102022337 0.9755 
360 721 1054.2102022337 0.9755 
365 731 1054.2102022337 0.9755 
370 742 1054.2102022337 0.9755 
375 751 1054.2102022337 0.9755 
380 762 1054.2102022337 0.9755 
385 772 1054.2102022337 0.9755 
390 782 1053.6332989868 0.9761 
395 792 1053.6332989868 0.9761 
400 802 1053.6332989868 0.9761 
405 813 1053.6332989868 0.9761 
410 823 1053.2133890801 0.9765 
415 833 1053.2133890801 0.9765 
420 843 1053.2133890801 0.9765 
425 853 1052.5542866061 0.9771 
430 864 1048.9886450284 0.9804 
435 873 1047.6316963854 0.9817 
440 884 1047.6316963854 0.9817 
445 894 1047.6316963854 0.9817 
450 905 1047.6316963854 0.9817 
455 914 1047.6316963854 0.9817 
460 925 1047.6316963854 0.9817 
465 935 1047.6316963854 0.9817 
470 946 1047.6316963854 0.9817 
475 955 1047.6316963854 0.9817 
480 966 1047.6316963854 0.9817 
485 976 1047.6316963854 0.9817 
490 987 1047.6316963854 0.9817 
495 996 1047.6316963854 0.9817 
500 1007 1045.6442360724 0.9835 
505 1017 1045.6424166869 0.9835 
510 1027 1045.6424166869 0.9835 
515 1037 1045.6424166869 0.9835 
520 1047 1045.6424166869 0.9835 
525 1056 1045.6424166869 0.9835 
530 1067 1045.6424166869 0.9835 
535 1076 1045.6424166869 0.9835 
540 1087 1045.6424166869 0.9835 
545 1098 1045.6424166869 0.9835 
550 1108 1045.6424166869 0.9835 
555 1118 1045.6424166869 0.9835 
560 1128 1045.6424166869 0.9835 
565 1138 1045.6424166869 0.9835 
570 1148 1045.6424166869 0.9835 
575 1158 1045.6424166869 0.9835 
580 1169 1045.6424166869 0.9835 
585 1179 1045.6424166869 0.9835 
590 1189 1045.6424166869 0.9835 
595 1198 1045.6424166869 0.9835 
600 1208 1045.6424166869 0.9835 
605 1218 1045.6424166869 0.9835 
610 1228 1045.6424166869 0.9835 
615 1238 1045.6424166869 0.9835 
620 1248 1045.6424166869 0.9835 
625 1259 1045.6424166869 0.9835 
630 1269 1045.6424166869 0.9835 
635 1278 1045.6424166869 0.9835 
640 1289 1045.6424166869 0.9835 
645 1299 1045.6424166869 0.9835 
650 1309 1045.6424166869 0.9835 
655 1319 1045.6424166869 0.9835 
660 1329 1045.6424166869 0.9835 
665 1340 1045.6424166869 0.9835 
670 1350 1045.6424166869 0.9835 
675 1359 1045.6424166869 0.9835 
680 1369 1045.6424166869 0.9835 
685 1380 1045.6424166869 0.9835 
690 1390 1045.6424166869 0.9835 
695 1399 1045.6424166869 0.9835 
700 1409 1045.6424166869 0.9835 
705 1419 1045.6424166869 0.9835 
710 1429 1045.6424166869 0.9835 
715 1438 1045.6424166869 0.9835 
720 1448 1045.6424166869 0.9835 
725 1458 1045.6424166869 0.9835 
730 1468 1045.6424166869 0.9835 
735 1478 1045.6424166869 0.9835 
740 1488 1045.6424166869 0.9835 
745 1499 1045.6424166869 0.9835 
750 1509 1045.6424166869 0.9835 
755 1519 1045.6424166869 0.9835 
760 1529 1045.6424166869 0.9835 
765 1539 1045.6424166869 0.9835 
770 1549 1045.6424166869 0.9835 
775 1558 1045.6424166869 0.9835 
780 1565 1045.6424166869 0.9835 
785 1574 1045.6424166869 0.9835 
790 1584 1045.6424166869 0.9835 
795 1594 1045.6424166869 0.9835 
800 1604 1045.6424166869 0.9835 
805 1614 1045.6424166869 0.9835 
810 1624 1045.6424166869 0.9835 
815 1634 1045.6424166869 0.9835 
820 1644 1045.6424166869 0.9835 
825 1653 1045.6424166869 0.9835 
830 1661 1045.6424166869 0.9835 
835 1670 1045.6424166869 0.9835 
840 1678 1045.6424166869 0.9835 
845 1687 1045.6424166869 0.9835 
850 1696 1045.6424166869 0.9835 
855 1707 1044.5546375498 0.9846 
860 1716 1044.5546375498 0.9846 
865 1724 1043.9132414891 0.9852 
870 1731 1043.9132414891 0.9852 
875 1741 1043.9132414891 0.9852 
880 1752 1043.9132414891 0.9852 
885 1762 1043.9132414891 0.9852 
890 1772 1043.9132414891 0.9852 
895 1783 1043.9132414891 0.9852 
900 1793 1043.9132414891 0.9852 
905 1804 1043.9132414891 0.9852 
910 1814 1043.9132414891 0.9852 
915 1824 1043.9132414891 0.9852 
920 1835 1043.9132414891 0.9852 
925 1845 1043.9132414891 0.9852 
930 1855 1043.9132414891 0.9852 
935 1866 1043.9132414891 0.9852 
940 1876 1043.9132414891 0.9852 
945 1887 1043.9132414891 0.9852 
950 1897 1043.9132414891 0.9852 
955 1907 1043.9132414891 0.9852 
960 1917 1043.9132414891 0.9852 
965 1927 1043.9132414891 0.9852 
970 1937 1043.9132414891 0.9852 
975 1947 1043.9132414891 0.9852 
980 1957 1043.9132414891 0.9852 
985 1968 1043.9132414891 0.9852 
990 1977 1043.9132414891 0.9852 
995 1987 1043.9132414891 0.9852 
1000 1997 1043.9132414891 0.9852 
1005 2008 1043.9132414891 0.9852 
1010 2018 1043.9132414891 0.9852 
1015 2028 1043.9132414891 0.9852 
1020 2039 1043.9132414891 0.9852 
1025 2049 1043.9132414891 0.9852 
1030 2059 1043.9132414891 0.9852 
1035 2069 1043.9132414891 0.9852 
1040 2079 1043.9132414891 0.9852 
1045 2089 1043.9132414891 0.9852 
1050 2099 1043.9132414891 0.9852 
1055 2109 1043.9132414891 0.9852 
1060 2118 1043.9132414891 0.9852 
1065 2128 1043.9132414891 0.9852 
1070 2139 1043.9132414891 0.9852 
1075 2150 1043.9132414891 0.9852 
1080 2160 1043.9132414891 0.9852 
1085 2170 1043.9132414891 0.9852 
1090 2181 1043.9132414891 0.9852 
1095 2191 1043.9132414891 0.9852 
1100 2200 1043.9132414891 0.9852 
1105 2208 1043.9132414891 0.9852 
1110 2217 1043.9132414891 0.9852 
1115 2227 1043.9132414891 0.9852 
1120 2237 1043.9132414891 0.9852 
1125 2248 1043.9132414891 0.9852 
1130 2258 1043.9132414891 0.9852 
1135 2269 1043.9132414891 0.9852 
1140 2279 1043.9132414891 0.9852 
1145 2289 1043.9132414891 0.9852 
1150 2300 1043.9132414891 0.9852 
1155 2310 1043.9132414891 0.9852 
1160 2320 1043.9132414891 0.9852 
1165 2331 1043.9132414891 0.9852 
1170 2341 1043.9132414891 0.9852 
1175 2351 1043.9132414891 0.9852 
1180 2362 1043.9132414891 0.9852 
1185 2372 1043.9132414891 0.9852 
1190 2382 1043.9132414891 0.9852 
1195 2393 1043.9132414891 0.9852 
1200 2404 1043.9132414891 0.9852 
1205 2414 1043.9132414891 0.9852 
1210 2424 1043.9132414891 0.9852 
1215 2435 1043.9132414891 0.9852 
1220 2445 1043.9132414891 0.9852 
1225 2455 1043.9132414891 0.9852 
1230 2465 1043.9132414891 0.9852 
1235 2476 1043.9132414891 0.9852 
1240 2486 1043.9132414891 0.9852 
1245 2497 1043.9132414891 0.9852 
1250 2507 1043.9132414891 0.9852 
1255 2517 1043.9132414891 0.9852 
1260 2528 1043.9132414891 0.9852 
1265 2538 1043.9132414891 0.9852 
1270 2548 1043.9132414891 0.9852 
1275 2559 1043.9132414891 0.9852 
1280 2569 1043.9132414891 0.9852 
1285 2579 1043.9132414891 0.9852 
1290 2590 1043.9132414891 0.9852 
1295 2600 1043.9132414891 0.9852 
1300 2611 1043.9132414891 0.9852 
1305 2620 1043.9132414891 0.9852 
1310 2631 1043.9132414891 0.9852 
1315 2642 1043.9132414891 0.9852 
1320 2652 1043.9132414891 0.9852 
1325 2662 1043.9132414891 0.9852 
1330 2672 1043.9132414891 0.9852 
1335 2683 1043.9132414891 0.9852 
1340 2693 1043.9132414891 0.9852 
1345 2703 1043.9132414891 0.9852 
1350 2713 1043.9132414891 0.9852 
1355 2723 1043.9132414891 0.9852 
1360 2734 1043.9132414891 0.9852 
1365 2743 1043.9132414891 0.9852 
1370 2754 1043.9132414891 0.9852 
1375 2764 1043.9132414891 0.9852 
1380 2774 1043.9132414891 0.9852 
1385 2784 1043.9132414891 0.9852 
1390 2794 1043.9132414891 0.9852 
1395 2804 1043.9132414891 0.9852 
1400 2815 1043.9132414891 0.9852 
1405 2825 1043.9132414891 0.9852 
1410 2835 1043.9132414891 0.9852 
1415 2846 1043.9132414891 0.9852 
1420 2856 1043.9132414891 0.9852 
1425 2866 1043.9132414891 0.9852 
1430 2876 1043.9132414891 0.9852 
1435 2887 1043.9132414891 0.9852 
1440 2897 1043.9132414891 0.9852 
1445 2907 1043.9132414891 0.9852 
1450 2917 1043.9132414891 0.9852 
1455 2927 1043.9132414891 0.9852 
1460 2937 1043.9132414891 0.9852 
1465 2947 1043.9132414891 0.9852 
1470 2957 1043.9132414891 0.9852 
1475 2966 1043.9132414891 0.9852 
1480 2977 1043.9132414891 0.9852 
1485 2987 1043.9132414891 0.9852 
1490 2997 1043.9132414891 0.9852 
1495 3007 1043.9132414891 0.9852 
1500 3016 1043.9132414891 0.9852 
1505 3026 1043.9132414891 0.9852 
1510 3036 1043.9132414891 0.9852 
1515 3046 1043.9132414891 0.9852 
1520 3055 1043.9132414891 0.9852 
1525 3065 1043.9132414891 0.9852 
1530 3075 1043.9132414891 0.9852 
1535 3085 1043.9132414891 0.9852 
1540 3095 1043.9132414891 0.9852 
1545 3105 1043.9132414891 0.9852 
1550 3114 1043.9132414891 0.9852 
1555 3124 1043.9132414891 0.9852 
1560 3134 1043.9132414891 0.9852 
1565 3144 1043.9132414891 0.9852 
1570 3153 1043.9132414891 0.9852 
1575 3163 1043.9132414891 0.9852 
1580 3173 1043.9132414891 0.9852 
1585 3184 1043.9132414891 0.9852 
1590 3194 1043.9132414891 0.9852 
1595 3204 1043.9132414891 0.9852 
1600 3214 1043.9132414891 0.9852 
1605 3224 1043.9132414891 0.9852 
1610 3233 1043.9132414891 0.9852 
1615 3243 1043.9132414891 0.9852 
1620 3253 1043.9132414891 0.9852 
1625 3263 1043.9132414891 0.9852 
1630 3273 1043.9132414891 0.9852 
1635 3283 1043.9132414891 0.9852 
1640 3293 1043.9132414891 0.9852 
1645 3303 1043.9132414891 0.9852 
1650 3312 1043.9132414891 0.9852 
1655 3323 1043.9132414891 0.9852 
1660 3332 1043.9132414891 0.9852 
1665 3342 1043.9132414891 0.9852 
1670 3352 1043.9132414891 0.9852 
1675 3363 1043.9132414891 0.9852 
1680 3373 1043.9132414891 0.9852 
1685 3383 1043.9132414891 0.9852 
1690 3393 1043.9132414891 0.9852 
1695 3403 1043.9132414891 0.9852 
1700 3414 1043.9132414891 0.9852 
1705 3424 1043.9132414891 0.9852 
1710 3434 1043.9132414891 0.9852 
1715 3444 1043.9132414891 0.9852 
1720 3454 1043.9132414891 0.9852 
1725 3465 1043.9132414891 0.9852 
1730 3474 1043.9132414891 0.9852 
1735 3485 1043.9132414891 0.9852 
1740 3495 1043.9132414891 0.9852 
1745 3505 1043.9132414891 0.9852 
1750 3515 1043.9132414891 0.9852 
1755 3526 1043.9132414891 0.9852 
1760 3536 1043.9132414891 0.9852 
1765 3546 1043.9132414891 0.9852 
1770 3557 1043.9132414891 0.9852 
1775 3567 1043.9132414891 0.9852 
1780 3577 1043.9132414891 0.9852 
1785 3588 1043.9132414891 0.9852 
1790 3598 1043.9132414891 0.9852 
1795 3609 1043.9132414891 0.9852 
1800 3619 1043.9132414891 0.9852 
