0 0 1695.2663601818 0.0000 0 2057.7862788725 0.0000 0 1266.9388362660 0.0000 0 1731.1081759425 0.0000 0 2347.6762595562 0.0000 0 1527.2214630918 0.0000 0 1637.2329236298 0.0000
5 16 1190.5815163673 0.8638 12 1569.5458915999 0.8228 69 1266.9388362660 0.0000 20 1731.1081759425 0.0000 11 2347.6762595562 0.0000 34 1527.2214630918 0.0000 31 1637.2329236298 0.0000
10 37 1098.3623439354 0.9363 23 1466.6785762966 0.8805 136 1266.9388362660 0.0000 39 1272.4414589614 0.9136 22 2347.6762595562 0.0000 67 1527.2214630918 0.0000 61 1607.6908685088 0.9586
15 57 1080.7853098113 0.9515 34 1443.6453231065 0.8946 203 1266.9388362660 0.0000 57 1266.7815304861 0.9177 32 2347.6762595562 0.0000 102 1527.2214630918 0.0000 91 1588.4297908413 0.9702
20 78 1070.7063925061 0.9605 45 1443.6453231065 0.8946 269 1266.9388362660 0.0000 76 1266.7815304861 0.9177 43 2347.6762595562 0.0000 136 1527.2214630918 0.0000 121 1578.5454008052 0.9763
25 99 1066.0346928842 0.9647 56 1432.3974542462 0.9016 335 1266.9388362660 0.0000 96 1266.7815304861 0.9177 53 2347.6762595562 0.0000 169 1527.2214630918 0.0000 152 1573.4919034212 0.9794
30 119 1061.9645984312 0.9684 67 1426.5794211360 0.9053 402 1266.9388362660 0.0000 115 1266.7815304861 0.9177 63 2347.6762595562 0.0000 202 1527.2214630918 0.0000 182 1570.9448450184 0.9810
35 139 1059.8846771726 0.9703 78 1426.5794211360 0.9053 468 1266.9388362660 0.0000 133 1266.7815304861 0.9177 74 2347.6762595562 0.0000 235 1527.2214630918 0.0000 202 1570.9448450184 0.9810
40 160 1059.0289306231 0.9711 89 1415.7134955066 0.9122 532 1266.9388362660 0.0000 153 1266.7815304861 0.9177 84 2347.6762595562 0.0000 268 1527.2214630918 0.0000 232 1567.0110324991 0.9835
45 181 1059.0289306231 0.9711 100 1411.0992720415 0.9152 594 1266.9388362660 0.0000 173 1266.7815304861 0.9177 95 2347.6762595562 0.0000 300 1527.2214630918 0.0000 264 1564.7924664361 0.9849
50 200 1058.6769444540 0.9714 111 1406.3752442262 0.9183 661 1266.9388362660 0.0000 193 1199.9613004329 0.9688 105 2347.6762595562 0.0000 334 1527.2214630918 0.0000 296 1562.2910968641 0.9865
55 221 1055.4944277882 0.9743 123 1403.5948124672 0.9201 727 1266.9388362660 0.0000 213 1199.9613004329 0.9688 115 2347.6762595562 0.0000 363 1527.2214630918 0.0000 328 1561.1877999314 0.9872
60 242 1054.6931068973 0.9751 134 1401.0048298668 0.9218 793 1266.9388362660 0.0000 233 1197.0973899108 0.9711 124 2347.6762595562 0.0000 397 1527.2214630918 0.0000 359 1561.1877999314 0.9872
65 262 1054.6931068973 0.9751 145 1401.0048298668 0.9218 856 1266.9388362660 0.0000 253 1197.0973899108 0.9711 134 2347.6762595562 0.0000 430 1527.2214630918 0.0000 391 1561.1877999314 0.9872
70 282 1054.6931068973 0.9751 156 1401.0048298668 0.9218 923 1266.9388362660 0.0000 272 1196.6157416800 0.9715 145 2347.6762595562 0.0000 463 1527.2214630918 0.0000 422 1561.1877999314 0.9872
75 303 1054.6931068973 0.9751 167 1398.1860727069 0.9237 989 1266.9388362660 0.0000 292 1194.5631081865 0.9732 155 2347.6762595562 0.0000 496 1527.2214630918 0.0000 452 1560.8474934223 0.9874
80 323 1054.6931068973 0.9751 177 1396.6757692647 0.9247 1057 1266.9388362660 0.0000 312 1194.5631081865 0.9732 165 2347.6762595562 0.0000 527 1527.2214630918 0.0000 484 1559.0523325360 0.9885
85 344 1054.6931068973 0.9751 188 1396.1929915123 0.9250 1122 1266.9388362660 0.0000 332 1194.5631081865 0.9732 176 2347.6762595562 0.0000 560 1527.2214630918 0.0000 516 1558.7818687517 0.9887
90 365 1054.6931068973 0.9751 199 1396.1929915123 0.9250 1185 1266.9388362660 0.0000 352 1194.5631081865 0.9732 186 2347.6762595562 0.0000 592 1527.2214630918 0.0000 547 1558.7818687517 0.9887
95 386 1054.6931068973 0.9751 210 1393.9867335953 0.9264 1251 1266.9388362660 0.0000 372 1194.5631081865 0.9732 197 2347.6762595562 0.0000 626 1527.2214630918 0.0000 578 1558.7818687517 0.9887
100 406 1054.6931068973 0.9751 220 1393.9867335953 0.9264 1318 1266.9388362660 0.0000 393 1192.6939110210 0.9747 207 2347.6762595562 0.0000 660 1527.2214630918 0.0000 609 1558.7818687517 0.9887
105 427 1054.6931068973 0.9751 232 1384.0189601145 0.9331 1385 1266.9388362660 0.0000 413 1189.0856616610 0.9777 217 2347.6762595562 0.0000 692 1527.2214630918 0.0000 640 1558.7818687517 0.9887
110 447 1054.6931068973 0.9751 243 1383.2881275230 0.9336 1452 1266.9388362660 0.0000 433 1189.0856616610 0.9777 228 2347.6762595562 0.0000 725 1527.2214630918 0.0000 672 1558.7818687517 0.9887
115 468 1054.6931068973 0.9751 254 1382.0550286079 0.9344 1518 1266.9388362660 0.0000 453 1189.0856616610 0.9777 239 2347.6762595562 0.0000 758 1527.2214630918 0.0000 704 1558.7818687517 0.9887
120 488 1054.6931068973 0.9751 265 1378.8156135087 0.9366 1587 1266.9388362660 0.0000 474 1189.0856616610 0.9777 249 2347.6762595562 0.0000 791 1527.2214630918 0.0000 735 1558.7818687517 0.9887
125 509 1054.6931068973 0.9751 276 1377.7377222088 0.9374 1656 1266.9388362660 0.0000 494 1189.0856616610 0.9777 260 2347.6762595562 0.0000 824 1527.2214630918 0.0000 766 1558.7818687517 0.9887
130 529 1054.6931068973 0.9751 287 1376.6972478329 0.9381 1725 1266.9388362660 0.0000 513 1189.0856616610 0.9777 270 2347.6762595562 0.0000 857 1527.2214630918 0.0000 797 1558.2264985490 0.9890
135 550 1054.5448874316 0.9752 299 1376.6972478329 0.9381 1793 1266.9388362660 0.0000 533 1189.0856616610 0.9777 281 2347.6762595562 0.0000 890 1527.2214630918 0.0000 826 1549.5601726747 0.9946
140 570 1054.5448874316 0.9752 309 1376.6972478329 0.9381 1861 1266.9388362660 0.0000 552 1187.4949528755 0.9790 291 2347.6762595562 0.0000 922 1527.2214630918 0.0000 857 1549.5601726747 0.9946
145 591 1054.5448874316 0.9752 320 1376.6972478329 0.9381 1928 1266.9388362660 0.0000 570 1187.4949528755 0.9790 301 2347.6762595562 0.0000 955 1527.2214630918 0.0000 888 1549.5601726747 0.9946
150 611 1054.5448874316 0.9752 332 1376.6972478329 0.9381 1995 1266.9388362660 0.0000 589 1187.4949528755 0.9790 312 2347.6762595562 0.0000 987 1527.2214630918 0.0000 920 1549.5601726747 0.9946
155 631 1054.5448874316 0.9752 342 1375.9777285719 0.9386 2058 1266.9388362660 0.0000 609 1187.4949528755 0.9790 322 2347.6762595562 0.0000 1020 1527.2214630918 0.0000 951 1549.5601726747 0.9946
160 652 1054.5448874316 0.9752 353 1375.9777285719 0.9386 2125 1266.9388362660 0.0000 629 1187.4949528755 0.9790 332 2347.6762595562 0.0000 1052 1527.2214630918 0.0000 982 1549.5601726747 0.9946
165 672 1054.5448874316 0.9752 364 1375.9777285719 0.9386 2193 1266.9388362660 0.0000 650 1187.4949528755 0.9790 342 2347.6762595562 0.0000 1086 1527.2214630918 0.0000 1013 1549.5601726747 0.9946
170 693 1054.5448874316 0.9752 376 1375.9777285719 0.9386 2262 1266.9388362660 0.0000 670 1187.4949528755 0.9790 352 2347.6762595562 0.0000 1118 1527.2214630918 0.0000 1043 1549.5601726747 0.9946
175 714 1054.5448874316 0.9752 387 1375.9777285719 0.9386 2330 1266.9388362660 0.0000 690 1187.4949528755 0.9790 361 2347.6762595562 0.0000 1151 1527.2214630918 0.0000 1075 1549.5601726747 0.9946
180 734 1054.5448874316 0.9752 398 1375.9777285719 0.9386 2398 1266.9388362660 0.0000 709 1187.4949528755 0.9790 371 2347.6762595562 0.0000 1182 1527.2214630918 0.0000 1106 1549.5601726747 0.9946
185 755 1054.5448874316 0.9752 410 1375.6312914247 0.9388 2464 1266.9388362660 0.0000 730 1187.4949528755 0.9790 381 2347.6762595562 0.0000 1215 1527.2214630918 0.0000 1136 1549.5601726747 0.9946
190 776 1054.5448874316 0.9752 421 1375.6312914247 0.9388 2533 1266.9388362660 0.0000 749 1187.4949528755 0.9790 392 2347.6762595562 0.0000 1248 1527.2214630918 0.0000 1157 1549.5601726747 0.9946
195 797 1051.6466193173 0.9779 432 1375.4141056606 0.9390 2601 1266.9388362660 0.0000 768 1187.4949528755 0.9790 402 2347.6762595562 0.0000 1282 1527.2214630918 0.0000 1188 1549.5601726747 0.9946
200 817 1050.9008526134 0.9786 442 1375.4141056606 0.9390 2670 1266.9388362660 0.0000 788 1187.4949528755 0.9790 413 2347.6762595562 0.0000 1314 1527.2214630918 0.0000 1219 1549.5601726747 0.9946
205 838 1050.9008526134 0.9786 453 1374.8663549734 0.9393 2737 1266.9388362660 0.0000 808 1187.4949528755 0.9790 423 2347.6762595562 0.0000 1348 1527.2214630918 0.0000 1251 1549.5601726747 0.9946
210 859 1050.7845446681 0.9787 464 1371.7439553834 0.9415 2804 1266.9388362660 0.0000 828 1187.4949528755 0.9790 434 2347.6762595562 0.0000 1378 1527.2214630918 0.0000 1282 1549.5601726747 0.9946
215 879 1049.8556175963 0.9796 475 1371.7439553834 0.9415 2869 1266.9388362660 0.0000 849 1187.4949528755 0.9790 444 2347.6762595562 0.0000 1411 1527.2214630918 0.0000 1313 1549.5601726747 0.9946
220 900 1049.8556175963 0.9796 486 1371.3153818093 0.9418 2938 1266.9388362660 0.0000 869 1187.4949528755 0.9790 455 2347.6762595562 0.0000 1441 1055.3390629131 0.9875 1345 1549.5601726747 0.9946
225 921 1049.8556175963 0.9796 497 1371.3153818093 0.9418 3006 1266.9388362660 0.0000 888 1187.4949528755 0.9790 465 2347.6762595562 0.0000 1475 1055.3390629131 0.9875 1376 1549.5601726747 0.9946
230 941 1049.8556175963 0.9796 508 1371.3153818093 0.9418 3074 1266.9388362660 0.0000 908 1187.4949528755 0.9790 476 2347.6762595562 0.0000 1507 1055.3390629131 0.9875 1407 1549.5601726747 0.9946
235 962 1049.8556175963 0.9796 519 1369.6993129202 0.9429 3140 1266.9388362660 0.0000 929 1187.4949528755 0.9790 485 2347.6762595562 0.0000 1541 1055.3390629131 0.9875 1437 1549.5601726747 0.9946
240 983 1049.8556175963 0.9796 530 1369.6993129202 0.9429 3208 1266.9388362660 0.0000 949 1187.4949528755 0.9790 496 2347.6762595562 0.0000 1573 1055.3390629131 0.9875 1469 1549.5601726747 0.9946
245 1003 1049.8556175963 0.9796 541 1369.6993129202 0.9429 3274 1266.9388362660 0.0000 969 1187.4949528755 0.9790 506 2347.6762595562 0.0000 1607 1055.3390629131 0.9875 1500 1549.5601726747 0.9946
250 1024 1049.8556175963 0.9796 552 1369.6993129202 0.9429 3341 1266.9388362660 0.0000 989 1187.4949528755 0.9790 516 2347.6762595562 0.0000 1638 1055.3390629131 0.9875 1531 1549.5601726747 0.9946
255 1045 1049.8556175963 0.9796 562 1369.6993129202 0.9429 3408 1266.9388362660 0.0000 1010 1187.4949528755 0.9790 527 2347.6762595562 0.0000 1671 1055.2162531742 0.9876 1561 1549.5601726747 0.9946
260 1066 1049.8556175963 0.9796 573 1368.3538967111 0.9438 3473 1266.9388362660 0.0000 1030 1187.4949528755 0.9790 538 2347.6762595562 0.0000 1704 1055.2162531742 0.9876 1592 1549.5601726747 0.9946
265 1086 1049.8556175963 0.9796 585 1365.3008237008 0.9459 3540 1266.9388362660 0.0000 1051 1187.4949528755 0.9790 548 2347.6762595562 0.0000 1737 1055.2162531742 0.9876 1623 1549.5601726747 0.9946
270 1107 1049.8556175963 0.9796 596 1364.2920645677 0.9466 3608 1266.9388362660 0.0000 1069 1187.4949528755 0.9790 559 2347.6762595562 0.0000 1770 1055.2162531742 0.9876 1654 1549.5601726747 0.9946
275 1128 1049.8556175963 0.9796 607 1364.1870160495 0.9467 3675 1266.9388362660 0.0000 1089 1187.4949528755 0.9790 569 2347.6762595562 0.0000 1802 1055.2162531742 0.9876 1685 1549.5601726747 0.9946
280 1148 1049.8556175963 0.9796 617 1361.6932251558 0.9484 3738 1266.9388362660 0.0000 1111 1187.4949528755 0.9790 580 2347.6762595562 0.0000 1835 1055.2162531742 0.9876 1716 1549.5601726747 0.9946
285 1168 1049.8556175963 0.9796 628 1361.6932251558 0.9484 3806 1266.9388362660 0.0000 1130 1187.4949528755 0.9790 591 2347.6762595562 0.0000 1868 1055.2162531742 0.9876 1746 1549.5601726747 0.9946
290 1189 1049.8556175963 0.9796 639 1361.6932251558 0.9484 3875 1266.9388362660 0.0000 1151 1187.4949528755 0.9790 601 2347.6762595562 0.0000 1901 1055.2162531742 0.9876 1777 1549.5601726747 0.9946
295 1210 1049.8556175963 0.9796 650 1361.6932251558 0.9484 3944 1266.9388362660 0.0000 1172 1187.4949528755 0.9790 609 2347.6762595562 0.0000 1935 1055.2162531742 0.9876 1807 1549.5601726747 0.9946
300 1230 1049.8556175963 0.9796 661 1361.6932251558 0.9484 4013 1266.9388362660 0.0000 1193 1187.4949528755 0.9790 619 2347.6762595562 0.0000 1967 1055.2162531742 0.9876 1838 1549.5601726747 0.9946
305 1251 1049.8556175963 0.9796 672 1361.6932251558 0.9484 4081 1266.9388362660 0.0000 1213 1187.4949528755 0.9790 630 1461.5049390723 0.9551 2001 1055.2162531742 0.9876 1868 1549.5601726747 0.9946
310 1271 1049.8556175963 0.9796 683 1361.6932251558 0.9484 4151 1266.9388362660 0.0000 1233 1187.4949528755 0.9790 641 1461.5049390723 0.9551 2033 1055.2162531742 0.9876 1899 1549.5601726747 0.9946
315 1292 1049.8556175963 0.9796 695 1360.4335456448 0.9493 4218 1266.9388362660 0.0000 1254 1187.4949528755 0.9790 651 1461.5049390723 0.9551 2066 1055.2162531742 0.9876 1930 1549.5601726747 0.9946
320 1313 1049.8556175963 0.9796 705 1357.5451979783 0.9513 4288 1266.9388362660 0.0000 1274 1187.4949528755 0.9790 661 1461.5049390723 0.9551 2099 1055.2162531742 0.9876 1960 1549.5601726747 0.9946
325 1333 1049.8556175963 0.9796 716 1357.5451979783 0.9513 4356 1266.9388362660 0.0000 1295 1187.4949528755 0.9790 672 1461.5049390723 0.9551 2132 1055.2162531742 0.9876 1991 1549.5601726747 0.9946
330 1354 1049.8556175963 0.9796 727 1356.3698609663 0.9521 4425 1266.9388362660 0.0000 1315 1187.4949528755 0.9790 683 1461.5049390723 0.9551 2165 1055.2162531742 0.9876 2022 1549.5601726747 0.9946
335 1374 1049.8556175963 0.9796 738 1356.0405672759 0.9524 4493 1266.9388362660 0.0000 1336 1187.4949528755 0.9790 693 1461.5049390723 0.9551 2199 1055.2162531742 0.9876 2053 1549.5601726747 0.9946
340 1395 1049.8556175963 0.9796 749 1356.0405672759 0.9524 4563 1266.9388362660 0.0000 1357 1187.4949528755 0.9790 703 1461.5049390723 0.9551 2230 1055.2162531742 0.9876 2083 1549.3252791303 0.9947
345 1415 1049.8556175963 0.9796 760 1356.0405672759 0.9524 4632 1266.9388362660 0.0000 1378 1187.4949528755 0.9790 714 1461.5049390723 0.9551 2263 1055.2162531742 0.9876 2114 1549.3252791303 0.9947
350 1436 1049.8556175963 0.9796 771 1356.0405672759 0.9524 4699 1266.9388362660 0.0000 1399 1187.4949528755 0.9790 724 1461.5049390723 0.9551 2295 1055.2162531742 0.9876 2137 1549.3252791303 0.9947
355 1457 1049.8556175963 0.9796 782 1356.0405672759 0.9524 4769 1266.9388362660 0.0000 1420 1187.4949528755 0.9790 735 1461.5049390723 0.9551 2325 1055.2162531742 0.9876 2168 1548.6453890207 0.9952
360 1477 1049.8556175963 0.9796 793 1355.6826597318 0.9526 4840 1266.9388362660 0.0000 1440 1187.4949528755 0.9790 745 1461.5049390723 0.9551 2356 1055.2162531742 0.9876 2198 1548.6453890207 0.9952
365 1498 1049.8556175963 0.9796 803 1355.6826597318 0.9526 4910 1266.9388362660 0.0000 1461 1187.4949528755 0.9790 755 1461.5049390723 0.9551 2388 1055.2162531742 0.9876 2228 1548.6453890207 0.9952
370 1519 1049.8556175963 0.9796 814 1355.6245973343 0.9527 4979 1266.9388362660 0.0000 1481 1187.4949528755 0.9790 765 1461.5049390723 0.9551 2419 1055.2162531742 0.9876 2259 1548.6453890207 0.9952
375 1539 1049.8556175963 0.9796 825 1354.0387952473 0.9538 5045 1266.9388362660 0.0000 1501 1187.4949528755 0.9790 776 1461.5049390723 0.9551 2451 1055.2162531742 0.9876 2291 1548.6453890207 0.9952
380 1560 1049.8556175963 0.9796 836 1353.1215493337 0.9544 5115 1266.9388362660 0.0000 1523 1187.4949528755 0.9790 787 1461.5049390723 0.9551 2483 1055.2162531742 0.9876 2321 1548.6453890207 0.9952
385 1581 1049.8556175963 0.9796 847 1351.9677727668 0.9552 5184 1266.9388362660 0.0000 1543 1187.4949528755 0.9790 797 1461.5049390723 0.9551 2508 1055.2162531742 0.9876 2352 1548.6453890207 0.9952
390 1601 1049.8556175963 0.9796 858 1351.9677727668 0.9552 5254 1266.9388362660 0.0000 1565 1187.4949528755 0.9790 807 1461.5049390723 0.9551 2540 1055.2162531742 0.9876 2382 1548.5614243368 0.9952
395 1623 1049.8556175963 0.9796 869 1351.9677727668 0.9552 5322 1266.9388362660 0.0000 1586 1187.4949528755 0.9790 818 1461.5049390723 0.9551 2572 1055.2162531742 0.9876 2413 1548.5614243368 0.9952
400 1643 1049.8556175963 0.9796 880 1351.9129730724 0.9553 5390 1266.9388362660 0.0000 1606 1187.4949528755 0.9790 829 1461.5049390723 0.9551 2604 1055.2162531742 0.9876 2444 1548.5614243368 0.9952
405 1664 1049.8556175963 0.9796 891 1351.9129730724 0.9553 5459 1266.9388362660 0.0000 1628 1187.4949528755 0.9790 839 1461.5049390723 0.9551 2635 1055.2162531742 0.9876 2475 1548.5614243368 0.9952
410 1685 1049.8556175963 0.9796 902 1351.8498418010 0.9553 5528 1266.9388362660 0.0000 1649 1187.4949528755 0.9790 849 1461.5049390723 0.9551 2667 1055.2162531742 0.9876 2506 1548.5614243368 0.9952
415 1706 1049.8556175963 0.9796 913 1351.8498418010 0.9553 5597 1266.9388362660 0.0000 1670 1187.4949528755 0.9790 858 1461.5049390723 0.9551 2698 1055.2162531742 0.9876 2536 1548.5614243368 0.9952
420 1726 1049.8556175963 0.9796 924 1351.8498418010 0.9553 5665 1266.9388362660 0.0000 1691 1187.4949528755 0.9790 868 1461.5049390723 0.9551 2729 1055.2162531742 0.9876 2567 1548.5614243368 0.9952
425 1747 1049.8285229831 0.9796 935 1351.8498418010 0.9553 5732 1266.9388362660 0.0000 1712 1187.4949528755 0.9790 879 1461.5049390723 0.9551 2761 1055.2162531742 0.9876 2598 1548.5614243368 0.9952
430 1768 1049.7809475102 0.9797 946 1351.7561008034 0.9554 5802 1266.9388362660 0.0000 1734 1187.4949528755 0.9790 890 1461.5049390723 0.9551 2792 1055.2162531742 0.9876 2629 1548.5614243368 0.9952
435 1789 1049.7809475102 0.9797 957 1351.7561008034 0.9554 5870 1266.9388362660 0.0000 1755 1187.4949528755 0.9790 900 1461.5049390723 0.9551 2824 1055.2162531742 0.9876 2660 1548.5614243368 0.9952
440 1809 1049.7809475102 0.9797 968 1351.6512155940 0.9555 5940 1266.9388362660 0.0000 1777 1187.4949528755 0.9790 911 1461.5049390723 0.9551 2856 1055.2162531742 0.9876 2691 1548.5614243368 0.9952
445 1830 1049.7809475102 0.9797 979 1351.6512155940 0.9555 6007 1266.9388362660 0.0000 1799 1187.4949528755 0.9790 921 1461.5049390723 0.9551 2888 1055.2162531742 0.9876 2722 1548.5614243368 0.9952
450 1851 1049.7809475102 0.9797 990 1351.6512155940 0.9555 6075 1266.9388362660 0.0000 1820 1187.4949528755 0.9790 932 1461.5049390723 0.9551 2919 1055.2162531742 0.9876 2752 1548.5614243368 0.9952
455 1872 1049.7809475102 0.9797 1001 1350.7779737799 0.9561 6142 1266.9388362660 0.0000 1841 1187.4949528755 0.9790 942 1461.5049390723 0.9551 2952 1055.2162531742 0.9876 2783 1548.5614243368 0.9952
460 1891 1049.7809475102 0.9797 1012 1350.7779737799 0.9561 6210 1266.9388362660 0.0000 1862 1187.4949528755 0.9790 952 1461.5049390723 0.9551 2983 1055.2162531742 0.9876 2814 1548.5614243368 0.9952
465 1912 1049.7809475102 0.9797 1024 1350.7779737799 0.9561 6277 1266.9388362660 0.0000 1884 1187.4949528755 0.9790 963 1461.5049390723 0.9551 3015 1055.2162531742 0.9876 2846 1548.5614243368 0.9952
470 1932 1049.7809475102 0.9797 1035 1350.7779737799 0.9561 6344 1266.9388362660 0.0000 1905 1187.4949528755 0.9790 973 1461.5049390723 0.9551 3046 1055.2162531742 0.9876 2878 1548.5614243368 0.9952
475 1953 1049.7809475102 0.9797 1046 1350.7779737799 0.9561 6409 1266.9388362660 0.0000 1927 1187.4949528755 0.9790 984 1461.5049390723 0.9551 3078 1055.2162531742 0.9876 2909 1548.5614243368 0.9952
480 1973 1049.7809475102 0.9797 1057 1350.7779737799 0.9561 6477 1266.9388362660 0.0000 1948 1187.4949528755 0.9790 994 1461.5049390723 0.9551 3109 1055.2162531742 0.9876 2940 1548.5614243368 0.9952
485 1994 1049.7809475102 0.9797 1068 1350.7779737799 0.9561 6543 1266.9388362660 0.0000 1970 1187.4949528755 0.9790 1004 1461.5049390723 0.9551 3140 1055.2162531742 0.9876 2971 1548.5614243368 0.9952
490 2015 1049.7809475102 0.9797 1079 1350.7779737799 0.9561 6610 1266.9388362660 0.0000 1991 1187.4949528755 0.9790 1014 1461.5049390723 0.9551 3172 1055.2162531742 0.9876 3000 1548.5614243368 0.9952
495 2035 1049.7809475102 0.9797 1090 1350.7779737799 0.9561 6675 1266.9388362660 0.0000 2013 1187.4949528755 0.9790 1025 1461.5049390723 0.9551 3204 1055.2162531742 0.9876 3032 1548.5614243368 0.9952
500 2056 1049.7809475102 0.9797 1101 1350.7779737799 0.9561 6742 1266.9388362660 0.0000 2034 1187.4949528755 0.9790 1035 1461.5049390723 0.9551 3235 1055.2162531742 0.9876 3063 1548.5614243368 0.9952
505 2077 1049.7809475102 0.9797 1113 1350.7779737799 0.9561 6808 1266.9388362660 0.0000 2056 1187.4949528755 0.9790 1045 1461.5049390723 0.9551 3266 1055.2162531742 0.9876 3087 1548.5614243368 0.9952
510 2098 1049.7809475102 0.9797 1124 1350.7779737799 0.9561 6877 1266.9388362660 0.0000 2077 1187.4949528755 0.9790 1056 1461.5049390723 0.9551 3297 1055.2162531742 0.9876 3119 1548.5614243368 0.9952
515 2119 1049.7809475102 0.9797 1135 1350.7779737799 0.9561 6945 1266.9388362660 0.0000 2095 1187.4949528755 0.9790 1066 1461.5049390723 0.9551 3329 1055.2162531742 0.9876 3151 1548.5614243368 0.9952
520 2139 1049.7809475102 0.9797 1146 1350.7779737799 0.9561 7012 1266.9388362660 0.0000 2117 1187.4949528755 0.9790 1076 1461.5049390723 0.9551 3361 1055.2162531742 0.9876 3181 1548.5614243368 0.9952
525 2160 1049.7809475102 0.9797 1157 1350.7779737799 0.9561 7080 1266.9388362660 0.0000 2139 1187.4949528755 0.9790 1087 1461.5049390723 0.9551 3393 1055.2162531742 0.9876 3212 1548.5614243368 0.9952
530 2181 1049.7809475102 0.9797 1168 1350.7779737799 0.9561 7149 1266.9388362660 0.0000 2160 1187.4949528755 0.9790 1095 1461.5049390723 0.9551 3424 1055.2162531742 0.9876 3243 1548.5614243368 0.9952
535 2201 1049.7809475102 0.9797 1179 1350.7779737799 0.9561 7215 1266.9388362660 0.0000 2183 1187.4949528755 0.9790 1106 1461.5049390723 0.9551 3456 1055.2162531742 0.9876 3275 1548.5614243368 0.9952
540 2221 1049.7809475102 0.9797 1189 1350.7779737799 0.9561 7282 1266.9388362660 0.0000 2204 1187.4949528755 0.9790 1117 1461.5049390723 0.9551 3486 1055.2162531742 0.9876 3306 1548.5614243368 0.9952
545 2242 1049.7809475102 0.9797 1200 1350.7779737799 0.9561 7349 1266.9388362660 0.0000 2226 1187.4949528755 0.9790 1127 1461.5049390723 0.9551 3518 1055.2162531742 0.9876 3338 1548.5614243368 0.9952
550 2263 1049.7809475102 0.9797 1211 1350.7779737799 0.9561 7417 1266.9388362660 0.0000 2248 1187.4949528755 0.9790 1138 1461.5049390723 0.9551 3549 1055.2162531742 0.9876 3369 1548.5614243368 0.9952
555 2284 1049.1395685111 0.9803 1222 1350.7779737799 0.9561 7485 1266.9388362660 0.0000 2270 1187.4949528755 0.9790 1148 1461.5049390723 0.9551 3580 1055.2162531742 0.9876 3400 1548.5614243368 0.9952
560 2305 1049.1395685111 0.9803 1233 1350.7779737799 0.9561 7553 1266.9388362660 0.0000 2291 1187.4949528755 0.9790 1159 1461.5049390723 0.9551 3612 1055.2162531742 0.9876 3432 1547.7955786142 0.9957
565 2326 1048.8339578336 0.9805 1243 1350.7779737799 0.9561 7620 1266.9388362660 0.0000 2312 1187.4949528755 0.9790 1169 1461.5049390723 0.9551 3644 1055.2162531742 0.9876 3463 1547.7955786142 0.9957
570 2346 1048.8339578336 0.9805 1254 1350.7779737799 0.9561 7689 1266.9388362660 0.0000 2334 1187.4949528755 0.9790 1180 1438.8625178924 0.9701 3675 1055.2162531742 0.9876 3494 1547.7955786142 0.9957
575 2366 1046.8798312427 0.9824 1266 1350.7779737799 0.9561 7758 1266.9388362660 0.0000 2355 1187.4949528755 0.9790 1190 1438.8625178924 0.9701 3704 1055.2162531742 0.9876 3525 1547.7955786142 0.9957
580 2387 1046.8798312427 0.9824 1277 1350.7779737799 0.9561 7827 1266.9388362660 0.0000 2376 1187.4949528755 0.9790 1200 1438.8625178924 0.9701 3729 1055.2162531742 0.9876 3556 1547.7955786142 0.9957
585 2407 1046.8798312427 0.9824 1288 1350.7779737799 0.9561 7894 1266.9388362660 0.0000 2398 1187.4949528755 0.9790 1210 1436.1875702913 0.9719 3761 1055.2162531742 0.9876 3586 1547.7955786142 0.9957
590 2427 1046.8798312427 0.9824 1298 1350.7779737799 0.9561 7963 1266.9388362660 0.0000 2419 1187.4949528755 0.9790 1221 1436.1875702913 0.9719 3793 1055.2162531742 0.9876 3617 1547.7955786142 0.9957
595 2448 1046.8798312427 0.9824 1309 1350.7779737799 0.9561 8032 1266.9388362660 0.0000 2441 1187.4949528755 0.9790 1232 1436.1875702913 0.9719 3825 1055.2162531742 0.9876 3648 1547.7955786142 0.9957
600 2468 1046.8798312427 0.9824 1320 1350.7779737799 0.9561 8101 1266.9388362660 0.0000 2463 1187.4949528755 0.9790 1241 1436.1875702913 0.9719 3856 1055.2162531742 0.9876 3679 1547.7955786142 0.9957
605 2489 1046.8798312427 0.9824 1331 1350.7779737799 0.9561 8170 1266.9388362660 0.0000 2485 1187.4949528755 0.9790 1252 1436.1875702913 0.9719 3888 1055.2162531742 0.9876 3710 1547.7955786142 0.9957
610 2509 1046.8798312427 0.9824 1342 1350.7779737799 0.9561 8238 1266.9388362660 0.0000 2506 1187.4949528755 0.9790 1262 1436.1875702913 0.9719 3920 1055.2162531742 0.9876 3740 1547.7955786142 0.9957
615 2530 1046.8798312427 0.9824 1352 1350.7779737799 0.9561 8306 1266.9388362660 0.0000 2527 1187.4949528755 0.9790 1273 1436.1875702913 0.9719 3952 1055.2162531742 0.9876 3769 1547.7955786142 0.9957
620 2551 1046.8798312427 0.9824 1363 1350.7779737799 0.9561 8376 1266.9388362660 0.0000 2549 1187.4949528755 0.9790 1284 1436.1875702913 0.9719 3984 1055.2162531742 0.9876 3800 1547.7955786142 0.9957
625 2572 1046.3890931246 0.9828 1374 1350.7779737799 0.9561 8443 1266.9388362660 0.0000 2571 1187.4949528755 0.9790 1294 1436.1875702913 0.9719 4017 1055.2162531742 0.9876 3831 1547.7955786142 0.9957
630 2592 1046.3890931246 0.9828 1386 1350.7779737799 0.9561 8511 1266.9388362660 0.0000 2589 1187.4949528755 0.9790 1304 1436.1875702913 0.9719 4048 1055.2162531742 0.9876 3862 1547.7955786142 0.9957
635 2613 1046.3890931246 0.9828 1396 1350.7779737799 0.9561 8578 1266.9388362660 0.0000 2611 1187.4949528755 0.9790 1315 1436.1875702913 0.9719 4080 1055.2162531742 0.9876 3892 1547.7955786142 0.9957
640 2634 1046.3890931246 0.9828 1408 1350.7779737799 0.9561 8647 1266.9388362660 0.0000 2633 1187.4949528755 0.9790 1325 1434.8208725452 0.9728 4112 1055.2162531742 0.9876 3922 1547.7955786142 0.9957
645 2655 1046.3890931246 0.9828 1419 1350.7779737799 0.9561 8717 1266.9388362660 0.0000 2655 1187.4949528755 0.9790 1335 1434.8208725452 0.9728 4144 1055.2162531742 0.9876 3951 1547.7955786142 0.9957
650 2675 1046.3890931246 0.9828 1430 1350.7779737799 0.9561 8786 1266.9388362660 0.0000 2677 1187.4949528755 0.9790 1344 1434.8208725452 0.9728 4175 1055.2162531742 0.9876 3981 1547.7955786142 0.9957
655 2695 1046.3890931246 0.9828 1441 1350.7779737799 0.9561 8852 1266.9388362660 0.0000 2698 1187.4949528755 0.9790 1355 1434.8208725452 0.9728 4207 1055.2162531742 0.9876 4011 1547.7955786142 0.9957
660 2716 1046.3890931246 0.9828 1452 1350.7779737799 0.9561 8918 1266.9388362660 0.0000 2720 1187.4949528755 0.9790 1366 1434.8208725452 0.9728 4238 1055.2162531742 0.9876 4041 1547.7955786142 0.9957
665 2737 1046.3890931246 0.9828 1463 1350.7779737799 0.9561 8986 1266.9388362660 0.0000 2742 1187.4949528755 0.9790 1376 1434.8208725452 0.9728 4269 1055.2162531742 0.9876 4070 1547.7955786142 0.9957
670 2757 1046.3890931246 0.9828 1474 1350.7779737799 0.9561 9053 1266.9388362660 0.0000 2763 1187.4949528755 0.9790 1386 1434.8208725452 0.9728 4300 1055.2162531742 0.9876 4094 1547.7955786142 0.9957
675 2776 1046.3890931246 0.9828 1485 1350.7779737799 0.9561 9120 1266.9388362660 0.0000 2784 1187.4949528755 0.9790 1396 1434.8208725452 0.9728 4331 1055.2162531742 0.9876 4125 1547.7955786142 0.9957
680 2797 1046.3890931246 0.9828 1496 1350.7779737799 0.9561 9185 1266.9388362660 0.0000 2807 1187.4949528755 0.9790 1407 1434.8208725452 0.9728 4363 1055.2162531742 0.9876 4156 1547.7955786142 0.9957
685 2818 1046.3890931246 0.9828 1506 1350.7779737799 0.9561 9251 1266.9388362660 0.0000 2829 1187.4949528755 0.9790 1417 1434.8208725452 0.9728 4395 1055.2162531742 0.9876 4187 1547.7955786142 0.9957
690 2838 1046.3890931246 0.9828 1518 1350.7779737799 0.9561 9320 1266.9388362660 0.0000 2850 1187.4949528755 0.9790 1428 1434.3257831179 0.9732 4426 1055.2162531742 0.9876 4218 1547.7955786142 0.9957
695 2859 1046.3890931246 0.9828 1528 1350.7779737799 0.9561 9387 1266.9388362660 0.0000 2871 1187.4949528755 0.9790 1438 1434.3257831179 0.9732 4457 1055.2162531742 0.9876 4249 1547.7955786142 0.9957
700 2879 1046.3890931246 0.9828 1539 1350.7779737799 0.9561 9455 1266.9388362660 0.0000 2893 1187.4949528755 0.9790 1448 1434.3257831179 0.9732 4489 1055.2162531742 0.9876 4280 1547.7955786142 0.9957
705 2900 1046.3890931246 0.9828 1550 1350.7779737799 0.9561 9519 1266.9388362660 0.0000 2915 1187.4949528755 0.9790 1458 1434.3257831179 0.9732 4521 1055.2162531742 0.9876 4311 1547.7955786142 0.9957
710 2921 1046.3890931246 0.9828 1562 1350.7779737799 0.9561 9588 1266.9388362660 0.0000 2937 1187.4949528755 0.9790 1469 1433.4582661800 0.9738 4553 1055.2162531742 0.9876 4341 1547.7955786142 0.9957
715 2941 1046.3890931246 0.9828 1572 1350.7779737799 0.9561 9656 1266.9388362660 0.0000 2959 1187.4949528755 0.9790 1479 1433.4582661800 0.9738 4585 1055.2162531742 0.9876 4373 1547.7955786142 0.9957
720 2962 1046.3890931246 0.9828 1583 1350.7779737799 0.9561 9725 1266.9388362660 0.0000 2980 1187.4949528755 0.9790 1489 1433.4582661800 0.9738 4617 1055.2162531742 0.9876 4404 1547.7955786142 0.9957
725 2983 1046.3890931246 0.9828 1594 1350.7779737799 0.9561 9792 1266.9388362660 0.0000 3002 1187.4949528755 0.9790 1499 1432.9158519249 0.9741 4648 1055.2162531742 0.9876 4435 1547.7955786142 0.9957
730 3003 1046.3890931246 0.9828 1606 1350.7779737799 0.9561 9857 1266.9388362660 0.0000 3024 1187.4949528755 0.9790 1510 1432.4475625466 0.9745 4681 1055.2162531742 0.9876 4466 1547.7955786142 0.9957
735 3024 1046.3890931246 0.9828 1616 1350.7779737799 0.9561 9925 1266.9388362660 0.0000 3046 1187.4949528755 0.9790 1520 1432.4475625466 0.9745 4713 1055.2162531742 0.9876 4497 1547.7955786142 0.9957
740 3044 1046.3890931246 0.9828 1627 1350.7779737799 0.9561 9994 1266.9388362660 0.0000 3067 1187.4949528755 0.9790 1530 1432.4475625466 0.9745 4744 1055.2162531742 0.9876 4527 1547.7955786142 0.9957
745 3064 1046.3890931246 0.9828 1639 1350.7779737799 0.9561 10060 1266.9388362660 0.0000 3088 1187.4949528755 0.9790 1540 1432.4475625466 0.9745 4777 1055.2162531742 0.9876 4558 1547.7955786142 0.9957
750 3085 1046.3890931246 0.9828 1649 1350.7779737799 0.9561 10129 1266.9388362660 0.0000 3110 1187.4949528755 0.9790 1551 1432.0230428789 0.9747 4798 1055.2162531742 0.9876 4589 1547.7955786142 0.9957
755 3106 1046.3890931246 0.9828 1660 1350.7779737799 0.9561 10195 1266.9388362660 0.0000 3132 1187.4949528755 0.9790 1561 1432.0230428789 0.9747 4830 1055.2162531742 0.9876 4620 1547.7955786142 0.9957
760 3126 1046.3890931246 0.9828 1671 1350.7779737799 0.9561 10264 1266.9388362660 0.0000 3151 1187.4949528755 0.9790 1572 1431.6486640207 0.9750 4861 1055.2162531742 0.9876 4651 1547.7955786142 0.9957
765 3148 1046.3890931246 0.9828 1683 1350.0646893933 0.9566 10331 1266.9388362660 0.0000 3172 1187.4949528755 0.9790 1580 1431.6486640207 0.9750 4892 1055.2162531742 0.9876 4682 1547.7955786142 0.9957
770 3168 1046.3890931246 0.9828 1694 1350.0646893933 0.9566 10399 1266.9388362660 0.0000 3194 1187.4949528755 0.9790 1590 1431.6486640207 0.9750 4923 1055.2162531742 0.9876 4712 1547.7955786142 0.9957
775 3188 1046.3890931246 0.9828 1705 1350.0646893933 0.9566 10466 1266.9388362660 0.0000 3216 1187.4949528755 0.9790 1601 1431.6486640207 0.9750 4955 1055.2162531742 0.9876 4742 1547.7955786142 0.9957
780 3209 1046.3890931246 0.9828 1716 1349.7561789297 0.9568 10533 1266.9388362660 0.0000 3238 1187.4949528755 0.9790 1611 1431.6486640207 0.9750 4986 1055.2162531742 0.9876 4774 1547.7955786142 0.9957
785 3229 1046.3890931246 0.9828 1727 1349.7561789297 0.9568 10600 1266.9388362660 0.0000 3260 1187.4949528755 0.9790 1621 1431.6486640207 0.9750 5017 1055.2162531742 0.9876 4805 1547.7955786142 0.9957
790 3250 1046.3890931246 0.9828 1738 1349.1705865010 0.9572 10667 1266.9388362660 0.0000 3281 1187.4949528755 0.9790 1632 1431.6486640207 0.9750 5048 1055.2162531742 0.9876 4836 1547.7955786142 0.9957
795 3271 1046.3890931246 0.9828 1749 1349.1705865010 0.9572 10732 1266.9388362660 0.0000 3303 1187.4949528755 0.9790 1642 1431.6486640207 0.9750 5079 1055.2162531742 0.9876 4867 1547.7955786142 0.9957
800 3291 1046.3890931246 0.9828 1760 1349.1705865010 0.9572 10802 1266.9388362660 0.0000 3325 1187.4949528755 0.9790 1652 1431.6486640207 0.9750 5111 1055.2162531742 0.9876 4898 1547.7955786142 0.9957
805 3312 1046.3890931246 0.9828 1771 1349.1705865010 0.9572 10872 1266.9388362660 0.0000 3347 1187.4949528755 0.9790 1662 1431.6486640207 0.9750 5143 1055.2162531742 0.9876 4928 1547.7955786142 0.9957
810 3332 1046.3890931246 0.9828 1782 1349.1705865010 0.9572 10942 1266.9388362660 0.0000 3369 1187.4949528755 0.9790 1673 1431.6486640207 0.9750 5174 1055.2162531742 0.9876 4959 1547.7955786142 0.9957
815 3353 1046.3890931246 0.9828 1792 1349.1705865010 0.9572 11012 1266.9388362660 0.0000 3390 1187.4949528755 0.9790 1683 1431.6486640207 0.9750 5206 1055.2162531742 0.9876 4990 1547.7955786142 0.9957
820 3373 1046.3890931246 0.9828 1803 1349.1705865010 0.9572 11083 1266.9388362660 0.0000 3411 1187.4949528755 0.9790 1694 1431.6486640207 0.9750 5237 1055.2162531742 0.9876 5020 1547.7955786142 0.9957
825 3394 1046.3890931246 0.9828 1814 1349.1705865010 0.9572 11150 1266.9388362660 0.0000 3433 1187.4949528755 0.9790 1704 1431.6486640207 0.9750 5269 1055.2162531742 0.9876 5051 1547.7955786142 0.9957
830 3414 1046.3890931246 0.9828 1826 1349.1705865010 0.9572 11221 1266.9388362660 0.0000 3454 1187.4949528755 0.9790 1714 1431.6486640207 0.9750 5300 1055.2162531742 0.9876 5073 1547.7955786142 0.9957
835 3435 1046.3890931246 0.9828 1836 1349.1705865010 0.9572 11291 1266.9388362660 0.0000 3475 1187.4949528755 0.9790 1724 1431.6486640207 0.9750 5332 1055.2162531742 0.9876 5104 1547.7955786142 0.9957
840 3455 1046.3890931246 0.9828 1847 1349.1705865010 0.9572 11361 1266.9388362660 0.0000 3497 1187.4949528755 0.9790 1735 1431.6486640207 0.9750 5363 1055.2162531742 0.9876 5134 1547.7955786142 0.9957
845 3476 1046.3890931246 0.9828 1858 1349.1705865010 0.9572 11430 1266.9388362660 0.0000 3519 1187.4949528755 0.9790 1745 1431.6486640207 0.9750 5395 1055.2162531742 0.9876 5165 1547.7955786142 0.9957
850 3496 1046.3890931246 0.9828 1869 1349.1705865010 0.9572 11500 1266.9388362660 0.0000 3541 1187.4949528755 0.9790 1756 1431.6486640207 0.9750 5427 1055.2162531742 0.9876 5196 1547.7955786142 0.9957
855 3517 1046.3890931246 0.9828 1879 1348.5453769389 0.9577 11569 1266.9388362660 0.0000 3563 1187.4949528755 0.9790 1766 1431.6486640207 0.9750 5459 1055.2162531742 0.9876 5227 1547.7955786142 0.9957
860 3538 1046.3890931246 0.9828 1890 1348.5453769389 0.9577 11638 1266.9388362660 0.0000 3585 1187.4949528755 0.9790 1776 1431.6486640207 0.9750 5489 1055.2162531742 0.9876 5257 1547.7955786142 0.9957
865 3559 1046.3890931246 0.9828 1901 1348.5453769389 0.9577 11708 1266.9388362660 0.0000 3607 1187.4949528755 0.9790 1787 1431.6486640207 0.9750 5521 1055.2162531742 0.9876 5288 1547.7955786142 0.9957
870 3579 1046.3890931246 0.9828 1912 1348.5453769389 0.9577 11776 1266.9388362660 0.0000 3629 1187.4949528755 0.9790 1798 1431.6486640207 0.9750 5553 1055.2162531742 0.9876 5318 1547.7955786142 0.9957
875 3600 1046.3890931246 0.9828 1923 1344.5204605400 0.9605 11845 1266.9388362660 0.0000 3651 1187.4949528755 0.9790 1808 1431.6486640207 0.9750 5585 1055.2162531742 0.9876 5347 1547.7955786142 0.9957
880 3621 1046.3890931246 0.9828 1934 1344.5204605400 0.9605 11915 1266.9388362660 0.0000 3673 1187.4949528755 0.9790 1818 1431.6486640207 0.9750 5616 1055.2162531742 0.9876 5377 1547.7955786142 0.9957
885 3642 1046.3890931246 0.9828 1945 1344.5204605400 0.9605 11984 1266.9388362660 0.0000 3690 1187.4949528755 0.9790 1828 1431.6486640207 0.9750 5648 1055.2162531742 0.9876 5408 1547.7955786142 0.9957
890 3663 1046.3890931246 0.9828 1956 1344.5204605400 0.9605 12055 1266.9388362660 0.0000 3713 1187.4949528755 0.9790 1836 1431.6486640207 0.9750 5679 1055.2162531742 0.9876 5438 1547.7955786142 0.9957
895 3683 1046.3890931246 0.9828 1967 1344.5204605400 0.9605 12123 1266.9388362660 0.0000 3735 1187.4949528755 0.9790 1846 1431.6486640207 0.9750 5709 1055.2162531742 0.9876 5468 1547.7955786142 0.9957
900 3703 1046.3890931246 0.9828 1978 1344.5204605400 0.9605 12193 1266.9388362660 0.0000 3757 1187.4949528755 0.9790 1857 1431.6486640207 0.9750 5741 1055.2162531742 0.9876 5498 1547.7955786142 0.9957
905 3725 1046.3890931246 0.9828 1989 1342.3507240278 0.9621 12263 1266.9388362660 0.0000 3779 1187.4949528755 0.9790 1867 1431.6486640207 0.9750 5773 1055.2162531742 0.9876 5528 1547.7955786142 0.9957
910 3745 1046.3890931246 0.9828 1999 1342.3507240278 0.9621 12333 1266.9388362660 0.0000 3801 1187.4949528755 0.9790 1877 1431.6486640207 0.9750 5805 1055.2162531742 0.9876 5557 1547.7955786142 0.9957
915 3766 1046.3890931246 0.9828 2010 1342.3507240278 0.9621 12402 1266.9388362660 0.0000 3823 1187.4949528755 0.9790 1888 1431.6486640207 0.9750 5837 1055.2162531742 0.9876 5588 1547.7955786142 0.9957
920 3786 1046.3890931246 0.9828 2021 1342.3507240278 0.9621 12473 1266.9388362660 0.0000 3845 1187.4949528755 0.9790 1898 1431.6486640207 0.9750 5868 1055.2162531742 0.9876 5618 1547.7955786142 0.9957
925 3806 1046.3890931246 0.9828 2032 1342.3507240278 0.9621 12544 1266.9388362660 0.0000 3866 1187.4949528755 0.9790 1908 1431.6486640207 0.9750 5899 1055.2162531742 0.9876 5649 1547.7955786142 0.9957
930 3827 1046.3890931246 0.9828 2043 1341.0543048944 0.9630 12614 1266.9388362660 0.0000 3888 1187.4949528755 0.9790 1919 1431.6486640207 0.9750 5931 1055.2162531742 0.9876 5678 1547.7955786142 0.9957
935 3847 1046.3890931246 0.9828 2054 1341.0543048944 0.9630 12682 1266.9388362660 0.0000 3911 1187.4949528755 0.9790 1929 1431.6486640207 0.9750 5962 1055.2162531742 0.9876 5708 1547.7955786142 0.9957
940 3868 1046.3890931246 0.9828 2065 1341.0543048944 0.9630 12748 1266.9388362660 0.0000 3933 1187.4949528755 0.9790 1940 1431.6486640207 0.9750 5994 1055.2162531742 0.9876 5738 1547.7955786142 0.9957
945 3886 1040.8057271631 0.9881 2076 1341.0543048944 0.9630 12819 1266.9388362660 0.0000 3955 1187.4949528755 0.9790 1950 1431.6486640207 0.9750 6015 1055.2162531742 0.9876 5768 1547.7955786142 0.9957
950 3907 1040.8057271631 0.9881 2086 1341.0543048944 0.9630 12886 1266.9388362660 0.0000 3977 1187.4949528755 0.9790 1961 1431.6486640207 0.9750 6047 1055.2162531742 0.9876 5798 1547.7955786142 0.9957
955 3928 1040.8057271631 0.9881 2097 1338.3534021557 0.9650 12954 1266.9388362660 0.0000 3999 1187.4949528755 0.9790 1971 1431.6486640207 0.9750 6079 1055.2162531742 0.9876 5829 1547.7955786142 0.9957
960 3949 1040.2128702982 0.9887 2108 1335.2658672998 0.9672 13022 1266.9388362660 0.0000 4021 1187.4949528755 0.9790 1982 1431.6486640207 0.9750 6110 1055.2162531742 0.9876 5859 1547.7955786142 0.9957
965 3969 1040.2128702982 0.9887 2119 1335.2658672998 0.9672 13087 1266.9388362660 0.0000 4043 1187.4949528755 0.9790 1992 1431.6486640207 0.9750 6142 1055.2162531742 0.9876 5889 1547.2913229419 0.9960
970 3989 1040.2128702982 0.9887 2129 1335.2658672998 0.9672 13154 1266.9388362660 0.0000 4065 1187.4949528755 0.9790 2002 1431.6486640207 0.9750 6174 1055.2162531742 0.9876 5919 1547.2913229419 0.9960
975 4010 1040.2128702982 0.9887 2140 1335.2658672998 0.9672 13221 1266.9388362660 0.0000 4088 1187.4949528755 0.9790 2012 1431.6486640207 0.9750 6205 1055.2162531742 0.9876 5948 1547.2913229419 0.9960
980 4031 1040.2128702982 0.9887 2151 1335.2658672998 0.9672 13288 1266.9388362660 0.0000 4110 1187.4949528755 0.9790 2022 1431.6486640207 0.9750 6237 1055.2162531742 0.9876 5977 1547.2913229419 0.9960
985 4051 1040.2128702982 0.9887 2162 1335.2658672998 0.9672 13355 1266.9388362660 0.0000 4131 1187.4949528755 0.9790 2033 1431.6486640207 0.9750 6269 1055.2162531742 0.9876 6007 1547.2913229419 0.9960
990 4071 1040.2128702982 0.9887 2173 1335.2658672998 0.9672 13426 1266.9388362660 0.0000 4153 1187.4949528755 0.9790 2043 1431.6486640207 0.9750 6299 1055.2162531742 0.9876 6036 1547.2913229419 0.9960
995 4092 1040.2128702982 0.9887 2184 1335.2658672998 0.9672 13494 1266.9388362660 0.0000 4176 1187.4949528755 0.9790 2053 1431.6486640207 0.9750 6332 1055.2162531742 0.9876 6066 1547.2913229419 0.9960
1000 4113 1040.2128702982 0.9887 2195 1335.2658672998 0.9672 13563 1266.9388362660 0.0000 4198 1187.4949528755 0.9790 2064 1431.6486640207 0.9750 6364 1055.2162531742 0.9876 6096 1547.2913229419 0.9960
1005 4135 1040.2128702982 0.9887 2206 1335.2658672998 0.9672 13631 1266.9388362660 0.0000 4215 1187.4949528755 0.9790 2074 1431.6486640207 0.9750 6396 1055.2162531742 0.9876 6125 1547.2913229419 0.9960
1010 4155 1040.2128702982 0.9887 2217 1335.2658672998 0.9672 13698 1266.9388362660 0.0000 4236 1187.4949528755 0.9790 2085 1431.6486640207 0.9750 6428 1055.2162531742 0.9876 6151 1547.2913229419 0.9960
1015 4175 1040.2128702982 0.9887 2227 1335.2658672998 0.9672 13766 1266.9388362660 0.0000 4258 1187.4949528755 0.9790 2093 1431.6486640207 0.9750 6460 1055.2162531742 0.9876 6181 1547.2913229419 0.9960
1020 4195 1040.2128702982 0.9887 2239 1335.2658672998 0.9672 13833 1266.9388362660 0.0000 4280 1187.4949528755 0.9790 2103 1431.6486640207 0.9750 6492 1055.2162531742 0.9876 6212 1547.2913229419 0.9960
1025 4216 1040.2128702982 0.9887 2250 1335.2658672998 0.9672 13900 1266.9388362660 0.0000 4303 1187.4949528755 0.9790 2114 1431.6486640207 0.9750 6523 1055.2162531742 0.9876 6244 1547.2913229419 0.9960
1030 4236 1040.2128702982 0.9887 2261 1335.2658672998 0.9672 13967 1266.9388362660 0.0000 4325 1187.4949528755 0.9790 2124 1431.6486640207 0.9750 6554 1055.2162531742 0.9876 6276 1547.2913229419 0.9960
1035 4257 1040.2128702982 0.9887 2272 1335.2658672998 0.9672 14032 1266.9388362660 0.0000 4348 1187.4949528755 0.9790 2135 1431.6486640207 0.9750 6586 1055.2162531742 0.9876 6307 1547.2913229419 0.9960
1040 4278 1040.2128702982 0.9887 2282 1335.2658672998 0.9672 14098 1266.9388362660 0.0000 4369 1187.4949528755 0.9790 2145 1431.6486640207 0.9750 6618 1055.2162531742 0.9876 6339 1547.2913229419 0.9960
1045 4299 1040.2128702982 0.9887 2293 1335.2658672998 0.9672 14161 1266.9388362660 0.0000 4392 1187.4949528755 0.9790 2156 1431.6486640207 0.9750 6649 1055.2162531742 0.9876 6370 1547.2913229419 0.9960
1050 4319 1040.2128702982 0.9887 2304 1335.2658672998 0.9672 14227 1266.9388362660 0.0000 4414 1187.4949528755 0.9790 2166 1431.6486640207 0.9750 6680 1055.2162531742 0.9876 6400 1547.2913229419 0.9960
1055 4339 1040.2128702982 0.9887 2315 1335.2658672998 0.9672 14292 1266.9388362660 0.0000 4436 1187.4949528755 0.9790 2176 1431.6486640207 0.9750 6712 1055.2162531742 0.9876 6432 1547.2913229419 0.9960
1060 4360 1040.2128702982 0.9887 2325 1335.2658672998 0.9672 14359 1266.9388362660 0.0000 4459 1187.4949528755 0.9790 2186 1431.6486640207 0.9750 6743 1055.2162531742 0.9876 6463 1547.2913229419 0.9960
1065 4380 1040.2128702982 0.9887 2336 1335.2658672998 0.9672 14427 1266.9388362660 0.0000 4481 1187.4949528755 0.9790 2197 1431.6486640207 0.9750 6775 1055.2162531742 0.9876 6494 1547.2913229419 0.9960
1070 4401 1040.2128702982 0.9887 2348 1335.2658672998 0.9672 14496 1266.9388362660 0.0000 4503 1187.4949528755 0.9790 2207 1431.6486640207 0.9750 6807 1055.2162531742 0.9876 6525 1547.2913229419 0.9960
1075 4421 1040.2128702982 0.9887 2359 1335.2658672998 0.9672 14564 1266.9388362660 0.0000 4526 1187.4949528755 0.9790 2218 1431.6486640207 0.9750 6839 1055.2162531742 0.9876 6555 1547.2913229419 0.9960
1080 4442 1040.2128702982 0.9887 2369 1335.2658672998 0.9672 14631 1266.9388362660 0.0000 4548 1187.4949528755 0.9790 2229 1431.6486640207 0.9750 6870 1055.2162531742 0.9876 6585 1547.2913229419 0.9960
1085 4463 1040.2128702982 0.9887 2380 1335.2658672998 0.9672 14697 1266.9388362660 0.0000 4571 1187.4949528755 0.9790 2239 1431.6486640207 0.9750 6902 1055.2162531742 0.9876 6617 1547.2913229419 0.9960
1090 4484 1040.2128702982 0.9887 2391 1335.2658672998 0.9672 14765 1266.9388362660 0.0000 4592 1187.4949528755 0.9790 2250 1431.6486640207 0.9750 6934 1055.2162531742 0.9876 6648 1547.2913229419 0.9960
1095 4505 1040.2128702982 0.9887 2402 1335.2658672998 0.9672 14832 1266.9388362660 0.0000 4615 1187.4949528755 0.9790 2260 1431.6486640207 0.9750 6965 1055.2162531742 0.9876 6680 1547.2913229419 0.9960
1100 4525 1039.7216196892 0.9891 2414 1335.2658672998 0.9672 14899 1266.9388362660 0.0000 4637 1187.4949528755 0.9790 2271 1431.6486640207 0.9750 6996 1055.2162531742 0.9876 6711 1547.2913229419 0.9960
1105 4545 1039.7216196892 0.9891 2425 1335.2658672998 0.9672 14965 1266.9388362660 0.0000 4660 1187.4949528755 0.9790 2281 1431.6486640207 0.9750 7028 1055.2162531742 0.9876 6742 1547.2913229419 0.9960
1110 4566 1039.7216196892 0.9891 2436 1335.2658672998 0.9672 15034 1266.9388362660 0.0000 4682 1187.4949528755 0.9790 2291 1431.6486640207 0.9750 7060 1055.2162531742 0.9876 6772 1547.2913229419 0.9960
1115 4587 1039.7216196892 0.9891 2447 1335.2658672998 0.9672 15101 1266.9388362660 0.0000 4703 1187.4949528755 0.9790 2302 1431.6486640207 0.9750 7091 1055.2162531742 0.9876 6803 1547.2913229419 0.9960
1120 4607 1039.7216196892 0.9891 2458 1335.2658672998 0.9672 15168 1266.9388362660 0.0000 4725 1187.4949528755 0.9790 2312 1431.6486640207 0.9750 7122 1055.2162531742 0.9876 6834 1547.2913229419 0.9960
1125 4627 1039.7216196892 0.9891 2469 1335.2658672998 0.9672 15236 1266.9388362660 0.0000 4748 1187.4949528755 0.9790 2323 1431.6486640207 0.9750 7143 1055.2162531742 0.9876 6865 1547.2913229419 0.9960
1130 4648 1039.7216196892 0.9891 2479 1335.2658672998 0.9672 15302 1266.9388362660 0.0000 4766 1187.4949528755 0.9790 2333 1431.6486640207 0.9750 7174 1055.2162531742 0.9876 6895 1547.2913229419 0.9960
1135 4668 1039.7216196892 0.9891 2491 1335.2658672998 0.9672 15370 1266.9388362660 0.0000 4788 1187.4949528755 0.9790 2341 1431.6486640207 0.9750 7206 1055.2162531742 0.9876 6925 1547.2913229419 0.9960
1140 4689 1039.7216196892 0.9891 2502 1335.2658672998 0.9672 15438 1266.9388362660 0.0000 4809 1187.4949528755 0.9790 2352 1431.6486640207 0.9750 7238 1055.2162531742 0.9876 6954 1547.2913229419 0.9960
1145 4710 1039.7216196892 0.9891 2513 1335.2658672998 0.9672 15506 1266.9388362660 0.0000 4832 1187.4949528755 0.9790 2362 1431.6486640207 0.9750 7270 1055.2162531742 0.9876 6983 1547.2913229419 0.9960
1150 4730 1039.7216196892 0.9891 2524 1335.2658672998 0.9672 15572 1266.9388362660 0.0000 4855 1187.4949528755 0.9790 2373 1431.6486640207 0.9750 7301 1055.2162531742 0.9876 7013 1547.2913229419 0.9960
1155 4751 1039.7216196892 0.9891 2535 1335.2658672998 0.9672 15638 1266.9388362660 0.0000 4878 1187.4949528755 0.9790 2383 1431.6486640207 0.9750 7332 1055.2162531742 0.9876 7043 1547.2913229419 0.9960
1160 4771 1039.7216196892 0.9891 2545 1335.2658672998 0.9672 15705 1266.9388362660 0.0000 4900 1187.4949528755 0.9790 2394 1431.6486640207 0.9750 7363 1055.2162531742 0.9876 7073 1547.0136639662 0.9962
1165 4792 1039.7216196892 0.9891 2556 1335.2658672998 0.9672 15772 1266.9388362660 0.0000 4923 1187.4949528755 0.9790 2403 1431.6486640207 0.9750 7395 1055.2162531742 0.9876 7098 1547.0136639662 0.9962
1170 4812 1039.7216196892 0.9891 2567 1335.2658672998 0.9672 15839 1266.9388362660 0.0000 4945 1187.4949528755 0.9790 2414 1431.6486640207 0.9750 7427 1055.2162531742 0.9876 7129 1546.9211545829 0.9963
1175 4833 1039.7216196892 0.9891 2578 1335.2658672998 0.9672 15905 1266.9388362660 0.0000 4967 1187.4949528755 0.9790 2424 1431.6486640207 0.9750 7459 1055.2162531742 0.9876 7159 1546.9211545829 0.9963
1180 4853 1039.7216196892 0.9891 2589 1335.2658672998 0.9672 15971 1266.9388362660 0.0000 4989 1187.4949528755 0.9790 2435 1431.6486640207 0.9750 7491 1055.2162531742 0.9876 7189 1546.9211545829 0.9963
1185 4873 1039.7216196892 0.9891 2600 1335.2658672998 0.9672 16040 1266.9388362660 0.0000 5011 1187.4949528755 0.9790 2445 1431.6486640207 0.9750 7522 1055.2162531742 0.9876 7220 1546.9211545829 0.9963
1190 4894 1039.7216196892 0.9891 2610 1335.2658672998 0.9672 16108 1266.9388362660 0.0000 5034 1187.4949528755 0.9790 2455 1431.6486640207 0.9750 7554 1055.2162531742 0.9876 7251 1546.9211545829 0.9963
1195 4915 1039.7216196892 0.9891 2621 1335.2658672998 0.9672 16176 1266.9388362660 0.0000 5056 1187.4949528755 0.9790 2466 1431.6486640207 0.9750 7586 1055.2162531742 0.9876 7282 1546.9211545829 0.9963
1200 4935 1039.7216196892 0.9891 2632 1335.2658672998 0.9672 16242 1266.9388362660 0.0000 5079 1187.4949528755 0.9790 2477 1431.6486640207 0.9750 7618 1055.2162531742 0.9876 7313 1546.9211545829 0.9963
1205 4956 1039.7216196892 0.9891 2642 1335.2658672998 0.9672 16308 1266.9388362660 0.0000 5102 1187.4949528755 0.9790 2487 1431.6486640207 0.9750 7649 1055.2162531742 0.9876 7343 1546.9211545829 0.9963
1210 4976 1039.7216196892 0.9891 2653 1335.2658672998 0.9672 16375 1266.9388362660 0.0000 5124 1187.4949528755 0.9790 2498 1431.6486640207 0.9750 7680 1055.2162531742 0.9876 7373 1546.9211545829 0.9963
1215 4997 1038.2206611684 0.9906 2664 1335.2658672998 0.9672 16443 1266.9388362660 0.0000 5147 1187.4949528755 0.9790 2508 1431.6486640207 0.9750 7712 1055.2162531742 0.9876 7403 1546.9211545829 0.9963
1220 5017 1038.2206611684 0.9906 2675 1335.2658672998 0.9672 16511 1266.9388362660 0.0000 5169 1187.4949528755 0.9790 2519 1431.6486640207 0.9750 7743 1055.2162531742 0.9876 7434 1546.9211545829 0.9963
1225 5038 1038.2206611684 0.9906 2687 1335.2658672998 0.9672 16574 1266.9388362660 0.0000 5191 1187.4949528755 0.9790 2529 1431.6486640207 0.9750 7775 1055.2162531742 0.9876 7464 1546.9211545829 0.9963
1230 5059 1038.2206611684 0.9906 2698 1335.2658672998 0.9672 16640 1266.9388362660 0.0000 5213 1187.4949528755 0.9790 2540 1431.6486640207 0.9750 7807 1055.2162531742 0.9876 7494 1546.9211545829 0.9963
1235 5079 1038.2206611684 0.9906 2709 1335.2658672998 0.9672 16707 1266.9388362660 0.0000 5235 1187.4949528755 0.9790 2550 1431.6486640207 0.9750 7839 1055.2162531742 0.9876 7524 1546.9211545829 0.9963
1240 5100 1038.2206611684 0.9906 2720 1335.2658672998 0.9672 16774 1266.9388362660 0.0000 5258 1187.4949528755 0.9790 2560 1431.6486640207 0.9750 7870 1055.2162531742 0.9876 7553 1546.9211545829 0.9963
1245 5121 1038.2206611684 0.9906 2730 1335.2658672998 0.9672 16840 1266.9388362660 0.0000 5280 1187.4949528755 0.9790 2570 1431.6486640207 0.9750 7902 1055.2162531742 0.9876 7582 1546.9211545829 0.9963
1250 5142 1038.2206611684 0.9906 2742 1335.2658672998 0.9672 16905 1266.9388362660 0.0000 5299 1187.4949528755 0.9790 2581 1431.6486640207 0.9750 7934 1055.2162531742 0.9876 7611 1546.9211545829 0.9963
1255 5162 1038.2206611684 0.9906 2752 1335.2658672998 0.9672 16972 1266.9388362660 0.0000 5321 1187.4949528755 0.9790 2590 1431.6486640207 0.9750 7966 1055.2162531742 0.9876 7641 1546.9211545829 0.9963
1260 5183 1038.2206611684 0.9906 2763 1335.2658672998 0.9672 17039 1266.9388362660 0.0000 5344 1187.4949528755 0.9790 2600 1431.6486640207 0.9750 7998 1055.2162531742 0.9876 7671 1546.9211545829 0.9963
1265 5204 1038.2206611684 0.9906 2774 1335.2658672998 0.9672 17106 1266.9388362660 0.0000 5367 1187.4949528755 0.9790 2610 1431.6486640207 0.9750 8030 1055.2162531742 0.9876 7700 1546.9211545829 0.9963
1270 5225 1038.2206611684 0.9906 2785 1335.2658672998 0.9672 17171 1266.9388362660 0.0000 5389 1187.4949528755 0.9790 2620 1431.6486640207 0.9750 8061 1055.2162531742 0.9876 7730 1546.9211545829 0.9963
1275 5245 1038.2206611684 0.9906 2795 1335.2658672998 0.9672 17235 1266.9388362660 0.0000 5412 1187.4949528755 0.9790 2630 1431.6486640207 0.9750 8093 1055.2162531742 0.9876 7760 1546.9211545829 0.9963
1280 5265 1038.2206611684 0.9906 2806 1335.2658672998 0.9672 17303 1266.9388362660 0.0000 5433 1187.4949528755 0.9790 2640 1431.6486640207 0.9750 8125 1055.2162531742 0.9876 7788 1546.9211545829 0.9963
1285 5286 1038.2206611684 0.9906 2817 1335.2658672998 0.9672 17369 1266.9388362660 0.0000 5456 1187.4949528755 0.9790 2650 1431.6486640207 0.9750 8157 1055.2162531742 0.9876 7816 1546.9211545829 0.9963
1290 5306 1038.2206611684 0.9906 2829 1335.2658672998 0.9672 17439 1266.9388362660 0.0000 5479 1187.4949528755 0.9790 2661 1431.6486640207 0.9750 8189 1055.2162531742 0.9876 7844 1546.9211545829 0.9963
1295 5327 1038.2206611684 0.9906 2840 1335.2658672998 0.9672 17508 1266.9388362660 0.0000 5501 1187.4949528755 0.9790 2671 1431.6486640207 0.9750 8221 1055.2162531742 0.9876 7873 1546.9211545829 0.9963
1300 5348 1038.2206611684 0.9906 2850 1335.2658672998 0.9672 17577 1266.9388362660 0.0000 5523 1187.4949528755 0.9790 2682 1431.6486640207 0.9750 8253 1055.2162531742 0.9876 7902 1546.9211545829 0.9963
1305 5368 1038.2206611684 0.9906 2861 1335.2658672998 0.9672 17648 1266.9388362660 0.0000 5546 1187.4949528755 0.9790 2692 1431.6486640207 0.9750 8274 1055.2162531742 0.9876 7931 1546.9211545829 0.9963
1310 5389 1038.2206611684 0.9906 2872 1335.2658672998 0.9672 17718 1266.9388362660 0.0000 5569 1187.4949528755 0.9790 2703 1431.6486640207 0.9750 8306 1055.2162531742 0.9876 7961 1546.9211545829 0.9963
1315 5409 1038.2206611684 0.9906 2883 1335.2658672998 0.9672 17787 1266.9388362660 0.0000 5592 1187.4949528755 0.9790 2713 1431.6486640207 0.9750 8338 1055.2162531742 0.9876 7990 1546.9211545829 0.9963
1320 5430 1038.2206611684 0.9906 2894 1335.2658672998 0.9672 17856 1266.9388362660 0.0000 5614 1187.4949528755 0.9790 2723 1431.6486640207 0.9750 8369 1055.2162531742 0.9876 8019 1546.9211545829 0.9963
1325 5450 1038.2206611684 0.9906 2904 1335.2658672998 0.9672 17926 1266.9388362660 0.0000 5636 1187.4949528755 0.9790 2734 1431.6486640207 0.9750 8401 1055.2162531742 0.9876 8047 1546.9211545829 0.9963
1330 5471 1038.2206611684 0.9906 2915 1335.2658672998 0.9672 17999 1266.9388362660 0.0000 5659 1187.4949528755 0.9790 2745 1431.6486640207 0.9750 8432 1055.2162531742 0.9876 8076 1546.9211545829 0.9963
1335 5492 1038.2206611684 0.9906 2926 1335.2658672998 0.9672 18069 1266.9388362660 0.0000 5681 1187.4949528755 0.9790 2755 1431.6486640207 0.9750 8467 1055.2162531742 0.9876 8105 1546.9211545829 0.9963
1340 5513 1038.2206611684 0.9906 2937 1335.2658672998 0.9672 18140 1266.9388362660 0.0000 5704 1187.4949528755 0.9790 2765 1431.6486640207 0.9750 8499 1055.2162531742 0.9876 8135 1546.9211545829 0.9963
1345 5534 1038.2206611684 0.9906 2948 1335.2658672998 0.9672 18206 1266.9388362660 0.0000 5726 1187.4949528755 0.9790 2776 1431.6486640207 0.9750 8530 1055.2162531742 0.9876 8164 1546.9211545829 0.9963
1350 5554 1038.2206611684 0.9906 2959 1335.2658672998 0.9672 18278 1266.9388362660 0.0000 5749 1187.4949528755 0.9790 2786 1431.6486640207 0.9750 8562 1055.2162531742 0.9876 8193 1546.9211545829 0.9963
1355 5575 1038.2206611684 0.9906 2970 1335.2658672998 0.9672 18349 1266.9388362660 0.0000 5772 1187.4949528755 0.9790 2796 1431.6486640207 0.9750 8594 1055.2162531742 0.9876 8219 1546.9211545829 0.9963
1360 5596 1038.2206611684 0.9906 2981 1335.2658672998 0.9672 18420 1266.9388362660 0.0000 5796 1187.4949528755 0.9790 2806 1431.6486640207 0.9750 8626 1055.2162531742 0.9876 8249 1546.9211545829 0.9963
1365 5616 1038.2206611684 0.9906 2992 1335.2658672998 0.9672 18489 1266.9388362660 0.0000 5818 1187.4949528755 0.9790 2817 1431.6486640207 0.9750 8657 1055.2162531742 0.9876 8279 1546.9211545829 0.9963
1370 5636 1038.2206611684 0.9906 3003 1335.2658672998 0.9672 18557 1266.9388362660 0.0000 5837 1187.4949528755 0.9790 2826 1431.6486640207 0.9750 8689 1055.2162531742 0.9876 8310 1546.9211545829 0.9963
1375 5657 1038.2206611684 0.9906 3015 1335.2658672998 0.9672 18627 1266.9388362660 0.0000 5859 1187.4949528755 0.9790 2836 1431.6486640207 0.9750 8720 1055.2162531742 0.9876 8341 1546.9211545829 0.9963
1380 5678 1038.2206611684 0.9906 3025 1335.2658672998 0.9672 18699 1266.9388362660 0.0000 5881 1187.4949528755 0.9790 2846 1431.6486640207 0.9750 8752 1055.2162531742 0.9876 8372 1546.9211545829 0.9963
1385 5698 1038.2206611684 0.9906 3037 1335.2658672998 0.9672 18771 1266.9388362660 0.0000 5904 1187.4949528755 0.9790 2857 1431.6486640207 0.9750 8783 1055.2162531742 0.9876 8403 1546.9211545829 0.9963
1390 5719 1038.2206611684 0.9906 3048 1335.2658672998 0.9672 18842 1266.9388362660 0.0000 5926 1187.4949528755 0.9790 2868 1431.6486640207 0.9750 8816 1055.2162531742 0.9876 8433 1546.9211545829 0.9963
1395 5739 1038.2206611684 0.9906 3058 1335.2658672998 0.9672 18911 1266.9388362660 0.0000 5949 1187.4949528755 0.9790 2878 1431.6486640207 0.9750 8848 1055.2162531742 0.9876 8464 1546.9211545829 0.9963
1400 5759 1038.2206611684 0.9906 3070 1335.2658672998 0.9672 18983 1266.9388362660 0.0000 5971 1187.4949528755 0.9790 2889 1431.6486640207 0.9750 8880 1055.2162531742 0.9876 8495 1546.9211545829 0.9963
1405 5780 1038.2206611684 0.9906 3081 1335.2658672998 0.9672 19054 1266.9388362660 0.0000 5994 1187.4949528755 0.9790 2899 1431.6486640207 0.9750 8912 1055.2162531742 0.9876 8527 1546.9211545829 0.9963
1410 5800 1038.2206611684 0.9906 3093 1335.2658672998 0.9672 19125 1266.9388362660 0.0000 6016 1187.4949528755 0.9790 2910 1431.6486640207 0.9750 8944 1055.2162531742 0.9876 8556 1546.9211545829 0.9963
1415 5820 1038.2206611684 0.9906 3103 1335.2658672998 0.9672 19193 1266.9388362660 0.0000 6038 1187.4949528755 0.9790 2920 1431.6486640207 0.9750 8976 1055.2162531742 0.9876 8585 1546.9211545829 0.9963
1420 5841 1038.2206611684 0.9906 3114 1335.2658672998 0.9672 19262 1266.9388362660 0.0000 6060 1187.4949528755 0.9790 2931 1429.1723401868 0.9767 9007 1055.2162531742 0.9876 8614 1546.9211545829 0.9963
1425 5862 1038.2206611684 0.9906 3126 1335.2658672998 0.9672 19333 1266.9388362660 0.0000 6083 1187.4949528755 0.9790 2941 1429.1723401868 0.9767 9038 1055.2162531742 0.9876 8642 1546.9211545829 0.9963
1430 5884 1038.2206611684 0.9906 3137 1335.2658672998 0.9672 19404 1266.9388362660 0.0000 6105 1187.4949528755 0.9790 2951 1429.1723401868 0.9767 9071 1055.2162531742 0.9876 8671 1546.9211545829 0.9963
1435 5904 1038.2206611684 0.9906 3148 1335.2658672998 0.9672 19474 1266.9388362660 0.0000 6128 1187.4949528755 0.9790 2961 1429.1723401868 0.9767 9103 1055.2162531742 0.9876 8699 1546.9211545829 0.9963
1440 5924 1038.2206611684 0.9906 3159 1335.2658672998 0.9672 19544 1266.9388362660 0.0000 6150 1187.4949528755 0.9790 2972 1429.1723401868 0.9767 9135 1055.2162531742 0.9876 8728 1546.9211545829 0.9963
1445 5945 1038.2206611684 0.9906 3170 1335.2658672998 0.9672 19613 1266.9388362660 0.0000 6172 1187.4949528755 0.9790 2983 1429.1723401868 0.9767 9167 1055.2162531742 0.9876 8757 1546.9211545829 0.9963
1450 5965 1038.2206611684 0.9906 3180 1335.2658672998 0.9672 19684 1266.9388362660 0.0000 6194 1187.4949528755 0.9790 2993 1429.1723401868 0.9767 9199 1055.2162531742 0.9876 8785 1546.9211545829 0.9963
1455 5986 1038.2206611684 0.9906 3191 1335.2658672998 0.9672 19754 1266.9388362660 0.0000 6217 1187.4949528755 0.9790 3004 1429.1723401868 0.9767 9230 1055.2162531742 0.9876 8814 1546.9211545829 0.9963
1460 6006 1038.2206611684 0.9906 3202 1335.2658672998 0.9672 19824 1266.9388362660 0.0000 6238 1187.4949528755 0.9790 3014 1429.1723401868 0.9767 9262 1055.2162531742 0.9876 8842 1546.9211545829 0.9963
1465 6027 1038.2206611684 0.9906 3213 1335.2658672998 0.9672 19895 1266.9388362660 0.0000 6261 1187.4949528755 0.9790 3024 1429.1723401868 0.9767 9294 1055.2162531742 0.9876 8870 1546.9211545829 0.9963
1470 6048 1038.2206611684 0.9906 3225 1335.2658672998 0.9672 19964 1266.9388362660 0.0000 6284 1187.4949528755 0.9790 3035 1429.1723401868 0.9767 9325 1055.2162531742 0.9876 8898 1546.9211545829 0.9963
1475 6068 1038.2206611684 0.9906 3236 1335.2658672998 0.9672 20036 1266.9388362660 0.0000 6306 1187.4949528755 0.9790 3045 1429.1723401868 0.9767 9357 1055.2162531742 0.9876 8927 1546.9211545829 0.9963
1480 6089 1038.2206611684 0.9906 3246 1335.2658672998 0.9672 20107 1266.9388362660 0.0000 6328 1187.4949528755 0.9790 3055 1429.1723401868 0.9767 9388 1055.2162531742 0.9876 8956 1546.9211545829 0.9963
1485 6109 1038.2206611684 0.9906 3257 1335.2658672998 0.9672 20175 1266.9388362660 0.0000 6350 1187.4949528755 0.9790 3066 1429.1723401868 0.9767 9420 1055.2162531742 0.9876 8985 1546.9211545829 0.9963
1490 6130 1038.2206611684 0.9906 3268 1335.2658672998 0.9672 20246 1266.9388362660 0.0000 6373 1187.4949528755 0.9790 3075 1429.1723401868 0.9767 9442 1055.2162531742 0.9876 9014 1546.9211545829 0.9963
1495 6151 1038.2206611684 0.9906 3280 1335.2658672998 0.9672 20316 1266.9388362660 0.0000 6392 1187.4949528755 0.9790 3085 1429.1723401868 0.9767 9473 1055.2162531742 0.9876 9042 1545.7293288595 0.9970
1500 6172 1038.2206611684 0.9906 3290 1335.2658672998 0.9672 20386 1266.9388362660 0.0000 6414 1187.4949528755 0.9790 3095 1429.1723401868 0.9767 9506 1055.2162531742 0.9876 9070 1545.1882726863 0.9974
1505 6191 1038.2206611684 0.9906 3301 1335.2658672998 0.9672 20456 1266.9388362660 0.0000 6437 1187.4949528755 0.9790 3106 1429.1723401868 0.9767 9539 1055.2162531742 0.9876 9098 1545.1882726863 0.9974
1510 6212 1038.2206611684 0.9906 3312 1335.2658672998 0.9672 20527 1266.9388362660 0.0000 6459 1187.4949528755 0.9790 3116 1429.1723401868 0.9767 9572 1055.2162531742 0.9876 9126 1545.1882726863 0.9974
1515 6233 1038.2206611684 0.9906 3323 1335.2658672998 0.9672 20598 1266.9388362660 0.0000 6482 1187.4949528755 0.9790 3127 1429.0123843738 0.9768 9604 1055.2162531742 0.9876 9155 1545.1882726863 0.9974
1520 6253 1038.2206611684 0.9906 3334 1335.2658672998 0.9672 20670 1266.9388362660 0.0000 6505 1187.4949528755 0.9790 3137 1429.0123843738 0.9768 9636 1055.2162531742 0.9876 9184 1545.1882726863 0.9974
1525 6274 1038.2206611684 0.9906 3345 1335.2658672998 0.9672 20740 1266.9388362660 0.0000 6528 1187.4949528755 0.9790 3147 1429.0123843738 0.9768 9668 1055.2162531742 0.9876 9213 1545.1882726863 0.9974
1530 6294 1038.2206611684 0.9906 3355 1335.2658672998 0.9672 20810 1266.9388362660 0.0000 6551 1187.4949528755 0.9790 3158 1429.0123843738 0.9768 9699 1055.2162531742 0.9876 9241 1545.1882726863 0.9974
1535 6315 1038.2206611684 0.9906 3366 1335.2658672998 0.9672 20879 1266.9388362660 0.0000 6572 1187.4949528755 0.9790 3168 1429.0123843738 0.9768 9732 1055.2162531742 0.9876 9270 1545.1882726863 0.9974
1540 6335 1038.2206611684 0.9906 3377 1335.2658672998 0.9672 20950 1266.9388362660 0.0000 6595 1187.4949528755 0.9790 3179 1428.5440949955 0.9771 9765 1055.2162531742 0.9876 9299 1545.1882726863 0.9974
1545 6356 1038.2206611684 0.9906 3388 1335.2658672998 0.9672 21018 1266.9388362660 0.0000 6617 1187.4949528755 0.9790 3189 1428.5440949955 0.9771 9798 1055.2162531742 0.9876 9327 1545.1882726863 0.9974
1550 6375 1038.2206611684 0.9906 3398 1335.2658672998 0.9672 21088 1266.9388362660 0.0000 6640 1187.4949528755 0.9790 3200 1428.5440949955 0.9771 9831 1055.2162531742 0.9876 9356 1545.1882726863 0.9974
1555 6396 1038.2206611684 0.9906 3410 1335.2658672998 0.9672 21159 1266.9388362660 0.0000 6662 1187.4949528755 0.9790 3210 1428.5440949955 0.9771 9863 1055.2162531742 0.9876 9384 1545.1882726863 0.9974
1560 6416 1038.2206611684 0.9906 3421 1335.2658672998 0.9672 21228 1266.9388362660 0.0000 6685 1187.4949528755 0.9790 3221 1428.5440949955 0.9771 9896 1055.2162531742 0.9876 9407 1545.1882726863 0.9974
1565 6437 1038.2206611684 0.9906 3432 1335.2658672998 0.9672 21297 1266.9388362660 0.0000 6708 1187.4949528755 0.9790 3231 1428.5440949955 0.9771 9927 1055.2162531742 0.9876 9436 1545.1882726863 0.9974
1570 6456 1038.2206611684 0.9906 3442 1335.2658672998 0.9672 21366 1266.9388362660 0.0000 6730 1187.4949528755 0.9790 3242 1428.5440949955 0.9771 9959 1055.2162531742 0.9876 9464 1545.1882726863 0.9974
1575 6475 1038.2206611684 0.9906 3452 1335.2658672998 0.9672 21433 1266.9388362660 0.0000 6752 1187.4949528755 0.9790 3252 1428.5440949955 0.9771 9991 1055.2162531742 0.9876 9492 1545.1882726863 0.9974
1580 6496 1038.2206611684 0.9906 3463 1335.2658672998 0.9672 21505 1266.9388362660 0.0000 6774 1187.4949528755 0.9790 3262 1428.5440949955 0.9771 10023 1055.2162531742 0.9876 9520 1545.1882726863 0.9974
1585 6516 1038.2206611684 0.9906 3473 1335.2658672998 0.9672 21576 1266.9388362660 0.0000 6796 1187.4949528755 0.9790 3273 1428.5440949955 0.9771 10055 1055.2162531742 0.9876 9549 1545.1882726863 0.9974
1590 6536 1038.2206611684 0.9906 3483 1335.2658672998 0.9672 21649 1266.9388362660 0.0000 6818 1187.4949528755 0.9790 3283 1428.5440949955 0.9771 10087 1055.2162531742 0.9876 9578 1545.1882726863 0.9974
1595 6557 1038.2206611684 0.9906 3494 1335.2658672998 0.9672 21719 1266.9388362660 0.0000 6840 1187.4949528755 0.9790 3294 1428.5440949955 0.9771 10120 1055.2162531742 0.9876 9607 1545.1882726863 0.9974
1600 6577 1038.2206611684 0.9906 3505 1335.2658672998 0.9672 21788 1266.9388362660 0.0000 6862 1187.4949528755 0.9790 3304 1428.5440949955 0.9771 10151 1055.2162531742 0.9876 9636 1545.1882726863 0.9974
1605 6598 1038.2206611684 0.9906 3516 1335.2658672998 0.9672 21854 1266.9388362660 0.0000 6885 1187.4949528755 0.9790 3313 1428.5440949955 0.9771 10183 1055.2162531742 0.9876 9664 1545.1882726863 0.9974
1610 6619 1038.2206611684 0.9906 3526 1335.2658672998 0.9672 21925 1266.9388362660 0.0000 6907 1187.4949528755 0.9790 3324 1428.5440949955 0.9771 10215 1055.2162531742 0.9876 9692 1545.1882726863 0.9974
1615 6639 1038.2206611684 0.9906 3537 1335.2658672998 0.9672 21994 1266.9388362660 0.0000 6925 1187.4949528755 0.9790 3334 1428.5440949955 0.9771 10247 1055.2162531742 0.9876 9720 1545.1882726863 0.9974
1620 6659 1038.2206611684 0.9906 3549 1335.2658672998 0.9672 22063 1266.9388362660 0.0000 6948 1187.4949528755 0.9790 3344 1428.5440949955 0.9771 10280 1055.2162531742 0.9876 9749 1545.1882726863 0.9974
1625 6680 1038.2206611684 0.9906 3559 1335.2658672998 0.9672 22133 1266.9388362660 0.0000 6970 1187.4949528755 0.9790 3355 1428.5440949955 0.9771 10312 1055.2162531742 0.9876 9777 1545.1882726863 0.9974
1630 6701 1038.2206611684 0.9906 3570 1335.2658672998 0.9672 22203 1266.9388362660 0.0000 6992 1187.4949528755 0.9790 3366 1428.5440949955 0.9771 10345 1055.2162531742 0.9876 9806 1545.1882726863 0.9974
1635 6721 1038.2206611684 0.9906 3581 1335.2658672998 0.9672 22272 1266.9388362660 0.0000 7015 1187.4949528755 0.9790 3376 1428.5440949955 0.9771 10376 1055.2162531742 0.9876 9835 1545.1882726863 0.9974
1640 6741 1038.2206611684 0.9906 3592 1335.2658672998 0.9672 22342 1266.9388362660 0.0000 7037 1187.4949528755 0.9790 3387 1428.5440949955 0.9771 10408 1055.2162531742 0.9876 9864 1545.1882726863 0.9974
1645 6761 1038.2206611684 0.9906 3602 1335.2658672998 0.9672 22409 1266.9388362660 0.0000 7059 1187.4949528755 0.9790 3397 1428.5440949955 0.9771 10439 1055.2162531742 0.9876 9892 1545.1882726863 0.9974
1650 6782 1038.2206611684 0.9906 3613 1335.2658672998 0.9672 22480 1266.9388362660 0.0000 7081 1187.4949528755 0.9790 3407 1428.5440949955 0.9771 10471 1055.2162531742 0.9876 9920 1545.1882726863 0.9974
1655 6803 1038.2206611684 0.9906 3624 1335.2658672998 0.9672 22546 1266.9388362660 0.0000 7104 1187.4949528755 0.9790 3417 1428.5440949955 0.9771 10502 1053.2414453464 0.9894 9948 1545.1882726863 0.9974
1660 6823 1038.2206611684 0.9906 3636 1335.2658672998 0.9672 22612 1266.9388362660 0.0000 7126 1187.4949528755 0.9790 3428 1428.5440949955 0.9771 10533 1049.7167162720 0.9928 9976 1545.1882726863 0.9974
1665 6843 1038.2206611684 0.9906 3646 1335.2658672998 0.9672 22676 1266.9388362660 0.0000 7149 1187.4949528755 0.9790 3438 1428.5440949955 0.9771 10565 1049.7167162720 0.9928 10005 1545.1882726863 0.9974
1670 6864 1038.2206611684 0.9906 3657 1335.2658672998 0.9672 22740 1266.9388362660 0.0000 7171 1187.4949528755 0.9790 3449 1428.5440949955 0.9771 10585 1049.7167162720 0.9928 10033 1545.1882726863 0.9974
1675 6885 1038.2206611684 0.9906 3668 1335.2658672998 0.9672 22807 1266.9388362660 0.0000 7192 1187.4949528755 0.9790 3459 1428.5440949955 0.9771 10618 1049.7167162720 0.9928 10061 1545.1882726863 0.9974
1680 6905 1038.2206611684 0.9906 3679 1335.2658672998 0.9672 22874 1266.9388362660 0.0000 7215 1187.4949528755 0.9790 3469 1428.5440949955 0.9771 10651 1049.7167162720 0.9928 10090 1545.1882726863 0.9974
1685 6926 1038.2206611684 0.9906 3690 1335.2658672998 0.9672 22938 1266.9388362660 0.0000 7238 1187.4949528755 0.9790 3480 1428.5440949955 0.9771 10684 1049.7167162720 0.9928 10118 1545.1882726863 0.9974
1690 6946 1038.2206611684 0.9906 3701 1335.2658672998 0.9672 23003 1266.9388362660 0.0000 7261 1187.4949528755 0.9790 3490 1428.5440949955 0.9771 10717 1049.7167162720 0.9928 10147 1545.1882726863 0.9974
1695 6966 1038.2206611684 0.9906 3712 1335.2658672998 0.9672 23067 1266.9388362660 0.0000 7283 1187.4949528755 0.9790 3500 1428.5440949955 0.9771 10751 1049.7167162720 0.9928 10175 1545.1882726863 0.9974
1700 6986 1038.2206611684 0.9906 3722 1335.2658672998 0.9672 23133 1266.9388362660 0.0000 7305 1187.4949528755 0.9790 3511 1428.5440949955 0.9771 10784 1049.7167162720 0.9928 10203 1545.1882726863 0.9974
1705 7007 1038.2206611684 0.9906 3733 1335.2658672998 0.9672 23199 1266.9388362660 0.0000 7328 1187.4949528755 0.9790 3521 1428.5440949955 0.9771 10816 1049.7167162720 0.9928 10232 1545.1882726863 0.9974
1710 7028 1038.2206611684 0.9906 3743 1335.2658672998 0.9672 23265 1266.9388362660 0.0000 7352 1187.4949528755 0.9790 3531 1428.5440949955 0.9771 10849 1049.7167162720 0.9928 10260 1545.1882726863 0.9974
1715 7048 1038.2206611684 0.9906 3755 1335.2658672998 0.9672 23329 1266.9388362660 0.0000 7374 1187.4949528755 0.9790 3541 1428.5440949955 0.9771 10882 1049.7167162720 0.9928 10288 1545.1882726863 0.9974
1720 7068 1038.2206611684 0.9906 3766 1335.2658672998 0.9672 23393 1266.9388362660 0.0000 7396 1187.4949528755 0.9790 3552 1428.5440949955 0.9771 10915 1049.7167162720 0.9928 10317 1545.1882726863 0.9974
1725 7089 1038.2206611684 0.9906 3777 1335.2658672998 0.9672 23458 1266.9388362660 0.0000 7419 1187.4949528755 0.9790 3561 1428.5440949955 0.9771 10948 1049.7167162720 0.9928 10345 1545.1882726863 0.9974
1730 7109 1038.2206611684 0.9906 3788 1335.2658672998 0.9672 23525 1266.9388362660 0.0000 7442 1187.4949528755 0.9790 3571 1428.5440949955 0.9771 10982 1049.7167162720 0.9928 10373 1545.1882726863 0.9974
1735 7130 1038.2206611684 0.9906 3798 1335.2658672998 0.9672 23591 1266.9388362660 0.0000 7465 1187.4949528755 0.9790 3582 1428.5440949955 0.9771 11015 1049.7167162720 0.9928 10401 1545.1882726863 0.9974
1740 7151 1038.2206611684 0.9906 3809 1335.2658672998 0.9672 23655 1266.9388362660 0.0000 7487 1187.4949528755 0.9790 3592 1428.5440949955 0.9771 11047 1049.7167162720 0.9928 10430 1545.1882726863 0.9974
1745 7171 1036.4350313905 0.9923 3820 1335.2658672998 0.9672 23718 1266.9388362660 0.0000 7506 1187.4949528755 0.9790 3603 1428.5440949955 0.9771 11080 1049.7167162720 0.9928 10458 1545.1882726863 0.9974
1750 7191 1036.4350313905 0.9923 3831 1335.2658672998 0.9672 23784 1266.9388362660 0.0000 7528 1187.4949528755 0.9790 3614 1428.5440949955 0.9771 11113 1049.7167162720 0.9928 10487 1545.1882726863 0.9974
1755 7212 1036.1190641518 0.9926 3842 1335.2658672998 0.9672 23850 1266.9388362660 0.0000 7551 1187.4949528755 0.9790 3624 1428.5440949955 0.9771 11145 1049.7167162720 0.9928 10515 1545.1882726863 0.9974
1760 7233 1036.1190641518 0.9926 3853 1335.2658672998 0.9672 23916 1266.9388362660 0.0000 7573 1187.4949528755 0.9790 3635 1428.5440949955 0.9771 11178 1049.7167162720 0.9928 10543 1545.1882726863 0.9974
1765 7252 1036.1190641518 0.9926 3864 1335.2658672998 0.9672 23980 1266.9388362660 0.0000 7595 1187.4949528755 0.9790 3645 1428.5440949955 0.9771 11210 1049.7167162720 0.9928 10571 1545.1882726863 0.9974
1770 7273 1036.1190641518 0.9926 3875 1335.2658672998 0.9672 24044 1266.9388362660 0.0000 7618 1187.4949528755 0.9790 3655 1428.5440949955 0.9771 11243 1049.7167162720 0.9928 10599 1545.1882726863 0.9974
1775 7295 1036.1190641518 0.9926 3886 1335.2658672998 0.9672 24108 1266.9388362660 0.0000 7640 1187.4949528755 0.9790 3666 1428.5440949955 0.9771 11275 1049.7167162720 0.9928 10628 1545.1882726863 0.9974
1780 7315 1036.1190641518 0.9926 3897 1335.2658672998 0.9672 24173 1266.9388362660 0.0000 7663 1187.4949528755 0.9790 3676 1428.5440949955 0.9771 11308 1049.7167162720 0.9928 10657 1545.1882726863 0.9974
1785 7335 1036.1190641518 0.9926 3908 1335.2658672998 0.9672 24239 1266.9388362660 0.0000 7685 1187.4949528755 0.9790 3686 1428.5440949955 0.9771 11341 1049.7167162720 0.9928 10685 1545.1882726863 0.9974
1790 7355 1036.1190641518 0.9926 3919 1335.2658672998 0.9672 24306 1266.9388362660 0.0000 7707 1187.4949528755 0.9790 3697 1428.5440949955 0.9771 11374 1049.7167162720 0.9928 10713 1545.1882726863 0.9974
1795 7376 1036.1190641518 0.9926 3930 1335.2658672998 0.9672 24370 1266.9388362660 0.0000 7731 1187.4949528755 0.9790 3707 1428.5440949955 0.9771 11407 1049.7167162720 0.9928 10734 1545.1882726863 0.9974
1800 7397 1036.1190641518 0.9926 3941 1335.2658672998 0.9672 24437 1266.9388362660 0.0000 7754 1187.4949528755 0.9790 3717 1428.5440949955 0.9771 11440 1049.7167162720 0.9928 10762 1545.1882726863 0.9974
