0 0 2057.7862788725 0.0000 
5 12 1569.5458915999 0.8228 
10 23 1466.6785762966 0.8805 
15 34 1443.6453231065 0.8946 
20 45 1443.6453231065 0.8946 
25 56 1432.3974542462 0.9016 
30 67 1426.5794211360 0.9053 
35 78 1426.5794211360 0.9053 
40 89 1415.7134955066 0.9122 
45 100 1411.0992720415 0.9152 
50 111 1406.3752442262 0.9183 
55 123 1403.5948124672 0.9201 
60 134 1401.0048298668 0.9218 
65 145 1401.0048298668 0.9218 
70 156 1401.0048298668 0.9218 
75 167 1398.1860727069 0.9237 
80 177 1396.6757692647 0.9247 
85 188 1396.1929915123 0.9250 
90 199 1396.1929915123 0.9250 
95 210 1393.9867335953 0.9264 
100 220 1393.9867335953 0.9264 
105 232 1384.0189601145 0.9331 
110 243 1383.2881275230 0.9336 
115 254 1382.0550286079 0.9344 
120 265 1378.8156135087 0.9366 
125 276 1377.7377222088 0.9374 
130 287 1376.6972478329 0.9381 
135 299 1376.6972478329 0.9381 
140 309 1376.6972478329 0.9381 
145 320 1376.6972478329 0.9381 
150 332 1376.6972478329 0.9381 
155 342 1375.9777285719 0.9386 
160 353 1375.9777285719 0.9386 
165 364 1375.9777285719 0.9386 
170 376 1375.9777285719 0.9386 
175 387 1375.9777285719 0.9386 
180 398 1375.9777285719 0.9386 
185 410 1375.6312914247 0.9388 
190 421 1375.6312914247 0.9388 
195 432 1375.4141056606 0.9390 
200 442 1375.4141056606 0.9390 
205 453 1374.8663549734 0.9393 
210 464 1371.7439553834 0.9415 
215 475 1371.7439553834 0.9415 
220 486 1371.3153818093 0.9418 
225 497 1371.3153818093 0.9418 
230 508 1371.3153818093 0.9418 
235 519 1369.6993129202 0.9429 
240 530 1369.6993129202 0.9429 
245 541 1369.6993129202 0.9429 
250 552 1369.6993129202 0.9429 
255 562 1369.6993129202 0.9429 
260 573 1368.3538967111 0.9438 
265 585 1365.3008237008 0.9459 
270 596 1364.2920645677 0.9466 
275 607 1364.1870160495 0.9467 
280 617 1361.6932251558 0.9484 
285 628 1361.6932251558 0.9484 
290 639 1361.6932251558 0.9484 
295 650 1361.6932251558 0.9484 
300 661 1361.6932251558 0.9484 
305 672 1361.6932251558 0.9484 
310 683 1361.6932251558 0.9484 
315 695 1360.4335456448 0.9493 
320 705 1357.5451979783 0.9513 
325 716 1357.5451979783 0.9513 
330 727 1356.3698609663 0.9521 
335 738 1356.0405672759 0.9524 
340 749 1356.0405672759 0.9524 
345 760 1356.0405672759 0.9524 
350 771 1356.0405672759 0.9524 
355 782 1356.0405672759 0.9524 
360 793 1355.6826597318 0.9526 
365 803 1355.6826597318 0.9526 
370 814 1355.6245973343 0.9527 
375 825 1354.0387952473 0.9538 
380 836 1353.1215493337 0.9544 
385 847 1351.9677727668 0.9552 
390 858 1351.9677727668 0.9552 
395 869 1351.9677727668 0.9552 
400 880 1351.9129730724 0.9553 
405 891 1351.9129730724 0.9553 
410 902 1351.8498418010 0.9553 
415 913 1351.8498418010 0.9553 
420 924 1351.8498418010 0.9553 
425 935 1351.8498418010 0.9553 
430 946 1351.7561008034 0.9554 
435 957 1351.7561008034 0.9554 
440 968 1351.6512155940 0.9555 
445 979 1351.6512155940 0.9555 
450 990 1351.6512155940 0.9555 
455 1001 1350.7779737799 0.9561 
460 1012 1350.7779737799 0.9561 
465 1024 1350.7779737799 0.9561 
470 1035 1350.7779737799 0.9561 
475 1046 1350.7779737799 0.9561 
480 1057 1350.7779737799 0.9561 
485 1068 1350.7779737799 0.9561 
490 1079 1350.7779737799 0.9561 
495 1090 1350.7779737799 0.9561 
500 1101 1350.7779737799 0.9561 
505 1113 1350.7779737799 0.9561 
510 1124 1350.7779737799 0.9561 
515 1135 1350.7779737799 0.9561 
520 1146 1350.7779737799 0.9561 
525 1157 1350.7779737799 0.9561 
530 1168 1350.7779737799 0.9561 
535 1179 1350.7779737799 0.9561 
540 1189 1350.7779737799 0.9561 
545 1200 1350.7779737799 0.9561 
550 1211 1350.7779737799 0.9561 
555 1222 1350.7779737799 0.9561 
560 1233 1350.7779737799 0.9561 
565 1243 1350.7779737799 0.9561 
570 1254 1350.7779737799 0.9561 
575 1266 1350.7779737799 0.9561 
580 1277 1350.7779737799 0.9561 
585 1288 1350.7779737799 0.9561 
590 1298 1350.7779737799 0.9561 
595 1309 1350.7779737799 0.9561 
600 1320 1350.7779737799 0.9561 
605 1331 1350.7779737799 0.9561 
610 1342 1350.7779737799 0.9561 
615 1352 1350.7779737799 0.9561 
620 1363 1350.7779737799 0.9561 
625 1374 1350.7779737799 0.9561 
630 1386 1350.7779737799 0.9561 
635 1396 1350.7779737799 0.9561 
640 1408 1350.7779737799 0.9561 
645 1419 1350.7779737799 0.9561 
650 1430 1350.7779737799 0.9561 
655 1441 1350.7779737799 0.9561 
660 1452 1350.7779737799 0.9561 
665 1463 1350.7779737799 0.9561 
670 1474 1350.7779737799 0.9561 
675 1485 1350.7779737799 0.9561 
680 1496 1350.7779737799 0.9561 
685 1506 1350.7779737799 0.9561 
690 1518 1350.7779737799 0.9561 
695 1528 1350.7779737799 0.9561 
700 1539 1350.7779737799 0.9561 
705 1550 1350.7779737799 0.9561 
710 1562 1350.7779737799 0.9561 
715 1572 1350.7779737799 0.9561 
720 1583 1350.7779737799 0.9561 
725 1594 1350.7779737799 0.9561 
730 1606 1350.7779737799 0.9561 
735 1616 1350.7779737799 0.9561 
740 1627 1350.7779737799 0.9561 
745 1639 1350.7779737799 0.9561 
750 1649 1350.7779737799 0.9561 
755 1660 1350.7779737799 0.9561 
760 1671 1350.7779737799 0.9561 
765 1683 1350.0646893933 0.9566 
770 1694 1350.0646893933 0.9566 
775 1705 1350.0646893933 0.9566 
780 1716 1349.7561789297 0.9568 
785 1727 1349.7561789297 0.9568 
790 1738 1349.1705865010 0.9572 
795 1749 1349.1705865010 0.9572 
800 1760 1349.1705865010 0.9572 
805 1771 1349.1705865010 0.9572 
810 1782 1349.1705865010 0.9572 
815 1792 1349.1705865010 0.9572 
820 1803 1349.1705865010 0.9572 
825 1814 1349.1705865010 0.9572 
830 1826 1349.1705865010 0.9572 
835 1836 1349.1705865010 0.9572 
840 1847 1349.1705865010 0.9572 
845 1858 1349.1705865010 0.9572 
850 1869 1349.1705865010 0.9572 
855 1879 1348.5453769389 0.9577 
860 1890 1348.5453769389 0.9577 
865 1901 1348.5453769389 0.9577 
870 1912 1348.5453769389 0.9577 
875 1923 1344.5204605400 0.9605 
880 1934 1344.5204605400 0.9605 
885 1945 1344.5204605400 0.9605 
890 1956 1344.5204605400 0.9605 
895 1967 1344.5204605400 0.9605 
900 1978 1344.5204605400 0.9605 
905 1989 1342.3507240278 0.9621 
910 1999 1342.3507240278 0.9621 
915 2010 1342.3507240278 0.9621 
920 2021 1342.3507240278 0.9621 
925 2032 1342.3507240278 0.9621 
930 2043 1341.0543048944 0.9630 
935 2054 1341.0543048944 0.9630 
940 2065 1341.0543048944 0.9630 
945 2076 1341.0543048944 0.9630 
950 2086 1341.0543048944 0.9630 
955 2097 1338.3534021557 0.9650 
960 2108 1335.2658672998 0.9672 
965 2119 1335.2658672998 0.9672 
970 2129 1335.2658672998 0.9672 
975 2140 1335.2658672998 0.9672 
980 2151 1335.2658672998 0.9672 
985 2162 1335.2658672998 0.9672 
990 2173 1335.2658672998 0.9672 
995 2184 1335.2658672998 0.9672 
1000 2195 1335.2658672998 0.9672 
1005 2206 1335.2658672998 0.9672 
1010 2217 1335.2658672998 0.9672 
1015 2227 1335.2658672998 0.9672 
1020 2239 1335.2658672998 0.9672 
1025 2250 1335.2658672998 0.9672 
1030 2261 1335.2658672998 0.9672 
1035 2272 1335.2658672998 0.9672 
1040 2282 1335.2658672998 0.9672 
1045 2293 1335.2658672998 0.9672 
1050 2304 1335.2658672998 0.9672 
1055 2315 1335.2658672998 0.9672 
1060 2325 1335.2658672998 0.9672 
1065 2336 1335.2658672998 0.9672 
1070 2348 1335.2658672998 0.9672 
1075 2359 1335.2658672998 0.9672 
1080 2369 1335.2658672998 0.9672 
1085 2380 1335.2658672998 0.9672 
1090 2391 1335.2658672998 0.9672 
1095 2402 1335.2658672998 0.9672 
1100 2414 1335.2658672998 0.9672 
1105 2425 1335.2658672998 0.9672 
1110 2436 1335.2658672998 0.9672 
1115 2447 1335.2658672998 0.9672 
1120 2458 1335.2658672998 0.9672 
1125 2469 1335.2658672998 0.9672 
1130 2479 1335.2658672998 0.9672 
1135 2491 1335.2658672998 0.9672 
1140 2502 1335.2658672998 0.9672 
1145 2513 1335.2658672998 0.9672 
1150 2524 1335.2658672998 0.9672 
1155 2535 1335.2658672998 0.9672 
1160 2545 1335.2658672998 0.9672 
1165 2556 1335.2658672998 0.9672 
1170 2567 1335.2658672998 0.9672 
1175 2578 1335.2658672998 0.9672 
1180 2589 1335.2658672998 0.9672 
1185 2600 1335.2658672998 0.9672 
1190 2610 1335.2658672998 0.9672 
1195 2621 1335.2658672998 0.9672 
1200 2632 1335.2658672998 0.9672 
1205 2642 1335.2658672998 0.9672 
1210 2653 1335.2658672998 0.9672 
1215 2664 1335.2658672998 0.9672 
1220 2675 1335.2658672998 0.9672 
1225 2687 1335.2658672998 0.9672 
1230 2698 1335.2658672998 0.9672 
1235 2709 1335.2658672998 0.9672 
1240 2720 1335.2658672998 0.9672 
1245 2730 1335.2658672998 0.9672 
1250 2742 1335.2658672998 0.9672 
1255 2752 1335.2658672998 0.9672 
1260 2763 1335.2658672998 0.9672 
1265 2774 1335.2658672998 0.9672 
1270 2785 1335.2658672998 0.9672 
1275 2795 1335.2658672998 0.9672 
1280 2806 1335.2658672998 0.9672 
1285 2817 1335.2658672998 0.9672 
1290 2829 1335.2658672998 0.9672 
1295 2840 1335.2658672998 0.9672 
1300 2850 1335.2658672998 0.9672 
1305 2861 1335.2658672998 0.9672 
1310 2872 1335.2658672998 0.9672 
1315 2883 1335.2658672998 0.9672 
1320 2894 1335.2658672998 0.9672 
1325 2904 1335.2658672998 0.9672 
1330 2915 1335.2658672998 0.9672 
1335 2926 1335.2658672998 0.9672 
1340 2937 1335.2658672998 0.9672 
1345 2948 1335.2658672998 0.9672 
1350 2959 1335.2658672998 0.9672 
1355 2970 1335.2658672998 0.9672 
1360 2981 1335.2658672998 0.9672 
1365 2992 1335.2658672998 0.9672 
1370 3003 1335.2658672998 0.9672 
1375 3015 1335.2658672998 0.9672 
1380 3025 1335.2658672998 0.9672 
1385 3037 1335.2658672998 0.9672 
1390 3048 1335.2658672998 0.9672 
1395 3058 1335.2658672998 0.9672 
1400 3070 1335.2658672998 0.9672 
1405 3081 1335.2658672998 0.9672 
1410 3093 1335.2658672998 0.9672 
1415 3103 1335.2658672998 0.9672 
1420 3114 1335.2658672998 0.9672 
1425 3126 1335.2658672998 0.9672 
1430 3137 1335.2658672998 0.9672 
1435 3148 1335.2658672998 0.9672 
1440 3159 1335.2658672998 0.9672 
1445 3170 1335.2658672998 0.9672 
1450 3180 1335.2658672998 0.9672 
1455 3191 1335.2658672998 0.9672 
1460 3202 1335.2658672998 0.9672 
1465 3213 1335.2658672998 0.9672 
1470 3225 1335.2658672998 0.9672 
1475 3236 1335.2658672998 0.9672 
1480 3246 1335.2658672998 0.9672 
1485 3257 1335.2658672998 0.9672 
1490 3268 1335.2658672998 0.9672 
1495 3280 1335.2658672998 0.9672 
1500 3290 1335.2658672998 0.9672 
1505 3301 1335.2658672998 0.9672 
1510 3312 1335.2658672998 0.9672 
1515 3323 1335.2658672998 0.9672 
1520 3334 1335.2658672998 0.9672 
1525 3345 1335.2658672998 0.9672 
1530 3355 1335.2658672998 0.9672 
1535 3366 1335.2658672998 0.9672 
1540 3377 1335.2658672998 0.9672 
1545 3388 1335.2658672998 0.9672 
1550 3398 1335.2658672998 0.9672 
1555 3410 1335.2658672998 0.9672 
1560 3421 1335.2658672998 0.9672 
1565 3432 1335.2658672998 0.9672 
1570 3442 1335.2658672998 0.9672 
1575 3452 1335.2658672998 0.9672 
1580 3463 1335.2658672998 0.9672 
1585 3473 1335.2658672998 0.9672 
1590 3483 1335.2658672998 0.9672 
1595 3494 1335.2658672998 0.9672 
1600 3505 1335.2658672998 0.9672 
1605 3516 1335.2658672998 0.9672 
1610 3526 1335.2658672998 0.9672 
1615 3537 1335.2658672998 0.9672 
1620 3549 1335.2658672998 0.9672 
1625 3559 1335.2658672998 0.9672 
1630 3570 1335.2658672998 0.9672 
1635 3581 1335.2658672998 0.9672 
1640 3592 1335.2658672998 0.9672 
1645 3602 1335.2658672998 0.9672 
1650 3613 1335.2658672998 0.9672 
1655 3624 1335.2658672998 0.9672 
1660 3636 1335.2658672998 0.9672 
1665 3646 1335.2658672998 0.9672 
1670 3657 1335.2658672998 0.9672 
1675 3668 1335.2658672998 0.9672 
1680 3679 1335.2658672998 0.9672 
1685 3690 1335.2658672998 0.9672 
1690 3701 1335.2658672998 0.9672 
1695 3712 1335.2658672998 0.9672 
1700 3722 1335.2658672998 0.9672 
1705 3733 1335.2658672998 0.9672 
1710 3743 1335.2658672998 0.9672 
1715 3755 1335.2658672998 0.9672 
1720 3766 1335.2658672998 0.9672 
1725 3777 1335.2658672998 0.9672 
1730 3788 1335.2658672998 0.9672 
1735 3798 1335.2658672998 0.9672 
1740 3809 1335.2658672998 0.9672 
1745 3820 1335.2658672998 0.9672 
1750 3831 1335.2658672998 0.9672 
1755 3842 1335.2658672998 0.9672 
1760 3853 1335.2658672998 0.9672 
1765 3864 1335.2658672998 0.9672 
1770 3875 1335.2658672998 0.9672 
1775 3886 1335.2658672998 0.9672 
1780 3897 1335.2658672998 0.9672 
1785 3908 1335.2658672998 0.9672 
1790 3919 1335.2658672998 0.9672 
1795 3930 1335.2658672998 0.9672 
1800 3941 1335.2658672998 0.9672 
