0 0 1266.9388362660 0.0000 
5 69 1266.9388362660 0.0000 
10 136 1266.9388362660 0.0000 
15 203 1266.9388362660 0.0000 
20 269 1266.9388362660 0.0000 
25 335 1266.9388362660 0.0000 
30 402 1266.9388362660 0.0000 
35 468 1266.9388362660 0.0000 
40 532 1266.9388362660 0.0000 
45 594 1266.9388362660 0.0000 
50 661 1266.9388362660 0.0000 
55 727 1266.9388362660 0.0000 
60 793 1266.9388362660 0.0000 
65 856 1266.9388362660 0.0000 
70 923 1266.9388362660 0.0000 
75 989 1266.9388362660 0.0000 
80 1057 1266.9388362660 0.0000 
85 1122 1266.9388362660 0.0000 
90 1185 1266.9388362660 0.0000 
95 1251 1266.9388362660 0.0000 
100 1318 1266.9388362660 0.0000 
105 1385 1266.9388362660 0.0000 
110 1452 1266.9388362660 0.0000 
115 1518 1266.9388362660 0.0000 
120 1587 1266.9388362660 0.0000 
125 1656 1266.9388362660 0.0000 
130 1725 1266.9388362660 0.0000 
135 1793 1266.9388362660 0.0000 
140 1861 1266.9388362660 0.0000 
145 1928 1266.9388362660 0.0000 
150 1995 1266.9388362660 0.0000 
155 2058 1266.9388362660 0.0000 
160 2125 1266.9388362660 0.0000 
165 2193 1266.9388362660 0.0000 
170 2262 1266.9388362660 0.0000 
175 2330 1266.9388362660 0.0000 
180 2398 1266.9388362660 0.0000 
185 2464 1266.9388362660 0.0000 
190 2533 1266.9388362660 0.0000 
195 2601 1266.9388362660 0.0000 
200 2670 1266.9388362660 0.0000 
205 2737 1266.9388362660 0.0000 
210 2804 1266.9388362660 0.0000 
215 2869 1266.9388362660 0.0000 
220 2938 1266.9388362660 0.0000 
225 3006 1266.9388362660 0.0000 
230 3074 1266.9388362660 0.0000 
235 3140 1266.9388362660 0.0000 
240 3208 1266.9388362660 0.0000 
245 3274 1266.9388362660 0.0000 
250 3341 1266.9388362660 0.0000 
255 3408 1266.9388362660 0.0000 
260 3473 1266.9388362660 0.0000 
265 3540 1266.9388362660 0.0000 
270 3608 1266.9388362660 0.0000 
275 3675 1266.9388362660 0.0000 
280 3738 1266.9388362660 0.0000 
285 3806 1266.9388362660 0.0000 
290 3875 1266.9388362660 0.0000 
295 3944 1266.9388362660 0.0000 
300 4013 1266.9388362660 0.0000 
305 4081 1266.9388362660 0.0000 
310 4151 1266.9388362660 0.0000 
315 4218 1266.9388362660 0.0000 
320 4288 1266.9388362660 0.0000 
325 4356 1266.9388362660 0.0000 
330 4425 1266.9388362660 0.0000 
335 4493 1266.9388362660 0.0000 
340 4563 1266.9388362660 0.0000 
345 4632 1266.9388362660 0.0000 
350 4699 1266.9388362660 0.0000 
355 4769 1266.9388362660 0.0000 
360 4840 1266.9388362660 0.0000 
365 4910 1266.9388362660 0.0000 
370 4979 1266.9388362660 0.0000 
375 5045 1266.9388362660 0.0000 
380 5115 1266.9388362660 0.0000 
385 5184 1266.9388362660 0.0000 
390 5254 1266.9388362660 0.0000 
395 5322 1266.9388362660 0.0000 
400 5390 1266.9388362660 0.0000 
405 5459 1266.9388362660 0.0000 
410 5528 1266.9388362660 0.0000 
415 5597 1266.9388362660 0.0000 
420 5665 1266.9388362660 0.0000 
425 5732 1266.9388362660 0.0000 
430 5802 1266.9388362660 0.0000 
435 5870 1266.9388362660 0.0000 
440 5940 1266.9388362660 0.0000 
445 6007 1266.9388362660 0.0000 
450 6075 1266.9388362660 0.0000 
455 6142 1266.9388362660 0.0000 
460 6210 1266.9388362660 0.0000 
465 6277 1266.9388362660 0.0000 
470 6344 1266.9388362660 0.0000 
475 6409 1266.9388362660 0.0000 
480 6477 1266.9388362660 0.0000 
485 6543 1266.9388362660 0.0000 
490 6610 1266.9388362660 0.0000 
495 6675 1266.9388362660 0.0000 
500 6742 1266.9388362660 0.0000 
505 6808 1266.9388362660 0.0000 
510 6877 1266.9388362660 0.0000 
515 6945 1266.9388362660 0.0000 
520 7012 1266.9388362660 0.0000 
525 7080 1266.9388362660 0.0000 
530 7149 1266.9388362660 0.0000 
535 7215 1266.9388362660 0.0000 
540 7282 1266.9388362660 0.0000 
545 7349 1266.9388362660 0.0000 
550 7417 1266.9388362660 0.0000 
555 7485 1266.9388362660 0.0000 
560 7553 1266.9388362660 0.0000 
565 7620 1266.9388362660 0.0000 
570 7689 1266.9388362660 0.0000 
575 7758 1266.9388362660 0.0000 
580 7827 1266.9388362660 0.0000 
585 7894 1266.9388362660 0.0000 
590 7963 1266.9388362660 0.0000 
595 8032 1266.9388362660 0.0000 
600 8101 1266.9388362660 0.0000 
605 8170 1266.9388362660 0.0000 
610 8238 1266.9388362660 0.0000 
615 8306 1266.9388362660 0.0000 
620 8376 1266.9388362660 0.0000 
625 8443 1266.9388362660 0.0000 
630 8511 1266.9388362660 0.0000 
635 8578 1266.9388362660 0.0000 
640 8647 1266.9388362660 0.0000 
645 8717 1266.9388362660 0.0000 
650 8786 1266.9388362660 0.0000 
655 8852 1266.9388362660 0.0000 
660 8918 1266.9388362660 0.0000 
665 8986 1266.9388362660 0.0000 
670 9053 1266.9388362660 0.0000 
675 9120 1266.9388362660 0.0000 
680 9185 1266.9388362660 0.0000 
685 9251 1266.9388362660 0.0000 
690 9320 1266.9388362660 0.0000 
695 9387 1266.9388362660 0.0000 
700 9455 1266.9388362660 0.0000 
705 9519 1266.9388362660 0.0000 
710 9588 1266.9388362660 0.0000 
715 9656 1266.9388362660 0.0000 
720 9725 1266.9388362660 0.0000 
725 9792 1266.9388362660 0.0000 
730 9857 1266.9388362660 0.0000 
735 9925 1266.9388362660 0.0000 
740 9994 1266.9388362660 0.0000 
745 10060 1266.9388362660 0.0000 
750 10129 1266.9388362660 0.0000 
755 10195 1266.9388362660 0.0000 
760 10264 1266.9388362660 0.0000 
765 10331 1266.9388362660 0.0000 
770 10399 1266.9388362660 0.0000 
775 10466 1266.9388362660 0.0000 
780 10533 1266.9388362660 0.0000 
785 10600 1266.9388362660 0.0000 
790 10667 1266.9388362660 0.0000 
795 10732 1266.9388362660 0.0000 
800 10802 1266.9388362660 0.0000 
805 10872 1266.9388362660 0.0000 
810 10942 1266.9388362660 0.0000 
815 11012 1266.9388362660 0.0000 
820 11083 1266.9388362660 0.0000 
825 11150 1266.9388362660 0.0000 
830 11221 1266.9388362660 0.0000 
835 11291 1266.9388362660 0.0000 
840 11361 1266.9388362660 0.0000 
845 11430 1266.9388362660 0.0000 
850 11500 1266.9388362660 0.0000 
855 11569 1266.9388362660 0.0000 
860 11638 1266.9388362660 0.0000 
865 11708 1266.9388362660 0.0000 
870 11776 1266.9388362660 0.0000 
875 11845 1266.9388362660 0.0000 
880 11915 1266.9388362660 0.0000 
885 11984 1266.9388362660 0.0000 
890 12055 1266.9388362660 0.0000 
895 12123 1266.9388362660 0.0000 
900 12193 1266.9388362660 0.0000 
905 12263 1266.9388362660 0.0000 
910 12333 1266.9388362660 0.0000 
915 12402 1266.9388362660 0.0000 
920 12473 1266.9388362660 0.0000 
925 12544 1266.9388362660 0.0000 
930 12614 1266.9388362660 0.0000 
935 12682 1266.9388362660 0.0000 
940 12748 1266.9388362660 0.0000 
945 12819 1266.9388362660 0.0000 
950 12886 1266.9388362660 0.0000 
955 12954 1266.9388362660 0.0000 
960 13022 1266.9388362660 0.0000 
965 13087 1266.9388362660 0.0000 
970 13154 1266.9388362660 0.0000 
975 13221 1266.9388362660 0.0000 
980 13288 1266.9388362660 0.0000 
985 13355 1266.9388362660 0.0000 
990 13426 1266.9388362660 0.0000 
995 13494 1266.9388362660 0.0000 
1000 13563 1266.9388362660 0.0000 
1005 13631 1266.9388362660 0.0000 
1010 13698 1266.9388362660 0.0000 
1015 13766 1266.9388362660 0.0000 
1020 13833 1266.9388362660 0.0000 
1025 13900 1266.9388362660 0.0000 
1030 13967 1266.9388362660 0.0000 
1035 14032 1266.9388362660 0.0000 
1040 14098 1266.9388362660 0.0000 
1045 14161 1266.9388362660 0.0000 
1050 14227 1266.9388362660 0.0000 
1055 14292 1266.9388362660 0.0000 
1060 14359 1266.9388362660 0.0000 
1065 14427 1266.9388362660 0.0000 
1070 14496 1266.9388362660 0.0000 
1075 14564 1266.9388362660 0.0000 
1080 14631 1266.9388362660 0.0000 
1085 14697 1266.9388362660 0.0000 
1090 14765 1266.9388362660 0.0000 
1095 14832 1266.9388362660 0.0000 
1100 14899 1266.9388362660 0.0000 
1105 14965 1266.9388362660 0.0000 
1110 15034 1266.9388362660 0.0000 
1115 15101 1266.9388362660 0.0000 
1120 15168 1266.9388362660 0.0000 
1125 15236 1266.9388362660 0.0000 
1130 15302 1266.9388362660 0.0000 
1135 15370 1266.9388362660 0.0000 
1140 15438 1266.9388362660 0.0000 
1145 15506 1266.9388362660 0.0000 
1150 15572 1266.9388362660 0.0000 
1155 15638 1266.9388362660 0.0000 
1160 15705 1266.9388362660 0.0000 
1165 15772 1266.9388362660 0.0000 
1170 15839 1266.9388362660 0.0000 
1175 15905 1266.9388362660 0.0000 
1180 15971 1266.9388362660 0.0000 
1185 16040 1266.9388362660 0.0000 
1190 16108 1266.9388362660 0.0000 
1195 16176 1266.9388362660 0.0000 
1200 16242 1266.9388362660 0.0000 
1205 16308 1266.9388362660 0.0000 
1210 16375 1266.9388362660 0.0000 
1215 16443 1266.9388362660 0.0000 
1220 16511 1266.9388362660 0.0000 
1225 16574 1266.9388362660 0.0000 
1230 16640 1266.9388362660 0.0000 
1235 16707 1266.9388362660 0.0000 
1240 16774 1266.9388362660 0.0000 
1245 16840 1266.9388362660 0.0000 
1250 16905 1266.9388362660 0.0000 
1255 16972 1266.9388362660 0.0000 
1260 17039 1266.9388362660 0.0000 
1265 17106 1266.9388362660 0.0000 
1270 17171 1266.9388362660 0.0000 
1275 17235 1266.9388362660 0.0000 
1280 17303 1266.9388362660 0.0000 
1285 17369 1266.9388362660 0.0000 
1290 17439 1266.9388362660 0.0000 
1295 17508 1266.9388362660 0.0000 
1300 17577 1266.9388362660 0.0000 
1305 17648 1266.9388362660 0.0000 
1310 17718 1266.9388362660 0.0000 
1315 17787 1266.9388362660 0.0000 
1320 17856 1266.9388362660 0.0000 
1325 17926 1266.9388362660 0.0000 
1330 17999 1266.9388362660 0.0000 
1335 18069 1266.9388362660 0.0000 
1340 18140 1266.9388362660 0.0000 
1345 18206 1266.9388362660 0.0000 
1350 18278 1266.9388362660 0.0000 
1355 18349 1266.9388362660 0.0000 
1360 18420 1266.9388362660 0.0000 
1365 18489 1266.9388362660 0.0000 
1370 18557 1266.9388362660 0.0000 
1375 18627 1266.9388362660 0.0000 
1380 18699 1266.9388362660 0.0000 
1385 18771 1266.9388362660 0.0000 
1390 18842 1266.9388362660 0.0000 
1395 18911 1266.9388362660 0.0000 
1400 18983 1266.9388362660 0.0000 
1405 19054 1266.9388362660 0.0000 
1410 19125 1266.9388362660 0.0000 
1415 19193 1266.9388362660 0.0000 
1420 19262 1266.9388362660 0.0000 
1425 19333 1266.9388362660 0.0000 
1430 19404 1266.9388362660 0.0000 
1435 19474 1266.9388362660 0.0000 
1440 19544 1266.9388362660 0.0000 
1445 19613 1266.9388362660 0.0000 
1450 19684 1266.9388362660 0.0000 
1455 19754 1266.9388362660 0.0000 
1460 19824 1266.9388362660 0.0000 
1465 19895 1266.9388362660 0.0000 
1470 19964 1266.9388362660 0.0000 
1475 20036 1266.9388362660 0.0000 
1480 20107 1266.9388362660 0.0000 
1485 20175 1266.9388362660 0.0000 
1490 20246 1266.9388362660 0.0000 
1495 20316 1266.9388362660 0.0000 
1500 20386 1266.9388362660 0.0000 
1505 20456 1266.9388362660 0.0000 
1510 20527 1266.9388362660 0.0000 
1515 20598 1266.9388362660 0.0000 
1520 20670 1266.9388362660 0.0000 
1525 20740 1266.9388362660 0.0000 
1530 20810 1266.9388362660 0.0000 
1535 20879 1266.9388362660 0.0000 
1540 20950 1266.9388362660 0.0000 
1545 21018 1266.9388362660 0.0000 
1550 21088 1266.9388362660 0.0000 
1555 21159 1266.9388362660 0.0000 
1560 21228 1266.9388362660 0.0000 
1565 21297 1266.9388362660 0.0000 
1570 21366 1266.9388362660 0.0000 
1575 21433 1266.9388362660 0.0000 
1580 21505 1266.9388362660 0.0000 
1585 21576 1266.9388362660 0.0000 
1590 21649 1266.9388362660 0.0000 
1595 21719 1266.9388362660 0.0000 
1600 21788 1266.9388362660 0.0000 
1605 21854 1266.9388362660 0.0000 
1610 21925 1266.9388362660 0.0000 
1615 21994 1266.9388362660 0.0000 
1620 22063 1266.9388362660 0.0000 
1625 22133 1266.9388362660 0.0000 
1630 22203 1266.9388362660 0.0000 
1635 22272 1266.9388362660 0.0000 
1640 22342 1266.9388362660 0.0000 
1645 22409 1266.9388362660 0.0000 
1650 22480 1266.9388362660 0.0000 
1655 22546 1266.9388362660 0.0000 
1660 22612 1266.9388362660 0.0000 
1665 22676 1266.9388362660 0.0000 
1670 22740 1266.9388362660 0.0000 
1675 22807 1266.9388362660 0.0000 
1680 22874 1266.9388362660 0.0000 
1685 22938 1266.9388362660 0.0000 
1690 23003 1266.9388362660 0.0000 
1695 23067 1266.9388362660 0.0000 
1700 23133 1266.9388362660 0.0000 
1705 23199 1266.9388362660 0.0000 
1710 23265 1266.9388362660 0.0000 
1715 23329 1266.9388362660 0.0000 
1720 23393 1266.9388362660 0.0000 
1725 23458 1266.9388362660 0.0000 
1730 23525 1266.9388362660 0.0000 
1735 23591 1266.9388362660 0.0000 
1740 23655 1266.9388362660 0.0000 
1745 23718 1266.9388362660 0.0000 
1750 23784 1266.9388362660 0.0000 
1755 23850 1266.9388362660 0.0000 
1760 23916 1266.9388362660 0.0000 
1765 23980 1266.9388362660 0.0000 
1770 24044 1266.9388362660 0.0000 
1775 24108 1266.9388362660 0.0000 
1780 24173 1266.9388362660 0.0000 
1785 24239 1266.9388362660 0.0000 
1790 24306 1266.9388362660 0.0000 
1795 24370 1266.9388362660 0.0000 
1800 24437 1266.9388362660 0.0000 
