0 0 1731.1081759425 0.0000 
5 20 1731.1081759425 0.0000 
10 39 1272.4414589614 0.9136 
15 57 1266.7815304861 0.9177 
20 76 1266.7815304861 0.9177 
25 96 1266.7815304861 0.9177 
30 115 1266.7815304861 0.9177 
35 133 1266.7815304861 0.9177 
40 153 1266.7815304861 0.9177 
45 173 1266.7815304861 0.9177 
50 193 1199.9613004329 0.9688 
55 213 1199.9613004329 0.9688 
60 233 1197.0973899108 0.9711 
65 253 1197.0973899108 0.9711 
70 272 1196.6157416800 0.9715 
75 292 1194.5631081865 0.9732 
80 312 1194.5631081865 0.9732 
85 332 1194.5631081865 0.9732 
90 352 1194.5631081865 0.9732 
95 372 1194.5631081865 0.9732 
100 393 1192.6939110210 0.9747 
105 413 1189.0856616610 0.9777 
110 433 1189.0856616610 0.9777 
115 453 1189.0856616610 0.9777 
120 474 1189.0856616610 0.9777 
125 494 1189.0856616610 0.9777 
130 513 1189.0856616610 0.9777 
135 533 1189.0856616610 0.9777 
140 552 1187.4949528755 0.9790 
145 570 1187.4949528755 0.9790 
150 589 1187.4949528755 0.9790 
155 609 1187.4949528755 0.9790 
160 629 1187.4949528755 0.9790 
165 650 1187.4949528755 0.9790 
170 670 1187.4949528755 0.9790 
175 690 1187.4949528755 0.9790 
180 709 1187.4949528755 0.9790 
185 730 1187.4949528755 0.9790 
190 749 1187.4949528755 0.9790 
195 768 1187.4949528755 0.9790 
200 788 1187.4949528755 0.9790 
205 808 1187.4949528755 0.9790 
210 828 1187.4949528755 0.9790 
215 849 1187.4949528755 0.9790 
220 869 1187.4949528755 0.9790 
225 888 1187.4949528755 0.9790 
230 908 1187.4949528755 0.9790 
235 929 1187.4949528755 0.9790 
240 949 1187.4949528755 0.9790 
245 969 1187.4949528755 0.9790 
250 989 1187.4949528755 0.9790 
255 1010 1187.4949528755 0.9790 
260 1030 1187.4949528755 0.9790 
265 1051 1187.4949528755 0.9790 
270 1069 1187.4949528755 0.9790 
275 1089 1187.4949528755 0.9790 
280 1111 1187.4949528755 0.9790 
285 1130 1187.4949528755 0.9790 
290 1151 1187.4949528755 0.9790 
295 1172 1187.4949528755 0.9790 
300 1193 1187.4949528755 0.9790 
305 1213 1187.4949528755 0.9790 
310 1233 1187.4949528755 0.9790 
315 1254 1187.4949528755 0.9790 
320 1274 1187.4949528755 0.9790 
325 1295 1187.4949528755 0.9790 
330 1315 1187.4949528755 0.9790 
335 1336 1187.4949528755 0.9790 
340 1357 1187.4949528755 0.9790 
345 1378 1187.4949528755 0.9790 
350 1399 1187.4949528755 0.9790 
355 1420 1187.4949528755 0.9790 
360 1440 1187.4949528755 0.9790 
365 1461 1187.4949528755 0.9790 
370 1481 1187.4949528755 0.9790 
375 1501 1187.4949528755 0.9790 
380 1523 1187.4949528755 0.9790 
385 1543 1187.4949528755 0.9790 
390 1565 1187.4949528755 0.9790 
395 1586 1187.4949528755 0.9790 
400 1606 1187.4949528755 0.9790 
405 1628 1187.4949528755 0.9790 
410 1649 1187.4949528755 0.9790 
415 1670 1187.4949528755 0.9790 
420 1691 1187.4949528755 0.9790 
425 1712 1187.4949528755 0.9790 
430 1734 1187.4949528755 0.9790 
435 1755 1187.4949528755 0.9790 
440 1777 1187.4949528755 0.9790 
445 1799 1187.4949528755 0.9790 
450 1820 1187.4949528755 0.9790 
455 1841 1187.4949528755 0.9790 
460 1862 1187.4949528755 0.9790 
465 1884 1187.4949528755 0.9790 
470 1905 1187.4949528755 0.9790 
475 1927 1187.4949528755 0.9790 
480 1948 1187.4949528755 0.9790 
485 1970 1187.4949528755 0.9790 
490 1991 1187.4949528755 0.9790 
495 2013 1187.4949528755 0.9790 
500 2034 1187.4949528755 0.9790 
505 2056 1187.4949528755 0.9790 
510 2077 1187.4949528755 0.9790 
515 2095 1187.4949528755 0.9790 
520 2117 1187.4949528755 0.9790 
525 2139 1187.4949528755 0.9790 
530 2160 1187.4949528755 0.9790 
535 2183 1187.4949528755 0.9790 
540 2204 1187.4949528755 0.9790 
545 2226 1187.4949528755 0.9790 
550 2248 1187.4949528755 0.9790 
555 2270 1187.4949528755 0.9790 
560 2291 1187.4949528755 0.9790 
565 2312 1187.4949528755 0.9790 
570 2334 1187.4949528755 0.9790 
575 2355 1187.4949528755 0.9790 
580 2376 1187.4949528755 0.9790 
585 2398 1187.4949528755 0.9790 
590 2419 1187.4949528755 0.9790 
595 2441 1187.4949528755 0.9790 
600 2463 1187.4949528755 0.9790 
605 2485 1187.4949528755 0.9790 
610 2506 1187.4949528755 0.9790 
615 2527 1187.4949528755 0.9790 
620 2549 1187.4949528755 0.9790 
625 2571 1187.4949528755 0.9790 
630 2589 1187.4949528755 0.9790 
635 2611 1187.4949528755 0.9790 
640 2633 1187.4949528755 0.9790 
645 2655 1187.4949528755 0.9790 
650 2677 1187.4949528755 0.9790 
655 2698 1187.4949528755 0.9790 
660 2720 1187.4949528755 0.9790 
665 2742 1187.4949528755 0.9790 
670 2763 1187.4949528755 0.9790 
675 2784 1187.4949528755 0.9790 
680 2807 1187.4949528755 0.9790 
685 2829 1187.4949528755 0.9790 
690 2850 1187.4949528755 0.9790 
695 2871 1187.4949528755 0.9790 
700 2893 1187.4949528755 0.9790 
705 2915 1187.4949528755 0.9790 
710 2937 1187.4949528755 0.9790 
715 2959 1187.4949528755 0.9790 
720 2980 1187.4949528755 0.9790 
725 3002 1187.4949528755 0.9790 
730 3024 1187.4949528755 0.9790 
735 3046 1187.4949528755 0.9790 
740 3067 1187.4949528755 0.9790 
745 3088 1187.4949528755 0.9790 
750 3110 1187.4949528755 0.9790 
755 3132 1187.4949528755 0.9790 
760 3151 1187.4949528755 0.9790 
765 3172 1187.4949528755 0.9790 
770 3194 1187.4949528755 0.9790 
775 3216 1187.4949528755 0.9790 
780 3238 1187.4949528755 0.9790 
785 3260 1187.4949528755 0.9790 
790 3281 1187.4949528755 0.9790 
795 3303 1187.4949528755 0.9790 
800 3325 1187.4949528755 0.9790 
805 3347 1187.4949528755 0.9790 
810 3369 1187.4949528755 0.9790 
815 3390 1187.4949528755 0.9790 
820 3411 1187.4949528755 0.9790 
825 3433 1187.4949528755 0.9790 
830 3454 1187.4949528755 0.9790 
835 3475 1187.4949528755 0.9790 
840 3497 1187.4949528755 0.9790 
845 3519 1187.4949528755 0.9790 
850 3541 1187.4949528755 0.9790 
855 3563 1187.4949528755 0.9790 
860 3585 1187.4949528755 0.9790 
865 3607 1187.4949528755 0.9790 
870 3629 1187.4949528755 0.9790 
875 3651 1187.4949528755 0.9790 
880 3673 1187.4949528755 0.9790 
885 3690 1187.4949528755 0.9790 
890 3713 1187.4949528755 0.9790 
895 3735 1187.4949528755 0.9790 
900 3757 1187.4949528755 0.9790 
905 3779 1187.4949528755 0.9790 
910 3801 1187.4949528755 0.9790 
915 3823 1187.4949528755 0.9790 
920 3845 1187.4949528755 0.9790 
925 3866 1187.4949528755 0.9790 
930 3888 1187.4949528755 0.9790 
935 3911 1187.4949528755 0.9790 
940 3933 1187.4949528755 0.9790 
945 3955 1187.4949528755 0.9790 
950 3977 1187.4949528755 0.9790 
955 3999 1187.4949528755 0.9790 
960 4021 1187.4949528755 0.9790 
965 4043 1187.4949528755 0.9790 
970 4065 1187.4949528755 0.9790 
975 4088 1187.4949528755 0.9790 
980 4110 1187.4949528755 0.9790 
985 4131 1187.4949528755 0.9790 
990 4153 1187.4949528755 0.9790 
995 4176 1187.4949528755 0.9790 
1000 4198 1187.4949528755 0.9790 
1005 4215 1187.4949528755 0.9790 
1010 4236 1187.4949528755 0.9790 
1015 4258 1187.4949528755 0.9790 
1020 4280 1187.4949528755 0.9790 
1025 4303 1187.4949528755 0.9790 
1030 4325 1187.4949528755 0.9790 
1035 4348 1187.4949528755 0.9790 
1040 4369 1187.4949528755 0.9790 
1045 4392 1187.4949528755 0.9790 
1050 4414 1187.4949528755 0.9790 
1055 4436 1187.4949528755 0.9790 
1060 4459 1187.4949528755 0.9790 
1065 4481 1187.4949528755 0.9790 
1070 4503 1187.4949528755 0.9790 
1075 4526 1187.4949528755 0.9790 
1080 4548 1187.4949528755 0.9790 
1085 4571 1187.4949528755 0.9790 
1090 4592 1187.4949528755 0.9790 
1095 4615 1187.4949528755 0.9790 
1100 4637 1187.4949528755 0.9790 
1105 4660 1187.4949528755 0.9790 
1110 4682 1187.4949528755 0.9790 
1115 4703 1187.4949528755 0.9790 
1120 4725 1187.4949528755 0.9790 
1125 4748 1187.4949528755 0.9790 
1130 4766 1187.4949528755 0.9790 
1135 4788 1187.4949528755 0.9790 
1140 4809 1187.4949528755 0.9790 
1145 4832 1187.4949528755 0.9790 
1150 4855 1187.4949528755 0.9790 
1155 4878 1187.4949528755 0.9790 
1160 4900 1187.4949528755 0.9790 
1165 4923 1187.4949528755 0.9790 
1170 4945 1187.4949528755 0.9790 
1175 4967 1187.4949528755 0.9790 
1180 4989 1187.4949528755 0.9790 
1185 5011 1187.4949528755 0.9790 
1190 5034 1187.4949528755 0.9790 
1195 5056 1187.4949528755 0.9790 
1200 5079 1187.4949528755 0.9790 
1205 5102 1187.4949528755 0.9790 
1210 5124 1187.4949528755 0.9790 
1215 5147 1187.4949528755 0.9790 
1220 5169 1187.4949528755 0.9790 
1225 5191 1187.4949528755 0.9790 
1230 5213 1187.4949528755 0.9790 
1235 5235 1187.4949528755 0.9790 
1240 5258 1187.4949528755 0.9790 
1245 5280 1187.4949528755 0.9790 
1250 5299 1187.4949528755 0.9790 
1255 5321 1187.4949528755 0.9790 
1260 5344 1187.4949528755 0.9790 
1265 5367 1187.4949528755 0.9790 
1270 5389 1187.4949528755 0.9790 
1275 5412 1187.4949528755 0.9790 
1280 5433 1187.4949528755 0.9790 
1285 5456 1187.4949528755 0.9790 
1290 5479 1187.4949528755 0.9790 
1295 5501 1187.4949528755 0.9790 
1300 5523 1187.4949528755 0.9790 
1305 5546 1187.4949528755 0.9790 
1310 5569 1187.4949528755 0.9790 
1315 5592 1187.4949528755 0.9790 
1320 5614 1187.4949528755 0.9790 
1325 5636 1187.4949528755 0.9790 
1330 5659 1187.4949528755 0.9790 
1335 5681 1187.4949528755 0.9790 
1340 5704 1187.4949528755 0.9790 
1345 5726 1187.4949528755 0.9790 
1350 5749 1187.4949528755 0.9790 
1355 5772 1187.4949528755 0.9790 
1360 5796 1187.4949528755 0.9790 
1365 5818 1187.4949528755 0.9790 
1370 5837 1187.4949528755 0.9790 
1375 5859 1187.4949528755 0.9790 
1380 5881 1187.4949528755 0.9790 
1385 5904 1187.4949528755 0.9790 
1390 5926 1187.4949528755 0.9790 
1395 5949 1187.4949528755 0.9790 
1400 5971 1187.4949528755 0.9790 
1405 5994 1187.4949528755 0.9790 
1410 6016 1187.4949528755 0.9790 
1415 6038 1187.4949528755 0.9790 
1420 6060 1187.4949528755 0.9790 
1425 6083 1187.4949528755 0.9790 
1430 6105 1187.4949528755 0.9790 
1435 6128 1187.4949528755 0.9790 
1440 6150 1187.4949528755 0.9790 
1445 6172 1187.4949528755 0.9790 
1450 6194 1187.4949528755 0.9790 
1455 6217 1187.4949528755 0.9790 
1460 6238 1187.4949528755 0.9790 
1465 6261 1187.4949528755 0.9790 
1470 6284 1187.4949528755 0.9790 
1475 6306 1187.4949528755 0.9790 
1480 6328 1187.4949528755 0.9790 
1485 6350 1187.4949528755 0.9790 
1490 6373 1187.4949528755 0.9790 
1495 6392 1187.4949528755 0.9790 
1500 6414 1187.4949528755 0.9790 
1505 6437 1187.4949528755 0.9790 
1510 6459 1187.4949528755 0.9790 
1515 6482 1187.4949528755 0.9790 
1520 6505 1187.4949528755 0.9790 
1525 6528 1187.4949528755 0.9790 
1530 6551 1187.4949528755 0.9790 
1535 6572 1187.4949528755 0.9790 
1540 6595 1187.4949528755 0.9790 
1545 6617 1187.4949528755 0.9790 
1550 6640 1187.4949528755 0.9790 
1555 6662 1187.4949528755 0.9790 
1560 6685 1187.4949528755 0.9790 
1565 6708 1187.4949528755 0.9790 
1570 6730 1187.4949528755 0.9790 
1575 6752 1187.4949528755 0.9790 
1580 6774 1187.4949528755 0.9790 
1585 6796 1187.4949528755 0.9790 
1590 6818 1187.4949528755 0.9790 
1595 6840 1187.4949528755 0.9790 
1600 6862 1187.4949528755 0.9790 
1605 6885 1187.4949528755 0.9790 
1610 6907 1187.4949528755 0.9790 
1615 6925 1187.4949528755 0.9790 
1620 6948 1187.4949528755 0.9790 
1625 6970 1187.4949528755 0.9790 
1630 6992 1187.4949528755 0.9790 
1635 7015 1187.4949528755 0.9790 
1640 7037 1187.4949528755 0.9790 
1645 7059 1187.4949528755 0.9790 
1650 7081 1187.4949528755 0.9790 
1655 7104 1187.4949528755 0.9790 
1660 7126 1187.4949528755 0.9790 
1665 7149 1187.4949528755 0.9790 
1670 7171 1187.4949528755 0.9790 
1675 7192 1187.4949528755 0.9790 
1680 7215 1187.4949528755 0.9790 
1685 7238 1187.4949528755 0.9790 
1690 7261 1187.4949528755 0.9790 
1695 7283 1187.4949528755 0.9790 
1700 7305 1187.4949528755 0.9790 
1705 7328 1187.4949528755 0.9790 
1710 7352 1187.4949528755 0.9790 
1715 7374 1187.4949528755 0.9790 
1720 7396 1187.4949528755 0.9790 
1725 7419 1187.4949528755 0.9790 
1730 7442 1187.4949528755 0.9790 
1735 7465 1187.4949528755 0.9790 
1740 7487 1187.4949528755 0.9790 
1745 7506 1187.4949528755 0.9790 
1750 7528 1187.4949528755 0.9790 
1755 7551 1187.4949528755 0.9790 
1760 7573 1187.4949528755 0.9790 
1765 7595 1187.4949528755 0.9790 
1770 7618 1187.4949528755 0.9790 
1775 7640 1187.4949528755 0.9790 
1780 7663 1187.4949528755 0.9790 
1785 7685 1187.4949528755 0.9790 
1790 7707 1187.4949528755 0.9790 
1795 7731 1187.4949528755 0.9790 
1800 7754 1187.4949528755 0.9790 
