0 0 2347.6762595562 0.0000 
5 11 2347.6762595562 0.0000 
10 22 2347.6762595562 0.0000 
15 32 2347.6762595562 0.0000 
20 43 2347.6762595562 0.0000 
25 53 2347.6762595562 0.0000 
30 63 2347.6762595562 0.0000 
35 74 2347.6762595562 0.0000 
40 84 2347.6762595562 0.0000 
45 95 2347.6762595562 0.0000 
50 105 2347.6762595562 0.0000 
55 115 2347.6762595562 0.0000 
60 124 2347.6762595562 0.0000 
65 134 2347.6762595562 0.0000 
70 145 2347.6762595562 0.0000 
75 155 2347.6762595562 0.0000 
80 165 2347.6762595562 0.0000 
85 176 2347.6762595562 0.0000 
90 186 2347.6762595562 0.0000 
95 197 2347.6762595562 0.0000 
100 207 2347.6762595562 0.0000 
105 217 2347.6762595562 0.0000 
110 228 2347.6762595562 0.0000 
115 239 2347.6762595562 0.0000 
120 249 2347.6762595562 0.0000 
125 260 2347.6762595562 0.0000 
130 270 2347.6762595562 0.0000 
135 281 2347.6762595562 0.0000 
140 291 2347.6762595562 0.0000 
145 301 2347.6762595562 0.0000 
150 312 2347.6762595562 0.0000 
155 322 2347.6762595562 0.0000 
160 332 2347.6762595562 0.0000 
165 342 2347.6762595562 0.0000 
170 352 2347.6762595562 0.0000 
175 361 2347.6762595562 0.0000 
180 371 2347.6762595562 0.0000 
185 381 2347.6762595562 0.0000 
190 392 2347.6762595562 0.0000 
195 402 2347.6762595562 0.0000 
200 413 2347.6762595562 0.0000 
205 423 2347.6762595562 0.0000 
210 434 2347.6762595562 0.0000 
215 444 2347.6762595562 0.0000 
220 455 2347.6762595562 0.0000 
225 465 2347.6762595562 0.0000 
230 476 2347.6762595562 0.0000 
235 485 2347.6762595562 0.0000 
240 496 2347.6762595562 0.0000 
245 506 2347.6762595562 0.0000 
250 516 2347.6762595562 0.0000 
255 527 2347.6762595562 0.0000 
260 538 2347.6762595562 0.0000 
265 548 2347.6762595562 0.0000 
270 559 2347.6762595562 0.0000 
275 569 2347.6762595562 0.0000 
280 580 2347.6762595562 0.0000 
285 591 2347.6762595562 0.0000 
290 601 2347.6762595562 0.0000 
295 609 2347.6762595562 0.0000 
300 619 2347.6762595562 0.0000 
305 630 1461.5049390723 0.9551 
310 641 1461.5049390723 0.9551 
315 651 1461.5049390723 0.9551 
320 661 1461.5049390723 0.9551 
325 672 1461.5049390723 0.9551 
330 683 1461.5049390723 0.9551 
335 693 1461.5049390723 0.9551 
340 703 1461.5049390723 0.9551 
345 714 1461.5049390723 0.9551 
350 724 1461.5049390723 0.9551 
355 735 1461.5049390723 0.9551 
360 745 1461.5049390723 0.9551 
365 755 1461.5049390723 0.9551 
370 765 1461.5049390723 0.9551 
375 776 1461.5049390723 0.9551 
380 787 1461.5049390723 0.9551 
385 797 1461.5049390723 0.9551 
390 807 1461.5049390723 0.9551 
395 818 1461.5049390723 0.9551 
400 829 1461.5049390723 0.9551 
405 839 1461.5049390723 0.9551 
410 849 1461.5049390723 0.9551 
415 858 1461.5049390723 0.9551 
420 868 1461.5049390723 0.9551 
425 879 1461.5049390723 0.9551 
430 890 1461.5049390723 0.9551 
435 900 1461.5049390723 0.9551 
440 911 1461.5049390723 0.9551 
445 921 1461.5049390723 0.9551 
450 932 1461.5049390723 0.9551 
455 942 1461.5049390723 0.9551 
460 952 1461.5049390723 0.9551 
465 963 1461.5049390723 0.9551 
470 973 1461.5049390723 0.9551 
475 984 1461.5049390723 0.9551 
480 994 1461.5049390723 0.9551 
485 1004 1461.5049390723 0.9551 
490 1014 1461.5049390723 0.9551 
495 1025 1461.5049390723 0.9551 
500 1035 1461.5049390723 0.9551 
505 1045 1461.5049390723 0.9551 
510 1056 1461.5049390723 0.9551 
515 1066 1461.5049390723 0.9551 
520 1076 1461.5049390723 0.9551 
525 1087 1461.5049390723 0.9551 
530 1095 1461.5049390723 0.9551 
535 1106 1461.5049390723 0.9551 
540 1117 1461.5049390723 0.9551 
545 1127 1461.5049390723 0.9551 
550 1138 1461.5049390723 0.9551 
555 1148 1461.5049390723 0.9551 
560 1159 1461.5049390723 0.9551 
565 1169 1461.5049390723 0.9551 
570 1180 1438.8625178924 0.9701 
575 1190 1438.8625178924 0.9701 
580 1200 1438.8625178924 0.9701 
585 1210 1436.1875702913 0.9719 
590 1221 1436.1875702913 0.9719 
595 1232 1436.1875702913 0.9719 
600 1241 1436.1875702913 0.9719 
605 1252 1436.1875702913 0.9719 
610 1262 1436.1875702913 0.9719 
615 1273 1436.1875702913 0.9719 
620 1284 1436.1875702913 0.9719 
625 1294 1436.1875702913 0.9719 
630 1304 1436.1875702913 0.9719 
635 1315 1436.1875702913 0.9719 
640 1325 1434.8208725452 0.9728 
645 1335 1434.8208725452 0.9728 
650 1344 1434.8208725452 0.9728 
655 1355 1434.8208725452 0.9728 
660 1366 1434.8208725452 0.9728 
665 1376 1434.8208725452 0.9728 
670 1386 1434.8208725452 0.9728 
675 1396 1434.8208725452 0.9728 
680 1407 1434.8208725452 0.9728 
685 1417 1434.8208725452 0.9728 
690 1428 1434.3257831179 0.9732 
695 1438 1434.3257831179 0.9732 
700 1448 1434.3257831179 0.9732 
705 1458 1434.3257831179 0.9732 
710 1469 1433.4582661800 0.9738 
715 1479 1433.4582661800 0.9738 
720 1489 1433.4582661800 0.9738 
725 1499 1432.9158519249 0.9741 
730 1510 1432.4475625466 0.9745 
735 1520 1432.4475625466 0.9745 
740 1530 1432.4475625466 0.9745 
745 1540 1432.4475625466 0.9745 
750 1551 1432.0230428789 0.9747 
755 1561 1432.0230428789 0.9747 
760 1572 1431.6486640207 0.9750 
765 1580 1431.6486640207 0.9750 
770 1590 1431.6486640207 0.9750 
775 1601 1431.6486640207 0.9750 
780 1611 1431.6486640207 0.9750 
785 1621 1431.6486640207 0.9750 
790 1632 1431.6486640207 0.9750 
795 1642 1431.6486640207 0.9750 
800 1652 1431.6486640207 0.9750 
805 1662 1431.6486640207 0.9750 
810 1673 1431.6486640207 0.9750 
815 1683 1431.6486640207 0.9750 
820 1694 1431.6486640207 0.9750 
825 1704 1431.6486640207 0.9750 
830 1714 1431.6486640207 0.9750 
835 1724 1431.6486640207 0.9750 
840 1735 1431.6486640207 0.9750 
845 1745 1431.6486640207 0.9750 
850 1756 1431.6486640207 0.9750 
855 1766 1431.6486640207 0.9750 
860 1776 1431.6486640207 0.9750 
865 1787 1431.6486640207 0.9750 
870 1798 1431.6486640207 0.9750 
875 1808 1431.6486640207 0.9750 
880 1818 1431.6486640207 0.9750 
885 1828 1431.6486640207 0.9750 
890 1836 1431.6486640207 0.9750 
895 1846 1431.6486640207 0.9750 
900 1857 1431.6486640207 0.9750 
905 1867 1431.6486640207 0.9750 
910 1877 1431.6486640207 0.9750 
915 1888 1431.6486640207 0.9750 
920 1898 1431.6486640207 0.9750 
925 1908 1431.6486640207 0.9750 
930 1919 1431.6486640207 0.9750 
935 1929 1431.6486640207 0.9750 
940 1940 1431.6486640207 0.9750 
945 1950 1431.6486640207 0.9750 
950 1961 1431.6486640207 0.9750 
955 1971 1431.6486640207 0.9750 
960 1982 1431.6486640207 0.9750 
965 1992 1431.6486640207 0.9750 
970 2002 1431.6486640207 0.9750 
975 2012 1431.6486640207 0.9750 
980 2022 1431.6486640207 0.9750 
985 2033 1431.6486640207 0.9750 
990 2043 1431.6486640207 0.9750 
995 2053 1431.6486640207 0.9750 
1000 2064 1431.6486640207 0.9750 
1005 2074 1431.6486640207 0.9750 
1010 2085 1431.6486640207 0.9750 
1015 2093 1431.6486640207 0.9750 
1020 2103 1431.6486640207 0.9750 
1025 2114 1431.6486640207 0.9750 
1030 2124 1431.6486640207 0.9750 
1035 2135 1431.6486640207 0.9750 
1040 2145 1431.6486640207 0.9750 
1045 2156 1431.6486640207 0.9750 
1050 2166 1431.6486640207 0.9750 
1055 2176 1431.6486640207 0.9750 
1060 2186 1431.6486640207 0.9750 
1065 2197 1431.6486640207 0.9750 
1070 2207 1431.6486640207 0.9750 
1075 2218 1431.6486640207 0.9750 
1080 2229 1431.6486640207 0.9750 
1085 2239 1431.6486640207 0.9750 
1090 2250 1431.6486640207 0.9750 
1095 2260 1431.6486640207 0.9750 
1100 2271 1431.6486640207 0.9750 
1105 2281 1431.6486640207 0.9750 
1110 2291 1431.6486640207 0.9750 
1115 2302 1431.6486640207 0.9750 
1120 2312 1431.6486640207 0.9750 
1125 2323 1431.6486640207 0.9750 
1130 2333 1431.6486640207 0.9750 
1135 2341 1431.6486640207 0.9750 
1140 2352 1431.6486640207 0.9750 
1145 2362 1431.6486640207 0.9750 
1150 2373 1431.6486640207 0.9750 
1155 2383 1431.6486640207 0.9750 
1160 2394 1431.6486640207 0.9750 
1165 2403 1431.6486640207 0.9750 
1170 2414 1431.6486640207 0.9750 
1175 2424 1431.6486640207 0.9750 
1180 2435 1431.6486640207 0.9750 
1185 2445 1431.6486640207 0.9750 
1190 2455 1431.6486640207 0.9750 
1195 2466 1431.6486640207 0.9750 
1200 2477 1431.6486640207 0.9750 
1205 2487 1431.6486640207 0.9750 
1210 2498 1431.6486640207 0.9750 
1215 2508 1431.6486640207 0.9750 
1220 2519 1431.6486640207 0.9750 
1225 2529 1431.6486640207 0.9750 
1230 2540 1431.6486640207 0.9750 
1235 2550 1431.6486640207 0.9750 
1240 2560 1431.6486640207 0.9750 
1245 2570 1431.6486640207 0.9750 
1250 2581 1431.6486640207 0.9750 
1255 2590 1431.6486640207 0.9750 
1260 2600 1431.6486640207 0.9750 
1265 2610 1431.6486640207 0.9750 
1270 2620 1431.6486640207 0.9750 
1275 2630 1431.6486640207 0.9750 
1280 2640 1431.6486640207 0.9750 
1285 2650 1431.6486640207 0.9750 
1290 2661 1431.6486640207 0.9750 
1295 2671 1431.6486640207 0.9750 
1300 2682 1431.6486640207 0.9750 
1305 2692 1431.6486640207 0.9750 
1310 2703 1431.6486640207 0.9750 
1315 2713 1431.6486640207 0.9750 
1320 2723 1431.6486640207 0.9750 
1325 2734 1431.6486640207 0.9750 
1330 2745 1431.6486640207 0.9750 
1335 2755 1431.6486640207 0.9750 
1340 2765 1431.6486640207 0.9750 
1345 2776 1431.6486640207 0.9750 
1350 2786 1431.6486640207 0.9750 
1355 2796 1431.6486640207 0.9750 
1360 2806 1431.6486640207 0.9750 
1365 2817 1431.6486640207 0.9750 
1370 2826 1431.6486640207 0.9750 
1375 2836 1431.6486640207 0.9750 
1380 2846 1431.6486640207 0.9750 
1385 2857 1431.6486640207 0.9750 
1390 2868 1431.6486640207 0.9750 
1395 2878 1431.6486640207 0.9750 
1400 2889 1431.6486640207 0.9750 
1405 2899 1431.6486640207 0.9750 
1410 2910 1431.6486640207 0.9750 
1415 2920 1431.6486640207 0.9750 
1420 2931 1429.1723401868 0.9767 
1425 2941 1429.1723401868 0.9767 
1430 2951 1429.1723401868 0.9767 
1435 2961 1429.1723401868 0.9767 
1440 2972 1429.1723401868 0.9767 
1445 2983 1429.1723401868 0.9767 
1450 2993 1429.1723401868 0.9767 
1455 3004 1429.1723401868 0.9767 
1460 3014 1429.1723401868 0.9767 
1465 3024 1429.1723401868 0.9767 
1470 3035 1429.1723401868 0.9767 
1475 3045 1429.1723401868 0.9767 
1480 3055 1429.1723401868 0.9767 
1485 3066 1429.1723401868 0.9767 
1490 3075 1429.1723401868 0.9767 
1495 3085 1429.1723401868 0.9767 
1500 3095 1429.1723401868 0.9767 
1505 3106 1429.1723401868 0.9767 
1510 3116 1429.1723401868 0.9767 
1515 3127 1429.0123843738 0.9768 
1520 3137 1429.0123843738 0.9768 
1525 3147 1429.0123843738 0.9768 
1530 3158 1429.0123843738 0.9768 
1535 3168 1429.0123843738 0.9768 
1540 3179 1428.5440949955 0.9771 
1545 3189 1428.5440949955 0.9771 
1550 3200 1428.5440949955 0.9771 
1555 3210 1428.5440949955 0.9771 
1560 3221 1428.5440949955 0.9771 
1565 3231 1428.5440949955 0.9771 
1570 3242 1428.5440949955 0.9771 
1575 3252 1428.5440949955 0.9771 
1580 3262 1428.5440949955 0.9771 
1585 3273 1428.5440949955 0.9771 
1590 3283 1428.5440949955 0.9771 
1595 3294 1428.5440949955 0.9771 
1600 3304 1428.5440949955 0.9771 
1605 3313 1428.5440949955 0.9771 
1610 3324 1428.5440949955 0.9771 
1615 3334 1428.5440949955 0.9771 
1620 3344 1428.5440949955 0.9771 
1625 3355 1428.5440949955 0.9771 
1630 3366 1428.5440949955 0.9771 
1635 3376 1428.5440949955 0.9771 
1640 3387 1428.5440949955 0.9771 
1645 3397 1428.5440949955 0.9771 
1650 3407 1428.5440949955 0.9771 
1655 3417 1428.5440949955 0.9771 
1660 3428 1428.5440949955 0.9771 
1665 3438 1428.5440949955 0.9771 
1670 3449 1428.5440949955 0.9771 
1675 3459 1428.5440949955 0.9771 
1680 3469 1428.5440949955 0.9771 
1685 3480 1428.5440949955 0.9771 
1690 3490 1428.5440949955 0.9771 
1695 3500 1428.5440949955 0.9771 
1700 3511 1428.5440949955 0.9771 
1705 3521 1428.5440949955 0.9771 
1710 3531 1428.5440949955 0.9771 
1715 3541 1428.5440949955 0.9771 
1720 3552 1428.5440949955 0.9771 
1725 3561 1428.5440949955 0.9771 
1730 3571 1428.5440949955 0.9771 
1735 3582 1428.5440949955 0.9771 
1740 3592 1428.5440949955 0.9771 
1745 3603 1428.5440949955 0.9771 
1750 3614 1428.5440949955 0.9771 
1755 3624 1428.5440949955 0.9771 
1760 3635 1428.5440949955 0.9771 
1765 3645 1428.5440949955 0.9771 
1770 3655 1428.5440949955 0.9771 
1775 3666 1428.5440949955 0.9771 
1780 3676 1428.5440949955 0.9771 
1785 3686 1428.5440949955 0.9771 
1790 3697 1428.5440949955 0.9771 
1795 3707 1428.5440949955 0.9771 
1800 3717 1428.5440949955 0.9771 
