0 0 1527.2214630918 0.0000 
5 34 1527.2214630918 0.0000 
10 67 1527.2214630918 0.0000 
15 102 1527.2214630918 0.0000 
20 136 1527.2214630918 0.0000 
25 169 1527.2214630918 0.0000 
30 202 1527.2214630918 0.0000 
35 235 1527.2214630918 0.0000 
40 268 1527.2214630918 0.0000 
45 300 1527.2214630918 0.0000 
50 334 1527.2214630918 0.0000 
55 363 1527.2214630918 0.0000 
60 397 1527.2214630918 0.0000 
65 430 1527.2214630918 0.0000 
70 463 1527.2214630918 0.0000 
75 496 1527.2214630918 0.0000 
80 527 1527.2214630918 0.0000 
85 560 1527.2214630918 0.0000 
90 592 1527.2214630918 0.0000 
95 626 1527.2214630918 0.0000 
100 660 1527.2214630918 0.0000 
105 692 1527.2214630918 0.0000 
110 725 1527.2214630918 0.0000 
115 758 1527.2214630918 0.0000 
120 791 1527.2214630918 0.0000 
125 824 1527.2214630918 0.0000 
130 857 1527.2214630918 0.0000 
135 890 1527.2214630918 0.0000 
140 922 1527.2214630918 0.0000 
145 955 1527.2214630918 0.0000 
150 987 1527.2214630918 0.0000 
155 1020 1527.2214630918 0.0000 
160 1052 1527.2214630918 0.0000 
165 1086 1527.2214630918 0.0000 
170 1118 1527.2214630918 0.0000 
175 1151 1527.2214630918 0.0000 
180 1182 1527.2214630918 0.0000 
185 1215 1527.2214630918 0.0000 
190 1248 1527.2214630918 0.0000 
195 1282 1527.2214630918 0.0000 
200 1314 1527.2214630918 0.0000 
205 1348 1527.2214630918 0.0000 
210 1378 1527.2214630918 0.0000 
215 1411 1527.2214630918 0.0000 
220 1441 1055.3390629131 0.9875 
225 1475 1055.3390629131 0.9875 
230 1507 1055.3390629131 0.9875 
235 1541 1055.3390629131 0.9875 
240 1573 1055.3390629131 0.9875 
245 1607 1055.3390629131 0.9875 
250 1638 1055.3390629131 0.9875 
255 1671 1055.2162531742 0.9876 
260 1704 1055.2162531742 0.9876 
265 1737 1055.2162531742 0.9876 
270 1770 1055.2162531742 0.9876 
275 1802 1055.2162531742 0.9876 
280 1835 1055.2162531742 0.9876 
285 1868 1055.2162531742 0.9876 
290 1901 1055.2162531742 0.9876 
295 1935 1055.2162531742 0.9876 
300 1967 1055.2162531742 0.9876 
305 2001 1055.2162531742 0.9876 
310 2033 1055.2162531742 0.9876 
315 2066 1055.2162531742 0.9876 
320 2099 1055.2162531742 0.9876 
325 2132 1055.2162531742 0.9876 
330 2165 1055.2162531742 0.9876 
335 2199 1055.2162531742 0.9876 
340 2230 1055.2162531742 0.9876 
345 2263 1055.2162531742 0.9876 
350 2295 1055.2162531742 0.9876 
355 2325 1055.2162531742 0.9876 
360 2356 1055.2162531742 0.9876 
365 2388 1055.2162531742 0.9876 
370 2419 1055.2162531742 0.9876 
375 2451 1055.2162531742 0.9876 
380 2483 1055.2162531742 0.9876 
385 2508 1055.2162531742 0.9876 
390 2540 1055.2162531742 0.9876 
395 2572 1055.2162531742 0.9876 
400 2604 1055.2162531742 0.9876 
405 2635 1055.2162531742 0.9876 
410 2667 1055.2162531742 0.9876 
415 2698 1055.2162531742 0.9876 
420 2729 1055.2162531742 0.9876 
425 2761 1055.2162531742 0.9876 
430 2792 1055.2162531742 0.9876 
435 2824 1055.2162531742 0.9876 
440 2856 1055.2162531742 0.9876 
445 2888 1055.2162531742 0.9876 
450 2919 1055.2162531742 0.9876 
455 2952 1055.2162531742 0.9876 
460 2983 1055.2162531742 0.9876 
465 3015 1055.2162531742 0.9876 
470 3046 1055.2162531742 0.9876 
475 3078 1055.2162531742 0.9876 
480 3109 1055.2162531742 0.9876 
485 3140 1055.2162531742 0.9876 
490 3172 1055.2162531742 0.9876 
495 3204 1055.2162531742 0.9876 
500 3235 1055.2162531742 0.9876 
505 3266 1055.2162531742 0.9876 
510 3297 1055.2162531742 0.9876 
515 3329 1055.2162531742 0.9876 
520 3361 1055.2162531742 0.9876 
525 3393 1055.2162531742 0.9876 
530 3424 1055.2162531742 0.9876 
535 3456 1055.2162531742 0.9876 
540 3486 1055.2162531742 0.9876 
545 3518 1055.2162531742 0.9876 
550 3549 1055.2162531742 0.9876 
555 3580 1055.2162531742 0.9876 
560 3612 1055.2162531742 0.9876 
565 3644 1055.2162531742 0.9876 
570 3675 1055.2162531742 0.9876 
575 3704 1055.2162531742 0.9876 
580 3729 1055.2162531742 0.9876 
585 3761 1055.2162531742 0.9876 
590 3793 1055.2162531742 0.9876 
595 3825 1055.2162531742 0.9876 
600 3856 1055.2162531742 0.9876 
605 3888 1055.2162531742 0.9876 
610 3920 1055.2162531742 0.9876 
615 3952 1055.2162531742 0.9876 
620 3984 1055.2162531742 0.9876 
625 4017 1055.2162531742 0.9876 
630 4048 1055.2162531742 0.9876 
635 4080 1055.2162531742 0.9876 
640 4112 1055.2162531742 0.9876 
645 4144 1055.2162531742 0.9876 
650 4175 1055.2162531742 0.9876 
655 4207 1055.2162531742 0.9876 
660 4238 1055.2162531742 0.9876 
665 4269 1055.2162531742 0.9876 
670 4300 1055.2162531742 0.9876 
675 4331 1055.2162531742 0.9876 
680 4363 1055.2162531742 0.9876 
685 4395 1055.2162531742 0.9876 
690 4426 1055.2162531742 0.9876 
695 4457 1055.2162531742 0.9876 
700 4489 1055.2162531742 0.9876 
705 4521 1055.2162531742 0.9876 
710 4553 1055.2162531742 0.9876 
715 4585 1055.2162531742 0.9876 
720 4617 1055.2162531742 0.9876 
725 4648 1055.2162531742 0.9876 
730 4681 1055.2162531742 0.9876 
735 4713 1055.2162531742 0.9876 
740 4744 1055.2162531742 0.9876 
745 4777 1055.2162531742 0.9876 
750 4798 1055.2162531742 0.9876 
755 4830 1055.2162531742 0.9876 
760 4861 1055.2162531742 0.9876 
765 4892 1055.2162531742 0.9876 
770 4923 1055.2162531742 0.9876 
775 4955 1055.2162531742 0.9876 
780 4986 1055.2162531742 0.9876 
785 5017 1055.2162531742 0.9876 
790 5048 1055.2162531742 0.9876 
795 5079 1055.2162531742 0.9876 
800 5111 1055.2162531742 0.9876 
805 5143 1055.2162531742 0.9876 
810 5174 1055.2162531742 0.9876 
815 5206 1055.2162531742 0.9876 
820 5237 1055.2162531742 0.9876 
825 5269 1055.2162531742 0.9876 
830 5300 1055.2162531742 0.9876 
835 5332 1055.2162531742 0.9876 
840 5363 1055.2162531742 0.9876 
845 5395 1055.2162531742 0.9876 
850 5427 1055.2162531742 0.9876 
855 5459 1055.2162531742 0.9876 
860 5489 1055.2162531742 0.9876 
865 5521 1055.2162531742 0.9876 
870 5553 1055.2162531742 0.9876 
875 5585 1055.2162531742 0.9876 
880 5616 1055.2162531742 0.9876 
885 5648 1055.2162531742 0.9876 
890 5679 1055.2162531742 0.9876 
895 5709 1055.2162531742 0.9876 
900 5741 1055.2162531742 0.9876 
905 5773 1055.2162531742 0.9876 
910 5805 1055.2162531742 0.9876 
915 5837 1055.2162531742 0.9876 
920 5868 1055.2162531742 0.9876 
925 5899 1055.2162531742 0.9876 
930 5931 1055.2162531742 0.9876 
935 5962 1055.2162531742 0.9876 
940 5994 1055.2162531742 0.9876 
945 6015 1055.2162531742 0.9876 
950 6047 1055.2162531742 0.9876 
955 6079 1055.2162531742 0.9876 
960 6110 1055.2162531742 0.9876 
965 6142 1055.2162531742 0.9876 
970 6174 1055.2162531742 0.9876 
975 6205 1055.2162531742 0.9876 
980 6237 1055.2162531742 0.9876 
985 6269 1055.2162531742 0.9876 
990 6299 1055.2162531742 0.9876 
995 6332 1055.2162531742 0.9876 
1000 6364 1055.2162531742 0.9876 
1005 6396 1055.2162531742 0.9876 
1010 6428 1055.2162531742 0.9876 
1015 6460 1055.2162531742 0.9876 
1020 6492 1055.2162531742 0.9876 
1025 6523 1055.2162531742 0.9876 
1030 6554 1055.2162531742 0.9876 
1035 6586 1055.2162531742 0.9876 
1040 6618 1055.2162531742 0.9876 
1045 6649 1055.2162531742 0.9876 
1050 6680 1055.2162531742 0.9876 
1055 6712 1055.2162531742 0.9876 
1060 6743 1055.2162531742 0.9876 
1065 6775 1055.2162531742 0.9876 
1070 6807 1055.2162531742 0.9876 
1075 6839 1055.2162531742 0.9876 
1080 6870 1055.2162531742 0.9876 
1085 6902 1055.2162531742 0.9876 
1090 6934 1055.2162531742 0.9876 
1095 6965 1055.2162531742 0.9876 
1100 6996 1055.2162531742 0.9876 
1105 7028 1055.2162531742 0.9876 
1110 7060 1055.2162531742 0.9876 
1115 7091 1055.2162531742 0.9876 
1120 7122 1055.2162531742 0.9876 
1125 7143 1055.2162531742 0.9876 
1130 7174 1055.2162531742 0.9876 
1135 7206 1055.2162531742 0.9876 
1140 7238 1055.2162531742 0.9876 
1145 7270 1055.2162531742 0.9876 
1150 7301 1055.2162531742 0.9876 
1155 7332 1055.2162531742 0.9876 
1160 7363 1055.2162531742 0.9876 
1165 7395 1055.2162531742 0.9876 
1170 7427 1055.2162531742 0.9876 
1175 7459 1055.2162531742 0.9876 
1180 7491 1055.2162531742 0.9876 
1185 7522 1055.2162531742 0.9876 
1190 7554 1055.2162531742 0.9876 
1195 7586 1055.2162531742 0.9876 
1200 7618 1055.2162531742 0.9876 
1205 7649 1055.2162531742 0.9876 
1210 7680 1055.2162531742 0.9876 
1215 7712 1055.2162531742 0.9876 
1220 7743 1055.2162531742 0.9876 
1225 7775 1055.2162531742 0.9876 
1230 7807 1055.2162531742 0.9876 
1235 7839 1055.2162531742 0.9876 
1240 7870 1055.2162531742 0.9876 
1245 7902 1055.2162531742 0.9876 
1250 7934 1055.2162531742 0.9876 
1255 7966 1055.2162531742 0.9876 
1260 7998 1055.2162531742 0.9876 
1265 8030 1055.2162531742 0.9876 
1270 8061 1055.2162531742 0.9876 
1275 8093 1055.2162531742 0.9876 
1280 8125 1055.2162531742 0.9876 
1285 8157 1055.2162531742 0.9876 
1290 8189 1055.2162531742 0.9876 
1295 8221 1055.2162531742 0.9876 
1300 8253 1055.2162531742 0.9876 
1305 8274 1055.2162531742 0.9876 
1310 8306 1055.2162531742 0.9876 
1315 8338 1055.2162531742 0.9876 
1320 8369 1055.2162531742 0.9876 
1325 8401 1055.2162531742 0.9876 
1330 8432 1055.2162531742 0.9876 
1335 8467 1055.2162531742 0.9876 
1340 8499 1055.2162531742 0.9876 
1345 8530 1055.2162531742 0.9876 
1350 8562 1055.2162531742 0.9876 
1355 8594 1055.2162531742 0.9876 
1360 8626 1055.2162531742 0.9876 
1365 8657 1055.2162531742 0.9876 
1370 8689 1055.2162531742 0.9876 
1375 8720 1055.2162531742 0.9876 
1380 8752 1055.2162531742 0.9876 
1385 8783 1055.2162531742 0.9876 
1390 8816 1055.2162531742 0.9876 
1395 8848 1055.2162531742 0.9876 
1400 8880 1055.2162531742 0.9876 
1405 8912 1055.2162531742 0.9876 
1410 8944 1055.2162531742 0.9876 
1415 8976 1055.2162531742 0.9876 
1420 9007 1055.2162531742 0.9876 
1425 9038 1055.2162531742 0.9876 
1430 9071 1055.2162531742 0.9876 
1435 9103 1055.2162531742 0.9876 
1440 9135 1055.2162531742 0.9876 
1445 9167 1055.2162531742 0.9876 
1450 9199 1055.2162531742 0.9876 
1455 9230 1055.2162531742 0.9876 
1460 9262 1055.2162531742 0.9876 
1465 9294 1055.2162531742 0.9876 
1470 9325 1055.2162531742 0.9876 
1475 9357 1055.2162531742 0.9876 
1480 9388 1055.2162531742 0.9876 
1485 9420 1055.2162531742 0.9876 
1490 9442 1055.2162531742 0.9876 
1495 9473 1055.2162531742 0.9876 
1500 9506 1055.2162531742 0.9876 
1505 9539 1055.2162531742 0.9876 
1510 9572 1055.2162531742 0.9876 
1515 9604 1055.2162531742 0.9876 
1520 9636 1055.2162531742 0.9876 
1525 9668 1055.2162531742 0.9876 
1530 9699 1055.2162531742 0.9876 
1535 9732 1055.2162531742 0.9876 
1540 9765 1055.2162531742 0.9876 
1545 9798 1055.2162531742 0.9876 
1550 9831 1055.2162531742 0.9876 
1555 9863 1055.2162531742 0.9876 
1560 9896 1055.2162531742 0.9876 
1565 9927 1055.2162531742 0.9876 
1570 9959 1055.2162531742 0.9876 
1575 9991 1055.2162531742 0.9876 
1580 10023 1055.2162531742 0.9876 
1585 10055 1055.2162531742 0.9876 
1590 10087 1055.2162531742 0.9876 
1595 10120 1055.2162531742 0.9876 
1600 10151 1055.2162531742 0.9876 
1605 10183 1055.2162531742 0.9876 
1610 10215 1055.2162531742 0.9876 
1615 10247 1055.2162531742 0.9876 
1620 10280 1055.2162531742 0.9876 
1625 10312 1055.2162531742 0.9876 
1630 10345 1055.2162531742 0.9876 
1635 10376 1055.2162531742 0.9876 
1640 10408 1055.2162531742 0.9876 
1645 10439 1055.2162531742 0.9876 
1650 10471 1055.2162531742 0.9876 
1655 10502 1053.2414453464 0.9894 
1660 10533 1049.7167162720 0.9928 
1665 10565 1049.7167162720 0.9928 
1670 10585 1049.7167162720 0.9928 
1675 10618 1049.7167162720 0.9928 
1680 10651 1049.7167162720 0.9928 
1685 10684 1049.7167162720 0.9928 
1690 10717 1049.7167162720 0.9928 
1695 10751 1049.7167162720 0.9928 
1700 10784 1049.7167162720 0.9928 
1705 10816 1049.7167162720 0.9928 
1710 10849 1049.7167162720 0.9928 
1715 10882 1049.7167162720 0.9928 
1720 10915 1049.7167162720 0.9928 
1725 10948 1049.7167162720 0.9928 
1730 10982 1049.7167162720 0.9928 
1735 11015 1049.7167162720 0.9928 
1740 11047 1049.7167162720 0.9928 
1745 11080 1049.7167162720 0.9928 
1750 11113 1049.7167162720 0.9928 
1755 11145 1049.7167162720 0.9928 
1760 11178 1049.7167162720 0.9928 
1765 11210 1049.7167162720 0.9928 
1770 11243 1049.7167162720 0.9928 
1775 11275 1049.7167162720 0.9928 
1780 11308 1049.7167162720 0.9928 
1785 11341 1049.7167162720 0.9928 
1790 11374 1049.7167162720 0.9928 
1795 11407 1049.7167162720 0.9928 
1800 11440 1049.7167162720 0.9928 
