0 0 796.5437472264 0.0000 0 1176.9858671527 0.0000 0 1229.1655225166 0.0000 0 1715.5291160505 0.0000 0 2102.7477295608 0.0000 0 832.5387599362 0.0000 0 1130.2266580458 0.0000 0 1258.9603407817 0.0000 0 1860.3432310181 0.0000 0 2198.7447534351 0.0000 0 1346.7095002005 0.0000 0 1087.9899709363 0.0000 0 1804.1799984885 0.0000 0 1108.7494145987 0.0000
5 7 591.2620014874 0.8873 8 1040.7331157959 0.8026 4 1009.8981499875 0.8180 2 1608.7128422544 0.6393 1 2102.7477295608 0.0000 17 561.4048268634 0.9894 7 1130.2266580458 0.0000 4 1258.9603407817 0.0000 2 1860.3432310181 0.0000 1 2198.7447534351 0.0000 2 1299.2358452421 0.8021 4 956.5510097387 0.8568 3 1804.1799984885 0.0000 4 1022.8549470570 0.8470
15 33 527.6748210713 0.9942 22 977.0853202406 0.8548 12 875.2920748594 0.9438 5 1404.2878636229 0.7323 2 2102.7477295608 0.0000 44 559.3053836190 0.9931 22 1130.2266580458 0.0000 12 967.2596993560 0.8953 5 1860.3432310181 0.0000 2 2198.7447534351 0.0000 6 1299.2358452421 0.8021 11 886.9478315640 0.9240 8 1804.1799984885 0.0000 11 975.0377581829 0.8886
20 46 527.6748210713 0.9942 30 956.0438233269 0.8737 15 861.6242195320 0.9588 6 1352.4931815769 0.7604 3 2102.7477295608 0.0000 57 556.6791413260 0.9978 30 1130.2266580458 0.0000 15 925.3856059796 0.9358 6 1860.3432310181 0.0000 3 2198.7447534351 0.0000 9 1284.6759544965 0.8112 15 884.0655945723 0.9270 10 1804.1799984885 0.0000 15 955.6497635958 0.9066
35 85 524.6111466425 1.0000 52 923.6282051929 0.9043 27 849.7862365388 0.9722 10 1235.1758241911 0.8326 5 1971.2192568054 0.6552 97 556.6791413260 0.9978 53 1130.2266580458 0.0000 27 902.9346852919 0.9590 10 1860.3432310181 0.0000 5 2198.7447534351 0.0000 15 1232.4871132741 0.8455 25 876.3038906126 0.9352 17 1804.1799984885 0.0000 25 929.7031863750 0.9319
40 99 524.6111466425 1.0000 60 923.6282051929 0.9043 31 844.5501195792 0.9782 12 1191.2231384896 0.8633 6 1845.4364645246 0.6998 110 556.6791413260 0.9978 60 1130.2266580458 0.0000 31 901.7971753229 0.9602 12 1860.3432310181 0.0000 6 2198.7447534351 0.0000 17 1228.5288437858 0.8483 29 864.7397340410 0.9478 20 1804.1799984885 0.0000 29 927.8936079000 0.9337
55 136 524.6111466425 1.0000 82 920.0230319307 0.9079 42 839.3599331152 0.9842 16 1178.5729518188 0.8726 8 1713.6654656789 0.7536 152 555.4302364991 1.0000 84 936.5911808015 0.9713 42 891.0204003937 0.9719 16 1374.9202928330 0.8455 8 2198.7447534351 0.0000 23 1206.2122127340 0.8640 40 851.7890682755 0.9622 26 1804.1799984885 0.0000 38 917.5606984708 0.9442
70 176 524.6111466425 1.0000 106 891.2299913176 0.9372 53 838.6982935187 0.9850 20 1175.1736908779 0.8751 10 1669.0010150198 0.7738 194 555.4302364991 1.0000 108 932.3863312334 0.9756 54 888.2975863648 0.9748 21 1307.2965807961 0.8893 10 2198.7447534351 0.0000 29 1206.2122127340 0.8640 51 850.0486413110 0.9641 34 1804.1799984885 0.0000 49 896.8526210987 0.9660
85 219 524.6111466425 1.0000 129 890.6604842103 0.9378 65 837.7105825785 0.9862 25 1161.1233792484 0.8857 12 1657.4540383991 0.7792 240 555.4302364991 1.0000 132 929.7105977359 0.9785 66 882.9033718495 0.9808 25 1298.5925433259 0.8952 12 2198.7447534351 0.0000 36 1175.1784811735 0.8868 62 843.8588890256 0.9712 42 1804.1799984885 0.0000 61 890.9296928228 0.9724
95 249 524.6111466425 1.0000 146 884.9553836903 0.9438 72 835.0588245690 0.9893 27 1144.3789188863 0.8987 14 1617.0324174326 0.7987 272 555.4302364991 1.0000 149 929.5417667576 0.9786 74 879.9649290515 0.9841 28 1298.1604234110 0.8955 13 2198.7447534351 0.0000 40 1161.4762380880 0.8972 69 843.2128840929 0.9719 47 1804.1799984885 0.0000 68 889.6273726105 0.9739
110 295 524.6111466425 1.0000 171 882.7995191420 0.9461 84 832.8531440743 0.9919 32 1139.0963368064 0.9028 16 1605.5728643999 0.8044 321 555.4302364991 1.0000 175 923.9635131751 0.9845 86 875.7164517217 0.9888 33 1286.6335235554 0.9036 15 2198.7447534351 0.0000 47 1147.1512246459 0.9084 80 840.7753705177 0.9748 54 1804.1799984885 0.0000 80 889.2924574262 0.9742
125 344 524.6111466425 1.0000 197 880.9854622076 0.9481 95 831.8819114600 0.9931 36 1133.5163672430 0.9073 18 1604.1729850733 0.8051 376 555.4302364991 1.0000 201 921.2185289559 0.9875 98 875.7164517217 0.9888 38 1279.7892718873 0.9084 17 2198.7447534351 0.0000 53 1147.1512246459 0.9084 91 840.7753705177 0.9748 62 1804.1799984885 0.0000 91 889.2924574262 0.9742
130 361 524.6111466425 1.0000 206 872.6047562511 0.9572 99 830.8736925822 0.9943 37 1133.5163672430 0.9073 19 1590.9837442884 0.8117 395 555.4302364991 1.0000 210 921.2185289559 0.9875 101 875.7164517217 0.9888 39 1278.6877962336 0.9092 18 2198.7447534351 0.0000 55 1146.9688133089 0.9086 95 837.8104316985 0.9782 64 1804.1799984885 0.0000 95 889.2924574262 0.9742
145 416 524.6111466425 1.0000 233 871.8906832965 0.9580 111 830.8736925822 0.9943 42 1107.4028925580 0.9287 21 1559.0458172654 0.8284 457 555.4302364991 1.0000 238 921.2185289559 0.9875 113 875.7164517217 0.9888 44 1269.1415235397 0.9160 20 2198.7447534351 0.0000 61 1144.9781085239 0.9102 106 836.9421393061 0.9792 72 1804.1799984885 0.0000 107 884.0918123745 0.9800
160 475 524.6111466425 1.0000 261 871.8906832965 0.9580 122 830.8736925822 0.9943 46 1103.2405908161 0.9322 23 1546.6805229463 0.8350 526 555.4302364991 1.0000 266 919.4045570213 0.9894 126 874.0980336075 0.9907 48 1258.2454663898 0.9239 22 2198.7447534351 0.0000 68 1139.0494297889 0.9149 118 836.9026096304 0.9793 80 1804.1799984885 0.0000 119 882.2667534866 0.9820
165 495 524.6111466425 1.0000 271 865.9860403894 0.9645 126 830.8736925822 0.9943 48 1103.2405908161 0.9322 24 1544.8058321182 0.8360 552 555.4302364991 1.0000 276 916.5751072312 0.9925 130 872.9307944623 0.9920 50 1248.7526047969 0.9310 23 2198.7447534351 0.0000 70 1139.0494297889 0.9149 122 836.9026096304 0.9793 82 1804.1799984885 0.0000 122 882.2667534866 0.9820
180 563 524.6111466425 1.0000 300 865.9860403894 0.9645 138 830.8736925822 0.9943 52 1095.1977824193 0.9390 26 1529.9362713379 0.8441 640 555.4302364991 1.0000 305 916.5751072312 0.9925 142 872.7974009611 0.9921 54 1244.6037868419 0.9341 25 1666.1485531155 0.8378 77 1139.0494297889 0.9149 133 831.8721844291 0.9852 89 1804.1799984885 0.0000 134 882.2667534866 0.9820
185 588 524.6111466425 1.0000 310 865.9860403894 0.9645 142 830.8736925822 0.9943 54 1095.1977824193 0.9390 27 1527.8428011031 0.8453 675 555.4302364991 1.0000 316 916.5751072312 0.9925 146 872.6598913984 0.9923 56 1244.6037868419 0.9341 26 1666.1485531155 0.8378 79 1139.0494297889 0.9149 137 827.1104852568 0.9909 91 1804.1799984885 0.0000 138 882.2667534866 0.9820
195 645 524.6111466425 1.0000 331 865.5883674593 0.9650 150 830.8736925822 0.9943 56 1095.1977824193 0.9390 28 1526.9469456819 0.8458 757 555.4302364991 1.0000 337 916.5751072312 0.9925 154 872.6598913984 0.9923 59 1237.0678030131 0.9398 27 1642.9047854119 0.8496 83 1136.6631836946 0.9168 145 827.1104852568 0.9909 97 1718.7357428686 0.8967 147 881.0706345181 0.9833
200 677 524.6111466425 1.0000 341 865.5883674593 0.9650 154 830.8736925822 0.9943 58 1095.1977824193 0.9390 29 1520.8173164564 0.8492 812 555.4302364991 1.0000 347 916.5751072312 0.9925 158 872.6598913984 0.9923 61 1234.3192755682 0.9419 28 1634.9703029845 0.8537 86 1136.0373814232 0.9173 149 827.1104852568 0.9909 99 1718.7357428686 0.8967 151 881.0706345181 0.9833
210 754 524.6111466425 1.0000 363 860.9090949099 0.9702 163 830.8736925822 0.9943 61 1088.1711368183 0.9451 30 1518.1672430629 0.8507 1467 555.4302364991 1.0000 370 916.5751072312 0.9925 167 872.6598913984 0.9923 64 1234.3192755682 0.9419 29 1634.9703029845 0.8537 90 1136.0373814232 0.9173 155 827.1104852568 0.9909 105 1716.8957172294 0.8976 159 881.0706345181 0.9833
215 802 524.6111466425 1.0000 374 859.2769714879 0.9720 167 830.8736925822 0.9943 62 1083.8675207877 0.9488 31 1518.1672430629 0.8507 2357 555.4302364991 1.0000 381 916.5751072312 0.9925 171 872.6598913984 0.9923 65 1234.3192755682 0.9419 30 1634.9703029845 0.8537 91 1136.0373814232 0.9173 159 827.1104852568 0.9909 107 1713.0417086078 0.8997 163 881.0706345181 0.9833
230 1926 524.6111466425 1.0000 409 859.2769714879 0.9720 179 830.8736925822 0.9943 67 1083.4298866085 0.9492 33 1506.3298527599 0.8573 5038 555.4302364991 1.0000 416 916.5751072312 0.9925 184 872.6598913984 0.9923 70 1234.3192755682 0.9419 32 1623.1136808027 0.8600 98 1135.8783986615 0.9174 172 824.9375982630 0.9935 115 1678.0372707239 0.9184 176 870.9641344966 0.9947
245 4291 524.6111466425 1.0000 446 857.6902693642 0.9738 192 830.8736925822 0.9943 71 1081.8333578579 0.9506 35 1496.1689905247 0.8632 7700 555.4302364991 1.0000 454 916.5751072312 0.9925 197 871.4390948013 0.9937 75 1234.3192755682 0.9419 34 1623.1136808027 0.8600 105 1135.8783986615 0.9174 184 823.1009790812 0.9957 123 1678.0372707239 0.9184 188 870.9641344966 0.9947
250 5077 524.6111466425 1.0000 458 857.6902693642 0.9738 196 830.8736925822 0.9943 73 1078.0750039534 0.9539 36 1496.1689905247 0.8632 8595 555.4302364991 1.0000 467 916.5751072312 0.9925 201 871.4390948013 0.9937 76 1234.3192755682 0.9419 35 1623.1136808027 0.8600 108 1135.7394451056 0.9176 188 823.1009790812 0.9957 126 1678.0372707239 0.9184 193 870.9641344966 0.9947
265 7430 524.6111466425 1.0000 499 856.6807303829 0.9750 209 830.8736925822 0.9943 78 1077.4490467525 0.9545 38 1476.8116894780 0.8745 11262 555.4302364991 1.0000 508 916.2891418106 0.9928 214 871.4390948013 0.9937 81 1234.3192755682 0.9419 37 1623.1136808027 0.8600 115 1132.2887375504 0.9204 200 821.1099131815 0.9981 134 1678.0372707239 0.9184 206 870.5657888590 0.9952
280 9790 524.6111466425 1.0000 542 856.6807303829 0.9750 222 830.8736925822 0.9943 82 1076.5120114345 0.9553 40 1469.8546336219 0.8786 13925 555.4302364991 1.0000 554 916.2891418106 0.9928 227 871.4390948013 0.9937 86 1234.3192755682 0.9419 39 1623.1136808027 0.8600 122 1132.2887375504 0.9204 213 821.1099131815 0.9981 142 1678.0372707239 0.9184 219 870.5657888590 0.9952
285 10578 524.6111466425 1.0000 558 856.6807303829 0.9750 226 830.8736925822 0.9943 84 1075.5815366243 0.9562 41 1469.6544602266 0.8787 14813 555.4302364991 1.0000 570 916.2891418106 0.9928 232 871.4390948013 0.9937 87 1234.3192755682 0.9419 40 1613.7080823070 0.8650 124 1132.2887375504 0.9204 217 821.1099131815 0.9981 145 1678.0372707239 0.9184 223 870.5657888590 0.9952
300 12944 524.6111466425 1.0000 607 855.4300611529 0.9764 240 830.8736925822 0.9943 88 1073.3935424656 0.9581 43 1468.5489966714 0.8794 17493 555.4302364991 1.0000 621 916.2891418106 0.9928 246 871.4390948013 0.9937 92 1234.3192755682 0.9419 42 1613.7080823070 0.8650 131 1121.1787012327 0.9295 230 821.1099131815 0.9981 153 1677.1696549519 0.9189 237 870.5657888590 0.9952
315 15294 524.6111466425 1.0000 663 852.9048665283 0.9793 253 830.8736925822 0.9943 93 1072.3224718733 0.9591 45 1460.8006308566 0.8841 20178 555.4302364991 1.0000 681 914.1870494459 0.9951 260 871.4390948013 0.9937 97 1234.3192755682 0.9419 44 1608.1538221831 0.8680 137 1120.5259058062 0.9300 243 821.1099131815 0.9981 162 1677.1696549519 0.9189 250 870.5657888590 0.9952
320 16074 524.6111466425 1.0000 685 852.9048665283 0.9793 258 830.8736925822 0.9943 94 1072.1207314316 0.9592 46 1460.8006308566 0.8841 21074 555.4302364991 1.0000 703 914.1870494459 0.9951 265 871.4390948013 0.9937 98 1231.3409666337 0.9441 45 1608.1538221831 0.8680 139 1120.5259058062 0.9300 247 821.1099131815 0.9981 164 1677.1696549519 0.9189 255 870.5657888590 0.9952
335 18424 524.6111466425 1.0000 760 849.5989794167 0.9831 272 830.8736925822 0.9943 99 1071.9803631982 0.9594 48 1452.9364537848 0.8889 23750 555.4302364991 1.0000 785 914.1870494459 0.9951 279 871.4390948013 0.9937 103 1231.3221193758 0.9441 47 1606.4091001088 0.8689 146 1117.2215774965 0.9328 261 821.1099131815 0.9981 173 1671.0658522136 0.9222 269 870.5657888590 0.9952
340 19224 524.6111466425 1.0000 791 849.5989794167 0.9831 276 830.8736925822 0.9943 100 1071.9803631982 0.9594 49 1452.9364537848 0.8889 24639 555.4302364991 1.0000 820 914.1321107105 0.9951 284 871.3094188264 0.9938 105 1231.3221193758 0.9441 48 1606.4091001088 0.8689 149 1116.9894064322 0.9330 265 821.1099131815 0.9981 176 1669.1973672103 0.9233 274 870.5657888590 0.9952
350 20792 524.6111466425 1.0000 871 849.5989794167 0.9831 286 830.8736925822 0.9943 103 1071.9803631982 0.9594 50 1452.9364537848 0.8889 26429 555.4302364991 1.0000 930 913.4182212366 0.9959 293 869.7740930688 0.9956 108 1231.0979342521 0.9443 49 1606.4091001088 0.8689 154 1114.7960384678 0.9348 274 821.1099131815 0.9981 181 1669.1973672103 0.9233 283 870.5657888590 0.9952
355 21580 524.6111466425 1.0000 941 849.5989794167 0.9831 291 830.8736925822 0.9943 105 1071.9803631982 0.9594 51 1452.9364537848 0.8889 27326 555.4302364991 1.0000 1250 913.4182212366 0.9959 298 869.6267538815 0.9958 109 1231.0979342521 0.9443 50 1606.4091001088 0.8689 156 1114.7960384678 0.9348 279 821.1099131815 0.9981 184 1669.1844580046 0.9233 288 870.5657888590 0.9952
370 23912 524.6111466425 1.0000 2150 849.4218848305 0.9833 305 830.8736925822 0.9943 109 1071.9803631982 0.9594 53 1452.9364537848 0.8889 30000 555.4302364991 1.0000 2514 913.4182212366 0.9959 313 869.6267538815 0.9958 114 1231.0979342521 0.9443 52 1606.4091001088 0.8689 164 1114.2354964817 0.9353 293 821.1099131815 0.9981 192 1665.0124408854 0.9256 303 870.5657888590 0.9952
380 25481 524.6111466425 1.0000 3011 849.4218848305 0.9833 315 830.8736925822 0.9943 113 1071.9803631982 0.9594 55 1451.8925709547 0.8895 31762 555.4302364991 1.0000 3346 913.4182212366 0.9959 323 869.6267538815 0.9958 117 1214.2640085606 0.9574 53 1606.4091001088 0.8689 169 1114.2354964817 0.9353 302 821.1099131815 0.9981 198 1663.7726605220 0.9263 313 870.5657888590 0.9952
390 27075 524.6111466425 1.0000 3865 849.4218848305 0.9833 325 830.8736925822 0.9943 116 1071.9803631982 0.9594 56 1449.2037182099 0.8911 33533 555.4302364991 1.0000 4184 913.4182212366 0.9959 333 869.6267538815 0.9958 121 1214.2276090724 0.9574 55 1585.7242064790 0.8803 174 1113.7293195153 0.9357 312 821.1099131815 0.9981 204 1663.7726605220 0.9263 323 870.5657888590 0.9952
400 28670 524.6111466425 1.0000 4717 849.4218848305 0.9833 335 830.8736925822 0.9943 119 1071.8272402311 0.9595 58 1449.2037182099 0.8911 35330 555.4302364991 1.0000 5018 913.4182212366 0.9959 344 869.6267538815 0.9958 124 1214.2276090724 0.9574 56 1585.7242064790 0.8803 179 1113.7293195153 0.9357 321 821.1099131815 0.9981 210 1663.7726605220 0.9263 333 870.5657888590 0.9952
415 31045 524.6111466425 1.0000 6003 845.1426835379 0.9883 350 830.8736925822 0.9943 124 1071.8272402311 0.9595 60 1448.9934515801 0.8913 38009 555.4302364991 1.0000 6260 913.4182212366 0.9959 360 869.6267538815 0.9958 129 1214.2276090724 0.9574 58 1567.7518473392 0.8904 185 1113.7293195153 0.9357 336 821.1099131815 0.9981 219 1660.9819531646 0.9278 349 870.5657888590 0.9952
425 32629 524.6111466425 1.0000 6849 845.1426835379 0.9883 361 830.8736925822 0.9943 127 1071.7995216581 0.9595 61 1448.9934515801 0.8913 39795 555.4302364991 1.0000 7094 913.4182212366 0.9959 371 869.6267538815 0.9958 132 1214.2276090724 0.9574 60 1567.7518473392 0.8904 190 1113.7293195153 0.9357 346 821.1099131815 0.9981 225 1660.9819531646 0.9278 360 870.5657888590 0.9952
435 34196 524.6111466425 1.0000 7702 845.1426835379 0.9883 371 830.8736925822 0.9943 130 1071.7361557626 0.9596 63 1446.2726262239 0.8930 41582 555.4302364991 1.0000 7941 913.4182212366 0.9959 381 867.8046681346 0.9979 136 1214.2276090724 0.9574 61 1567.7518473392 0.8904 196 1113.0349430200 0.9363 356 821.1099131815 0.9981 231 1660.9819531646 0.9278 370 870.5657888590 0.9952
440 34989 524.6111466425 1.0000 8124 845.1426835379 0.9883 377 830.8736925822 0.9943 132 1071.7361557626 0.9596 64 1446.2726262239 0.8930 42485 555.4302364991 1.0000 8366 913.4182212366 0.9959 386 866.8694711172 0.9989 137 1214.2276090724 0.9574 62 1567.7518473392 0.8904 198 1113.0349430200 0.9363 361 821.1099131815 0.9981 234 1660.9819531646 0.9278 376 870.5657888590 0.9952
450 36571 524.6111466425 1.0000 8981 845.1426835379 0.9883 388 830.8736925822 0.9943 135 1071.7361557626 0.9596 65 1446.2726262239 0.8930 44270 555.4302364991 1.0000 9204 913.4182212366 0.9959 398 866.0404560906 0.9999 141 1214.1285944852 0.9575 63 1567.7518473392 0.8904 203 1113.0349430200 0.9363 371 821.1099131815 0.9981 240 1660.9819531646 0.9278 387 870.5657888590 0.9952
455 37367 524.6111466425 1.0000 9406 845.1426835379 0.9883 393 830.8736925822 0.9943 136 1071.7361557626 0.9596 66 1446.2726262239 0.8930 45152 555.4302364991 1.0000 9625 913.4182212366 0.9959 404 866.0404560906 0.9999 142 1214.1285944852 0.9575 64 1567.7518473392 0.8904 206 1112.1183794569 0.9370 376 821.1099131815 0.9981 243 1660.9819531646 0.9278 393 870.4082046667 0.9954
460 38155 524.6111466425 1.0000 9844 845.1426835379 0.9883 399 830.8736925822 0.9943 138 1071.7361557626 0.9596 67 1446.2726262239 0.8930 46044 555.4302364991 1.0000 10040 913.4182212366 0.9959 410 866.0404560906 0.9999 144 1214.1285944852 0.9575 65 1567.7518473392 0.8904 209 1112.1183794569 0.9370 381 821.1099131815 0.9981 246 1660.9819531646 0.9278 399 870.4082046667 0.9954
470 39746 524.6111466425 1.0000 10702 845.1426835379 0.9883 410 830.8736925822 0.9943 141 1071.7361557626 0.9596 68 1446.2726262239 0.8930 47826 555.4302364991 1.0000 10874 913.4182212366 0.9959 422 865.9445056376 1.0000 147 1214.1285944852 0.9575 66 1567.7518473392 0.8904 214 1112.0542015771 0.9371 392 821.1099131815 0.9981 253 1660.9819531646 0.9278 410 870.4082046667 0.9954
475 40545 524.6111466425 1.0000 11126 845.1426835379 0.9883 416 830.8736925822 0.9943 143 1071.7361557626 0.9596 69 1446.2726262239 0.8930 48717 555.4302364991 1.0000 11296 913.4182212366 0.9959 427 865.9445056376 1.0000 149 1214.1285944852 0.9575 67 1567.7518473392 0.8904 217 1111.9421185398 0.9372 397 821.1099131815 0.9981 256 1660.9819531646 0.9278 416 870.4082046667 0.9954
480 41321 524.6111466425 1.0000 11548 845.1426835379 0.9883 422 830.8736925822 0.9943 144 1071.7361557626 0.9596 70 1446.2726262239 0.8930 49613 555.4302364991 1.0000 11716 913.4182212366 0.9959 433 865.9445056376 1.0000 151 1214.1285944852 0.9575 68 1567.7518473392 0.8904 219 1111.4988562222 0.9376 403 821.1099131815 0.9981 259 1660.9819531646 0.9278 419 870.4082046667 0.9954
490 42902 524.6111466425 1.0000 12402 845.1426835379 0.9883 434 830.8736925822 0.9943 148 1071.7361557626 0.9596 71 1439.3666557732 0.8972 51394 555.4302364991 1.0000 12553 913.4182212366 0.9959 445 865.9445056376 1.0000 154 1214.1285944852 0.9575 69 1567.7518473392 0.8904 225 1111.4988562222 0.9376 413 820.9084335468 0.9984 265 1658.7551295495 0.9291 431 870.4082046667 0.9954
495 43692 524.6111466425 1.0000 12835 845.1426835379 0.9883 440 830.8736925822 0.9943 149 1071.7361557626 0.9596 72 1439.3666557732 0.8972 52284 555.4302364991 1.0000 12974 913.4182212366 0.9959 452 865.9445056376 1.0000 156 1214.1285944852 0.9575 70 1567.7518473392 0.8904 227 1111.4988562222 0.9376 419 820.9084335468 0.9984 269 1657.9096763183 0.9296 437 870.4082046667 0.9954
500 44477 524.6111466425 1.0000 13263 845.1426835379 0.9883 446 830.6970904752 0.9945 151 1071.5697920119 0.9597 73 1438.3795249727 0.8979 53180 555.4302364991 1.0000 13394 913.4182212366 0.9959 458 865.9445056376 1.0000 158 1213.2925482678 0.9582 71 1567.7518473392 0.8904 229 1111.0272041436 0.9380 425 820.9084335468 0.9984 272 1656.8939583512 0.9301 443 870.4082046667 0.9954
510 46074 524.6111466425 1.0000 14126 845.1426835379 0.9883 458 830.6970904752 0.9945 154 1071.5697920119 0.9597 74 1438.3795249727 0.8979 54972 555.4302364991 1.0000 14242 913.4182212366 0.9959 471 865.9445056376 1.0000 161 1213.2925482678 0.9582 72 1567.7518473392 0.8904 234 1111.0272041436 0.9380 436 819.5575441875 1.0000 278 1656.8939583512 0.9301 456 870.4082046667 0.9954
515 46868 524.6111466425 1.0000 14553 845.1426835379 0.9883 465 830.6970904752 0.9945 156 1071.5697920119 0.9597 75 1438.3795249727 0.8979 55862 555.4302364991 1.0000 14660 913.4182212366 0.9959 477 865.9445056376 1.0000 163 1213.2925482678 0.9582 73 1567.7518473392 0.8904 237 1111.0272041436 0.9380 442 819.5575441875 1.0000 282 1652.3995347000 0.9327 462 869.8212473299 0.9960
530 49253 524.6111466425 1.0000 15836 845.1426835379 0.9883 484 830.6970904752 0.9945 161 1071.5206410990 0.9598 77 1438.1387339205 0.8980 58532 555.4302364991 1.0000 15911 913.4182212366 0.9959 497 865.9445056376 1.0000 168 1213.2925482678 0.9582 75 1567.7518473392 0.8904 245 1109.3569261742 0.9394 459 819.5575441875 1.0000 292 1652.3995347000 0.9327 482 869.8212473299 0.9960
535 50039 524.6111466425 1.0000 16267 845.1426835379 0.9883 490 830.6970904752 0.9945 162 1071.5206410990 0.9598 78 1438.1387339205 0.8980 59425 555.4302364991 1.0000 16325 913.4182212366 0.9959 503 865.9445056376 1.0000 170 1213.2925482678 0.9582 76 1567.7518473392 0.8904 248 1109.3569261742 0.9394 465 819.5575441875 1.0000 295 1652.3995347000 0.9327 489 869.8212473299 0.9960
550 52422 524.6111466425 1.0000 17550 845.1426835379 0.9883 510 828.5988402275 0.9970 167 1071.5206410990 0.9598 80 1438.1387339205 0.8980 62094 555.4302364991 1.0000 17596 913.4182212366 0.9959 524 865.9445056376 1.0000 175 1213.2925482678 0.9582 78 1567.7518473392 0.8904 256 1109.3569261742 0.9394 483 819.5575441875 1.0000 304 1652.3995347000 0.9327 509 869.8212473299 0.9960
555 53223 524.6111466425 1.0000 17979 845.1426835379 0.9883 517 828.5988402275 0.9970 169 1070.5435386423 0.9607 81 1438.1387339205 0.8980 62984 555.4302364991 1.0000 18011 913.4182212366 0.9959 531 865.9445056376 1.0000 177 1213.2925482678 0.9582 79 1546.9350541518 0.9023 259 1109.3569261742 0.9394 490 819.5575441875 1.0000 307 1652.3995347000 0.9327 516 869.8212473299 0.9960
570 55559 524.6111466425 1.0000 19282 845.1426835379 0.9883 538 828.5988402275 0.9970 174 1069.2805521672 0.9618 83 1425.9767590635 0.9057 65678 555.4302364991 1.0000 19271 913.4182212366 0.9959 553 865.9445056376 1.0000 182 1213.2925482678 0.9582 81 1546.9350541518 0.9023 268 1109.0864623898 0.9396 507 819.5575441875 1.0000 318 1652.3995347000 0.9327 538 869.8212473299 0.9960
575 56350 524.6111466425 1.0000 19707 845.1426835379 0.9883 546 828.5988402275 0.9970 175 1069.2805521672 0.9618 84 1425.9767590635 0.9057 66572 555.4302364991 1.0000 19692 913.4182212366 0.9959 561 865.9445056376 1.0000 184 1212.8442078805 0.9585 82 1546.9350541518 0.9023 271 1109.0864623898 0.9396 514 819.5575441875 1.0000 321 1652.3995347000 0.9327 546 869.0536619560 0.9969
590 58740 524.6111466425 1.0000 20994 845.1426835379 0.9883 569 828.4197235586 0.9972 180 1069.2805521672 0.9618 86 1424.0468978573 0.9069 69271 555.4302364991 1.0000 20959 913.4182212366 0.9959 584 865.9445056376 1.0000 189 1212.8442078805 0.9585 84 1545.4771814620 0.9032 278 1109.0864623898 0.9396 535 819.5575441875 1.0000 331 1648.3699660878 0.9349 569 869.0536619560 0.9969
595 59533 524.6111466425 1.0000 21419 845.1426835379 0.9883 577 828.4197235586 0.9972 182 1069.2805521672 0.9618 87 1423.2716291468 0.9074 70164 555.4302364991 1.0000 21377 913.4182212366 0.9959 593 865.9445056376 1.0000 191 1212.8442078805 0.9585 85 1545.4771814620 0.9032 281 1109.0864623898 0.9396 542 819.5575441875 1.0000 335 1648.3699660878 0.9349 577 869.0536619560 0.9969
605 61109 524.6111466425 1.0000 22271 845.1426835379 0.9883 593 828.4197235586 0.9972 186 1067.7121506506 0.9632 89 1423.2716291468 0.9074 71944 555.4302364991 1.0000 22212 913.4182212366 0.9959 609 865.9445056376 1.0000 194 1212.8442078805 0.9585 86 1545.4771814620 0.9032 287 1109.0864623898 0.9396 557 819.5575441875 1.0000 342 1644.8011511607 0.9370 594 869.0536619560 0.9969
615 62701 524.6111466425 1.0000 23130 845.1426835379 0.9883 609 828.4197235586 0.9972 189 1067.7121506506 0.9632 90 1421.0851485673 0.9088 73740 555.4302364991 1.0000 23040 913.4182212366 0.9959 626 865.9445056376 1.0000 198 1212.8442078805 0.9585 88 1545.4771814620 0.9032 292 1109.0864623898 0.9396 572 819.5575441875 1.0000 349 1643.4520492028 0.9377 611 869.0536619560 0.9969
625 64286 524.6111466425 1.0000 23987 845.1426835379 0.9883 627 828.4197235586 0.9972 192 1067.7121506506 0.9632 92 1419.5326495854 0.9098 75530 555.4302364991 1.0000 23867 913.4182212366 0.9959 645 865.9445056376 1.0000 201 1212.8054468412 0.9586 89 1545.4771814620 0.9032 298 1109.0864623898 0.9396 588 819.5575441875 1.0000 357 1643.4520492028 0.9377 630 869.0536619560 0.9969
635 65865 524.6111466425 1.0000 24843 845.1426835379 0.9883 646 828.4197235586 0.9972 196 1067.7121506506 0.9632 93 1419.5326495854 0.9098 77335 555.4302364991 1.0000 24696 913.4182212366 0.9959 664 865.9445056376 1.0000 205 1212.8054468412 0.9586 91 1545.2843165188 0.9033 304 1101.7868415633 0.9458 604 819.5575441875 1.0000 364 1643.4520492028 0.9377 649 869.0536619560 0.9969
645 67447 524.6111466425 1.0000 25693 845.1426835379 0.9883 665 828.4197235586 0.9972 199 1067.7121506506 0.9632 95 1416.4041938848 0.9118 79123 555.4302364991 1.0000 25535 913.4182212366 0.9959 684 865.9445056376 1.0000 209 1212.8054468412 0.9586 92 1543.2045806887 0.9045 310 1101.7868415633 0.9458 621 819.5575441875 1.0000 372 1643.4520492028 0.9377 669 869.0536619560 0.9969
655 69021 524.6111466425 1.0000 26549 845.1426835379 0.9883 686 827.3926056185 0.9985 202 1067.7121506506 0.9632 96 1416.4041938848 0.9118 80908 555.4302364991 1.0000 26388 913.4182212366 0.9959 706 865.9445056376 1.0000 212 1212.8054468412 0.9586 94 1543.2045806887 0.9045 316 1101.7868415633 0.9458 639 819.5575441875 1.0000 379 1643.4520492028 0.9377 690 869.0536619560 0.9969
665 70597 524.6111466425 1.0000 27398 845.1426835379 0.9883 708 827.3926056185 0.9985 206 1067.7121506506 0.9632 98 1416.4041938848 0.9118 82698 555.4302364991 1.0000 27236 913.4182212366 0.9959 730 865.9445056376 1.0000 216 1212.8054468412 0.9586 95 1543.2045806887 0.9045 322 1101.7868415633 0.9458 658 819.5575441875 1.0000 387 1639.4953159808 0.9400 713 869.0536619560 0.9969
680 72967 524.6111466425 1.0000 28676 845.1426835379 0.9883 746 827.3926056185 0.9985 211 1067.7121506506 0.9632 100 1416.4041938848 0.9118 85370 555.4302364991 1.0000 28507 913.4182212366 0.9959 770 865.9445056376 1.0000 221 1212.2994693750 0.9590 97 1543.2045806887 0.9045 330 1101.4116836128 0.9462 688 819.5575441875 1.0000 398 1636.4059004012 0.9418 752 869.0536619560 0.9969
685 73752 524.6111466425 1.0000 29107 845.1426835379 0.9883 759 827.3926056185 0.9985 213 1067.7121506506 0.9632 101 1416.4041938848 0.9118 86270 555.4302364991 1.0000 28930 913.4182212366 0.9959 784 865.9445056376 1.0000 223 1212.2869307714 0.9590 98 1543.2045806887 0.9045 333 1101.4116836128 0.9462 698 819.5575441875 1.0000 402 1636.4059004012 0.9418 766 869.0536619560 0.9969
690 74536 524.6111466425 1.0000 29532 845.1426835379 0.9883 774 827.3926056185 0.9985 214 1067.7121506506 0.9632 102 1416.4041938848 0.9118 87167 555.4302364991 1.0000 29340 913.4182212366 0.9959 800 865.9445056376 1.0000 225 1212.2869307714 0.9590 99 1543.2045806887 0.9045 337 1101.4116836128 0.9462 709 819.5575441875 1.0000 406 1636.1378044958 0.9419 781 869.0536619560 0.9969
700 76133 524.6111466425 1.0000 30387 845.1426835379 0.9883 806 827.3926056185 0.9985 218 1067.7121506506 0.9632 103 1416.4041938848 0.9118 88953 555.4302364991 1.0000 30177 913.4182212366 0.9959 836 865.9445056376 1.0000 229 1212.2869307714 0.9590 100 1543.2045806887 0.9045 343 1101.4116836128 0.9462 733 819.5575441875 1.0000 413 1636.1378044958 0.9419 815 869.0536619560 0.9969
705 76929 524.6111466425 1.0000 30810 845.1426835379 0.9883 825 827.3926056185 0.9985 220 1066.6134662464 0.9642 104 1416.4041938848 0.9118 89834 555.4302364991 1.0000 30595 913.4182212366 0.9959 858 865.9445056376 1.0000 231 1212.2869307714 0.9590 101 1543.2045806887 0.9045 346 1101.4116836128 0.9462 746 819.5575441875 1.0000 416 1632.8344616839 0.9438 835 869.0536619560 0.9969
710 77719 524.6111466425 1.0000 31237 845.1426835379 0.9883 845 827.3926056185 0.9985 221 1066.6134662464 0.9642 105 1416.4041938848 0.9118 90750 555.4302364991 1.0000 31018 913.4182212366 0.9959 883 865.9445056376 1.0000 233 1212.2869307714 0.9590 102 1543.2045806887 0.9045 349 1101.4116836128 0.9462 759 819.5575441875 1.0000 420 1630.8132598029 0.9450 857 869.0536619560 0.9969
720 79317 524.6111466425 1.0000 32091 845.1426835379 0.9883 897 827.3926056185 0.9985 225 1066.1810203660 0.9646 106 1415.1692299679 0.9126 92547 555.4302364991 1.0000 31847 913.4182212366 0.9959 969 865.9445056376 1.0000 237 1212.1359077808 0.9591 103 1543.2045806887 0.9045 356 1101.4116836128 0.9462 787 819.5575441875 1.0000 429 1630.4316088895 0.9452 919 869.0536619560 0.9969
725 80109 524.6111466425 1.0000 32520 845.1426835379 0.9883 938 827.3926056185 0.9985 227 1064.4254720877 0.9662 107 1415.1692299679 0.9126 93437 555.4302364991 1.0000 32270 913.4182212366 0.9959 1143 865.9445056376 1.0000 238 1211.9203931172 0.9593 104 1543.2045806887 0.9045 359 1101.4116836128 0.9462 803 819.5575441875 1.0000 433 1630.4316088895 0.9452 991 869.0536619560 0.9969
730 80894 524.6111466425 1.0000 32952 845.1426835379 0.9883 1060 827.3926056185 0.9985 228 1064.4254720877 0.9662 108 1414.6235265951 0.9129 94339 555.4302364991 1.0000 32685 913.4182212366 0.9959 1327 865.9445056376 1.0000 240 1211.9203931172 0.9593 105 1543.2045806887 0.9045 362 1101.4116836128 0.9462 820 819.5575441875 1.0000 437 1630.4316088895 0.9452 1196 869.0536619560 0.9969
745 83253 524.6111466425 1.0000 34234 845.1426835379 0.9883 1610 827.3926056185 0.9985 234 1064.1991412568 0.9664 110 1412.8126049385 0.9141 97041 555.4302364991 1.0000 33956 913.4182212366 0.9959 1889 865.9445056376 1.0000 246 1211.7834482989 0.9594 107 1543.2045806887 0.9045 372 1101.4116836128 0.9462 887 819.5575441875 1.0000 450 1630.4316088895 0.9452 1803 869.0536619560 0.9969
750 84028 524.6111466425 1.0000 34662 845.1426835379 0.9883 1792 827.3926056185 0.9985 235 1064.1991412568 0.9664 111 1412.8126049385 0.9141 97951 555.4302364991 1.0000 34377 913.4182212366 0.9959 2073 865.9445056376 1.0000 248 1211.7834482989 0.9594 108 1543.2045806887 0.9045 375 1101.0203892679 0.9465 919 819.5575441875 1.0000 454 1630.4316088895 0.9452 2002 869.0536619560 0.9969
755 84817 524.6111466425 1.0000 35086 845.1426835379 0.9883 1975 827.3926056185 0.9985 237 1064.1991412568 0.9664 112 1411.0858865501 0.9152 98843 555.4302364991 1.0000 34794 913.4182212366 0.9959 2262 865.9445056376 1.0000 250 1211.7834482989 0.9594 109 1543.2045806887 0.9045 377 1101.0203892679 0.9465 989 819.5575441875 1.0000 459 1630.4316088895 0.9452 2207 869.0536619560 0.9969
765 86414 524.6111466425 1.0000 35933 845.1426835379 0.9883 2340 827.3926056185 0.9985 241 1064.1991412568 0.9664 113 1411.0858865501 0.9152 100623 555.4302364991 1.0000 35630 913.4182212366 0.9959 2631 865.9445056376 1.0000 254 1211.7834482989 0.9594 110 1543.2045806887 0.9045 384 1101.0203892679 0.9465 1374 819.5575441875 1.0000 467 1630.4316088895 0.9452 2614 869.0536619560 0.9969
770 87201 524.6111466425 1.0000 36355 845.1426835379 0.9883 2521 827.3926056185 0.9985 243 1064.1991412568 0.9664 114 1411.0858865501 0.9152 101515 555.4302364991 1.0000 36047 913.4182212366 0.9959 2816 865.9445056376 1.0000 256 1211.7834482989 0.9594 111 1543.2045806887 0.9045 387 1097.6270506410 0.9494 1563 819.5575441875 1.0000 472 1630.4316088895 0.9452 2820 869.0536619560 0.9969
775 87984 524.6111466425 1.0000 36787 845.1426835379 0.9883 2699 827.3926056185 0.9985 244 1064.1991412568 0.9664 115 1411.0858865501 0.9152 102407 555.4302364991 1.0000 36468 913.4182212366 0.9959 3000 865.9445056376 1.0000 258 1211.7834482989 0.9594 112 1543.2045806887 0.9045 391 1097.6270506410 0.9494 1757 819.5575441875 1.0000 476 1630.2345966394 0.9453 3023 869.0536619560 0.9969
790 90343 524.6111466425 1.0000 38066 845.1426835379 0.9883 3241 827.3926056185 0.9985 250 1064.1991412568 0.9664 117 1411.0858865501 0.9152 105096 555.4302364991 1.0000 37723 913.4182212366 0.9959 3543 865.9445056376 1.0000 263 1211.7834482989 0.9594 114 1543.2045806887 0.9045 401 1097.5878456486 0.9495 2329 819.5575441875 1.0000 490 1629.1510446927 0.9460 3633 869.0536619560 0.9969
795 91129 524.6111466425 1.0000 38494 845.1426835379 0.9883 3420 827.3926056185 0.9985 252 1064.1991412568 0.9664 118 1411.0858865501 0.9152 105988 555.4302364991 1.0000 38139 913.4182212366 0.9959 3724 865.9445056376 1.0000 265 1211.7834482989 0.9594 115 1543.2045806887 0.9045 405 1097.5878456486 0.9495 2518 819.5575441875 1.0000 495 1629.1510446927 0.9460 3837 869.0536619560 0.9969
800 91917 524.6111466425 1.0000 38924 845.1426835379 0.9883 3601 827.3926056185 0.9985 253 1064.1991412568 0.9664 119 1411.0858865501 0.9152 106893 555.4302364991 1.0000 38552 913.4182212366 0.9959 3908 865.9445056376 1.0000 267 1211.7834482989 0.9594 116 1543.2045806887 0.9045 408 1097.5878456486 0.9495 2710 819.5575441875 1.0000 499 1629.1510446927 0.9460 4039 869.0536619560 0.9969
810 93503 524.6111466425 1.0000 39773 845.1426835379 0.9883 3963 827.3926056185 0.9985 257 1064.1991412568 0.9664 120 1411.0858865501 0.9152 108674 555.4302364991 1.0000 39386 913.4182212366 0.9959 4275 865.9445056376 1.0000 271 1211.7834482989 0.9594 117 1543.2045806887 0.9045 415 1097.5878456486 0.9495 3091 819.5575441875 1.0000 509 1625.0949899080 0.9483 4440 869.0536619560 0.9969
815 94302 524.6111466425 1.0000 40204 845.1426835379 0.9883 4142 827.3926056185 0.9985 259 1063.0958431705 0.9674 121 1411.0858865501 0.9152 109570 555.4302364991 1.0000 39805 913.4182212366 0.9959 4460 865.9445056376 1.0000 273 1211.7834482989 0.9594 118 1543.2045806887 0.9045 419 1097.5878456486 0.9495 3281 819.5575441875 1.0000 513 1625.0949899080 0.9483 4642 869.0536619560 0.9969
820 95092 524.6111466425 1.0000 40624 845.1426835379 0.9883 4325 827.3926056185 0.9985 261 1063.0958431705 0.9674 122 1411.0858865501 0.9152 110471 555.4302364991 1.0000 40232 913.4182212366 0.9959 4643 865.9445056376 1.0000 275 1211.7834482989 0.9594 119 1543.2045806887 0.9045 422 1097.5878456486 0.9495 3472 819.5575441875 1.0000 518 1625.0949899080 0.9483 4843 869.0536619560 0.9969
835 97441 524.6111466425 1.0000 41903 845.1426835379 0.9883 4864 827.3926056185 0.9985 266 1063.0958431705 0.9674 124 1411.0858865501 0.9152 113162 555.4302364991 1.0000 41484 913.4182212366 0.9959 5196 865.9445056376 1.0000 281 1211.7834482989 0.9594 121 1543.2045806887 0.9045 433 1093.8990293775 0.9527 4048 819.5575441875 1.0000 533 1621.8265964625 0.9502 5446 869.0536619560 0.9969
840 98232 524.6111466425 1.0000 42329 845.1426835379 0.9883 5048 827.3926056185 0.9985 268 1063.0958431705 0.9674 125 1410.9409087185 0.9153 114054 555.4302364991 1.0000 41900 913.4182212366 0.9959 5381 865.9445056376 1.0000 283 1211.7834482989 0.9594 122 1543.2045806887 0.9045 435 1093.8990293775 0.9527 4240 819.5575441875 1.0000 538 1621.8265964625 0.9502 5650 869.0536619560 0.9969
850 99800 524.6111466425 1.0000 43181 845.1426835379 0.9883 5417 827.3926056185 0.9985 272 1062.8704550442 0.9676 127 1410.4664101449 0.9156 115845 555.4302364991 1.0000 42739 913.4182212366 0.9959 5752 865.9445056376 1.0000 287 1207.3287493561 0.9629 123 1543.2045806887 0.9045 442 1093.8990293775 0.9527 4620 819.5575441875 1.0000 549 1621.8265964625 0.9502 6052 868.9656160027 0.9970
860 101387 524.6111466425 1.0000 44026 845.1426835379 0.9883 5781 827.3926056185 0.9985 275 1062.0690825047 0.9683 128 1410.4664101449 0.9156 117619 555.4302364991 1.0000 43577 913.4182212366 0.9959 6122 865.9445056376 1.0000 291 1207.3287493561 0.9629 125 1543.2045806887 0.9045 450 1093.8990293775 0.9527 5003 819.5575441875 1.0000 559 1621.6852356019 0.9503 6456 868.6814223768 0.9973
865 102181 524.6111466425 1.0000 44457 845.1426835379 0.9883 5962 827.3926056185 0.9985 277 1062.0690825047 0.9683 129 1410.4664101449 0.9156 118525 555.4302364991 1.0000 43993 913.4182212366 0.9959 6312 865.9445056376 1.0000 293 1207.3287493561 0.9629 126 1543.2045806887 0.9045 454 1093.8990293775 0.9527 5196 819.5575441875 1.0000 565 1621.6852356019 0.9503 6654 868.3603225800 0.9977
875 103756 524.6111466425 1.0000 45317 845.1426835379 0.9883 6322 827.3926056185 0.9985 281 1062.0690825047 0.9683 131 1410.4664101449 0.9156 120316 555.4302364991 1.0000 44828 913.4182212366 0.9959 6679 865.9445056376 1.0000 298 1207.3287493561 0.9629 127 1543.2045806887 0.9045 461 1093.8990293775 0.9527 5580 819.5575441875 1.0000 576 1621.5722732500 0.9504 7052 867.7733652432 0.9984
885 105332 524.6111466425 1.0000 46179 845.1426835379 0.9883 6689 827.3926056185 0.9985 285 1062.0690825047 0.9683 132 1410.3321351597 0.9157 122121 555.4302364991 1.0000 45657 913.4182212366 0.9959 7040 865.9445056376 1.0000 302 1195.4763299908 0.9725 129 1543.2045806887 0.9045 469 1093.8990293775 0.9527 5967 819.5575441875 1.0000 584 1621.5722732500 0.9504 7451 867.7733652432 0.9984
890 106128 524.6111466425 1.0000 46613 845.1426835379 0.9883 6869 827.3926056185 0.9985 287 1062.0690825047 0.9683 133 1410.3321351597 0.9157 123007 555.4302364991 1.0000 46081 913.4182212366 0.9959 7223 865.9445056376 1.0000 304 1195.4763299908 0.9725 130 1543.2045806887 0.9045 473 1093.8990293775 0.9527 6157 819.5575441875 1.0000 590 1621.5722732500 0.9504 7650 867.7733652432 0.9984
900 107711 524.6111466425 1.0000 47472 845.1426835379 0.9883 7235 827.3926056185 0.9985 290 1062.0690825047 0.9683 135 1410.3321351597 0.9157 124790 555.4302364991 1.0000 46919 913.4182212366 0.9959 7593 865.9445056376 1.0000 308 1195.4763299908 0.9725 131 1543.2045806887 0.9045 481 1092.6818281808 0.9537 6537 819.5575441875 1.0000 601 1621.5722732500 0.9504 8048 867.7733652432 0.9984
910 109300 524.6111466425 1.0000 48319 845.1426835379 0.9883 7596 827.3926056185 0.9985 294 1062.0690825047 0.9683 136 1409.4438760529 0.9163 126574 555.4302364991 1.0000 47753 913.4182212366 0.9959 7963 865.9445056376 1.0000 312 1195.2845156697 0.9726 133 1543.2045806887 0.9045 489 1092.6818281808 0.9537 6915 819.5575441875 1.0000 613 1621.5722732500 0.9504 8445 867.7733652432 0.9984
920 110868 524.6111466425 1.0000 49177 845.1426835379 0.9883 7954 827.3926056185 0.9985 298 1062.0690825047 0.9683 138 1409.4438760529 0.9163 128365 555.4302364991 1.0000 48589 913.4182212366 0.9959 8332 865.9445056376 1.0000 316 1194.5123333079 0.9732 134 1543.2045806887 0.9045 497 1092.6818281808 0.9537 7298 819.5575441875 1.0000 626 1621.5722732500 0.9504 8840 867.7733652432 0.9984
925 111658 524.6111466425 1.0000 49599 845.1426835379 0.9883 8140 827.3926056185 0.9985 300 1062.0690825047 0.9683 139 1407.2704087756 0.9177 129266 555.4302364991 1.0000 49013 913.4182212366 0.9959 8520 865.9445056376 1.0000 318 1194.5123333079 0.9732 135 1543.2045806887 0.9045 501 1092.6818281808 0.9537 7495 819.5575441875 1.0000 632 1621.5722732500 0.9504 9040 867.7733652432 0.9984
935 113231 524.6111466425 1.0000 50458 845.1426835379 0.9883 8503 827.3926056185 0.9985 304 1062.0690825047 0.9683 140 1406.5690563032 0.9182 131057 555.4302364991 1.0000 49843 913.4182212366 0.9959 8886 865.9445056376 1.0000 322 1194.5123333079 0.9732 137 1543.2045806887 0.9045 509 1091.0235865493 0.9552 7876 819.5575441875 1.0000 645 1621.5722732500 0.9504 9436 867.7733652432 0.9984
945 114817 524.6111466425 1.0000 51315 845.1426835379 0.9883 8866 827.3926056185 0.9985 308 1062.0690825047 0.9683 142 1406.5690563032 0.9182 132850 555.4302364991 1.0000 50688 913.4182212366 0.9959 9251 865.9445056376 1.0000 327 1194.5123333079 0.9732 138 1543.2045806887 0.9045 516 1091.0235865493 0.9552 8256 819.5575441875 1.0000 658 1621.5722732500 0.9504 9833 867.7733652432 0.9984
950 115600 524.6111466425 1.0000 51739 845.1426835379 0.9883 9044 827.3926056185 0.9985 310 1062.0690825047 0.9683 143 1406.5690563032 0.9182 133740 555.4302364991 1.0000 51102 913.4182212366 0.9959 9433 865.9445056376 1.0000 329 1194.5123333079 0.9732 139 1543.2045806887 0.9045 520 1091.0235865493 0.9552 8447 819.5575441875 1.0000 665 1621.3140533500 0.9505 10033 867.7733652432 0.9984
960 117166 524.6111466425 1.0000 52592 845.1426835379 0.9883 9401 827.3926056185 0.9985 314 1062.0690825047 0.9683 144 1406.5690563032 0.9182 135510 555.4302364991 1.0000 51943 913.4182212366 0.9959 9805 865.9445056376 1.0000 333 1194.5123333079 0.9732 141 1543.2045806887 0.9045 529 1091.0235865493 0.9552 8830 819.5575441875 1.0000 680 1621.3140533500 0.9505 10433 867.6374454720 0.9985
970 118750 524.6111466425 1.0000 53448 845.1426835379 0.9883 9764 827.3926056185 0.9985 318 1062.0454085070 0.9683 146 1405.2079969903 0.9190 137294 555.4302364991 1.0000 52769 913.4182212366 0.9959 10172 865.9445056376 1.0000 338 1194.5123333079 0.9732 142 1543.2045806887 0.9045 538 1091.0235865493 0.9552 9212 819.5575441875 1.0000 695 1621.3140533500 0.9505 10834 867.1290533828 0.9991
975 119556 524.6111466425 1.0000 53879 845.1426835379 0.9883 9952 827.3926056185 0.9985 320 1062.0454085070 0.9683 147 1405.2079969903 0.9190 138188 555.4302364991 1.0000 53185 913.4182212366 0.9959 10360 865.9445056376 1.0000 340 1194.5123333079 0.9732 143 1543.2045806887 0.9045 543 1091.0235865493 0.9552 9404 819.5575441875 1.0000 702 1621.3140533500 0.9505 11031 866.9655377782 0.9993
980 120348 524.6111466425 1.0000 54302 845.1426835379 0.9883 10133 827.3926056185 0.9985 322 1062.0454085070 0.9683 148 1405.2079969903 0.9190 139085 555.4302364991 1.0000 53606 913.4182212366 0.9959 10542 865.9445056376 1.0000 342 1194.5123333079 0.9732 144 1543.2045806887 0.9045 547 1091.0235865493 0.9552 9596 819.5575441875 1.0000 710 1621.3140533500 0.9505 11229 866.9655377782 0.9993
990 121932 524.6111466425 1.0000 55150 845.1426835379 0.9883 10499 827.3926056185 0.9985 326 1062.0454085070 0.9683 149 1405.2079969903 0.9190 140874 555.4302364991 1.0000 54444 913.4182212366 0.9959 10908 865.9445056376 1.0000 346 1194.3293023368 0.9734 145 1543.2045806887 0.9045 556 1091.0235865493 0.9552 9976 819.5575441875 1.0000 727 1621.3140533500 0.9505 11622 866.9655377782 0.9993
995 122726 524.6111466425 1.0000 55573 845.1426835379 0.9883 10681 827.3926056185 0.9985 328 1062.0454085070 0.9683 150 1405.2079969903 0.9190 141769 555.4302364991 1.0000 54857 913.4182212366 0.9959 11092 865.9445056376 1.0000 348 1193.8135320063 0.9738 146 1543.2045806887 0.9045 561 1091.0235865493 0.9552 10166 819.5575441875 1.0000 736 1619.6471680964 0.9515 11822 866.9655377782 0.9993
1000 123523 524.6111466425 1.0000 56001 845.1426835379 0.9883 10865 827.3926056185 0.9985 330 1062.0454085070 0.9683 151 1404.4503586332 0.9195 142669 555.4302364991 1.0000 55271 913.4182212366 0.9959 11274 865.9445056376 1.0000 351 1193.8135320063 0.9738 147 1543.2045806887 0.9045 566 1091.0235865493 0.9552 10355 819.5575441875 1.0000 745 1619.4573726601 0.9516 12022 866.9655377782 0.9993
1005 124312 524.6111466425 1.0000 56426 845.1426835379 0.9883 11046 827.3926056185 0.9985 332 1062.0454085070 0.9683 152 1404.4503586332 0.9195 143562 555.4302364991 1.0000 55695 913.4182212366 0.9959 11459 865.9445056376 1.0000 353 1193.8135320063 0.9738 148 1543.2045806887 0.9045 570 1091.0235865493 0.9552 10543 819.5575441875 1.0000 754 1619.4573726601 0.9516 12220 866.9655377782 0.9993
1015 125886 524.6111466425 1.0000 57282 845.1426835379 0.9883 11412 827.3926056185 0.9985 336 1062.0454085070 0.9683 153 1404.4503586332 0.9195 145329 555.4302364991 1.0000 56544 913.4182212366 0.9959 11829 865.9445056376 1.0000 357 1193.8135320063 0.9738 149 1543.2045806887 0.9045 580 1091.0235865493 0.9552 10930 819.5575441875 1.0000 774 1618.1713374152 0.9524 12617 866.9655377782 0.9993
1020 126676 524.6111466425 1.0000 57706 845.1426835379 0.9883 11594 827.3926056185 0.9985 338 1062.0454085070 0.9683 154 1403.7794429489 0.9200 146238 555.4302364991 1.0000 56960 913.4182212366 0.9959 12016 865.9445056376 1.0000 359 1193.8135320063 0.9738 150 1543.2045806887 0.9045 585 1091.0235865493 0.9552 11124 819.5575441875 1.0000 784 1618.1713374152 0.9524 12812 866.9655377782 0.9993
1025 127479 524.6111466425 1.0000 58131 845.1426835379 0.9883 11778 827.3926056185 0.9985 340 1062.0454085070 0.9683 155 1403.7794429489 0.9200 147145 555.4302364991 1.0000 57375 913.4182212366 0.9959 12199 865.9445056376 1.0000 362 1193.8135320063 0.9738 151 1543.2045806887 0.9045 590 1091.0235865493 0.9552 11314 819.5575441875 1.0000 795 1618.1713374152 0.9524 13009 866.9655377782 0.9993
1030 128273 524.6111466425 1.0000 58553 845.1426835379 0.9883 11959 827.3926056185 0.9985 342 1062.0454085070 0.9683 156 1403.7794429489 0.9200 148031 555.4302364991 1.0000 57796 913.4182212366 0.9959 12378 865.9445056376 1.0000 364 1193.8135320063 0.9738 152 1543.2045806887 0.9045 595 1088.6147087409 0.9573 11504 819.5575441875 1.0000 807 1618.1713374152 0.9524 13203 866.9655377782 0.9993
1035 129049 524.6111466425 1.0000 58974 845.1426835379 0.9883 12144 827.3926056185 0.9985 344 1062.0454085070 0.9683 157 1403.2584864824 0.9203 148925 555.4302364991 1.0000 58217 913.4182212366 0.9959 12551 865.9445056376 1.0000 366 1193.8135320063 0.9738 153 1543.2045806887 0.9045 600 1088.6147087409 0.9573 11698 819.5575441875 1.0000 819 1617.7124807086 0.9527 13399 866.9655377782 0.9993
1045 130637 524.6111466425 1.0000 59822 845.1426835379 0.9883 12505 827.3926056185 0.9985 348 1062.0454085070 0.9683 158 1403.2584864824 0.9203 150736 555.4302364991 1.0000 59059 913.4182212366 0.9959 12916 865.9445056376 1.0000 371 1193.8135320063 0.9738 154 1543.2045806887 0.9045 611 1088.6147087409 0.9573 12077 819.5575441875 1.0000 847 1617.7124807086 0.9527 13798 866.9655377782 0.9993
1050 131422 524.6111466425 1.0000 60246 845.1426835379 0.9883 12685 827.3926056185 0.9985 350 1061.6704509131 0.9687 159 1403.2584864824 0.9203 151636 555.4302364991 1.0000 59473 913.4182212366 0.9959 13100 865.9445056376 1.0000 373 1193.8135320063 0.9738 155 1543.2045806887 0.9045 615 1088.6147087409 0.9573 12266 819.5575441875 1.0000 863 1617.7124807086 0.9527 13995 866.9655377782 0.9993
1055 132212 524.6111466425 1.0000 60674 845.1426835379 0.9883 12869 827.3926056185 0.9985 353 1061.6704509131 0.9687 160 1402.0233878681 0.9211 152516 555.4302364991 1.0000 59894 913.4182212366 0.9959 13279 865.9445056376 1.0000 375 1192.7245560159 0.9747 156 1543.2045806887 0.9045 619 1088.6147087409 0.9573 12456 819.5575441875 1.0000 881 1617.7124807086 0.9527 14191 866.9655377782 0.9993
1060 133004 524.6111466425 1.0000 61099 845.1426835379 0.9883 13051 827.3926056185 0.9985 355 1061.6704509131 0.9687 161 1402.0233878681 0.9211 153409 555.4302364991 1.0000 60308 913.4182212366 0.9959 13465 865.9445056376 1.0000 377 1192.7245560159 0.9747 157 1543.2045806887 0.9045 625 1088.6147087409 0.9573 12647 819.5575441875 1.0000 902 1617.7124807086 0.9527 14388 866.9655377782 0.9993
1065 133813 524.6111466425 1.0000 61525 845.1426835379 0.9883 13227 827.3926056185 0.9985 357 1061.6704509131 0.9687 162 1402.0233878681 0.9211 154300 555.4302364991 1.0000 60732 913.4182212366 0.9959 13649 865.9445056376 1.0000 380 1192.1245901017 0.9752 158 1543.2045806887 0.9045 630 1088.5042842667 0.9574 12838 819.5575441875 1.0000 931 1583.9404357554 0.9730 14588 866.9655377782 0.9993
1075 135390 524.6111466425 1.0000 62380 845.1426835379 0.9883 13588 827.3926056185 0.9985 361 1061.6704509131 0.9687 163 1402.0233878681 0.9211 156097 555.4302364991 1.0000 61559 913.4182212366 0.9959 14017 865.9445056376 1.0000 384 1192.1245901017 0.9752 159 1543.2045806887 0.9045 642 1088.5042842667 0.9574 13220 819.5575441875 1.0000 1124 1572.1878177506 0.9803 14977 866.9655377782 0.9993
1080 136180 524.6111466425 1.0000 62800 845.1426835379 0.9883 13770 827.3926056185 0.9985 363 1061.6704509131 0.9687 164 1402.0233878681 0.9211 156988 555.4302364991 1.0000 61966 913.4182212366 0.9959 14206 865.9445056376 1.0000 387 1192.1245901017 0.9752 160 1543.2045806887 0.9045 648 1088.5042842667 0.9574 13409 819.5575441875 1.0000 1257 1568.6136462820 0.9825 15170 866.9655377782 0.9993
1085 136958 524.6111466425 1.0000 63222 845.1426835379 0.9883 13955 827.3926056185 0.9985 365 1061.6704509131 0.9687 165 1400.8115532205 0.9219 157884 555.4302364991 1.0000 62381 913.4182212366 0.9959 14389 865.9445056376 1.0000 389 1192.1245901017 0.9752 161 1543.2045806887 0.9045 653 1088.5042842667 0.9574 13599 819.5575441875 1.0000 1389 1568.6136462820 0.9825 15370 866.9655377782 0.9993
1090 137730 524.6111466425 1.0000 63645 845.1426835379 0.9883 14137 827.3926056185 0.9985 367 1061.6704509131 0.9687 166 1400.8115532205 0.9219 158785 555.4302364991 1.0000 62798 913.4182212366 0.9959 14571 865.9445056376 1.0000 391 1192.1245901017 0.9752 162 1543.2045806887 0.9045 659 1088.5042842667 0.9574 13791 819.5575441875 1.0000 1526 1566.8409545230 0.9836 15569 866.9655377782 0.9993
1105 140103 524.6111466425 1.0000 64931 845.1426835379 0.9883 14688 827.3926056185 0.9985 373 1061.6704509131 0.9687 168 1399.5845792744 0.9227 161449 555.4302364991 1.0000 64054 913.4182212366 0.9959 15117 865.9445056376 1.0000 399 1191.9153153318 0.9754 164 1543.2045806887 0.9045 678 1083.9097881207 0.9614 14363 819.5575441875 1.0000 1927 1566.7569672252 0.9836 16155 866.9655377782 0.9993
1110 140896 524.6111466425 1.0000 65350 845.1426835379 0.9883 14871 827.3926056185 0.9985 376 1061.6704509131 0.9687 169 1399.5845792744 0.9227 162338 555.4302364991 1.0000 64471 913.4182212366 0.9959 15302 865.9445056376 1.0000 401 1191.9153153318 0.9754 165 1543.2045806887 0.9045 684 1083.9097881207 0.9614 14553 819.5575441875 1.0000 2061 1566.7569672252 0.9836 16351 866.9655377782 0.9993
1115 141687 524.6111466425 1.0000 65773 845.1426835379 0.9883 15053 827.3926056185 0.9985 378 1061.6704509131 0.9687 170 1399.5845792744 0.9227 163225 555.4302364991 1.0000 64891 913.4182212366 0.9959 15484 865.9445056376 1.0000 404 1191.9153153318 0.9754 166 1543.2045806887 0.9045 691 1082.9254696299 0.9623 14745 819.5575441875 1.0000 2199 1565.7250628157 0.9843 16549 866.9655377782 0.9993
1120 142484 524.6111466425 1.0000 66194 845.1426835379 0.9883 15234 827.3926056185 0.9985 380 1061.6704509131 0.9687 171 1399.5845792744 0.9227 164110 555.4302364991 1.0000 65304 913.4182212366 0.9959 15667 865.9445056376 1.0000 406 1191.9153153318 0.9754 167 1543.2045806887 0.9045 698 1082.3628473686 0.9628 14936 819.5575441875 1.0000 2332 1565.7250628157 0.9843 16748 866.9655377782 0.9993
1135 144878 524.6111466425 1.0000 67480 845.1426835379 0.9883 15781 827.3926056185 0.9985 387 1060.8461267609 0.9694 173 1399.5845792744 0.9227 166763 555.4302364991 1.0000 66548 913.4182212366 0.9959 16221 865.9445056376 1.0000 413 1191.9153153318 0.9754 169 1543.2045806887 0.9045 719 1082.3628473686 0.9628 15514 819.5575441875 1.0000 2735 1561.7249922672 0.9868 17342 866.9655377782 0.9993
1140 145670 524.6111466425 1.0000 67903 845.1426835379 0.9883 15961 827.3926056185 0.9985 389 1060.8461267609 0.9694 174 1399.5845792744 0.9227 167651 555.4302364991 1.0000 66969 913.4182212366 0.9959 16408 865.9445056376 1.0000 416 1191.9153153318 0.9754 170 1543.2045806887 0.9045 726 1082.3628473686 0.9628 15704 819.5575441875 1.0000 2870 1561.7249922672 0.9868 17535 866.9655377782 0.9993
1145 146481 524.6111466425 1.0000 68329 845.1426835379 0.9883 16133 827.3926056185 0.9985 391 1060.8461267609 0.9694 175 1399.5845792744 0.9227 168538 555.4302364991 1.0000 67387 913.4182212366 0.9959 16592 865.9445056376 1.0000 418 1191.9153153318 0.9754 171 1543.2045806887 0.9045 734 1082.3628473686 0.9628 15895 819.5575441875 1.0000 3001 1561.7249922672 0.9868 17730 866.9655377782 0.9993
1150 147261 524.6111466425 1.0000 68754 845.1426835379 0.9883 16316 827.3926056185 0.9985 393 1060.8461267609 0.9694 176 1399.5845792744 0.9227 169429 555.4302364991 1.0000 67805 913.4182212366 0.9959 16776 865.9445056376 1.0000 420 1191.9153153318 0.9754 172 1543.2045806887 0.9045 742 1082.3628473686 0.9628 16083 819.5575441875 1.0000 3134 1561.7249922672 0.9868 17927 866.9655377782 0.9993
1160 148835 524.6111466425 1.0000 69599 845.1426835379 0.9883 16670 827.3926056185 0.9985 398 1060.6374075824 0.9696 178 1399.2733016522 0.9229 171193 555.4302364991 1.0000 68639 913.4182212366 0.9959 17144 865.9445056376 1.0000 426 1191.9153153318 0.9754 173 1543.2045806887 0.9045 755 1081.1458560982 0.9639 16461 819.5575441875 1.0000 3400 1561.7249922672 0.9868 18321 866.9655377782 0.9993
1170 150411 524.6111466425 1.0000 70451 845.1426835379 0.9883 17039 827.3926056185 0.9985 402 1060.6374075824 0.9696 179 1399.2733016522 0.9229 172970 555.4302364991 1.0000 69478 913.4182212366 0.9959 17512 865.9445056376 1.0000 431 1191.6089776836 0.9756 175 1543.2045806887 0.9045 774 1080.8567358272 0.9642 16843 819.5575441875 1.0000 3669 1561.0862743181 0.9872 18717 866.9655377782 0.9993
1175 151210 524.6111466425 1.0000 70883 845.1426835379 0.9883 17216 827.3926056185 0.9985 405 1060.6374075824 0.9696 180 1398.1387806876 0.9237 173867 555.4302364991 1.0000 69902 913.4182212366 0.9959 17694 865.9445056376 1.0000 433 1191.6089776836 0.9756 176 1543.2045806887 0.9045 783 1080.8567358272 0.9642 17034 819.5575441875 1.0000 3800 1561.0862743181 0.9872 18918 866.9655377782 0.9993
1185 152807 524.6111466425 1.0000 71734 845.1426835379 0.9883 17576 827.3926056185 0.9985 409 1060.1126217733 0.9701 182 1397.6243601903 0.9240 175626 555.4302364991 1.0000 70738 913.4182212366 0.9959 18066 865.9445056376 1.0000 438 1191.6089776836 0.9756 177 1543.2045806887 0.9045 803 1080.8567358272 0.9642 17413 819.5575441875 1.0000 4071 1561.0862743181 0.9872 19317 866.9655377782 0.9993
1190 153596 524.6111466425 1.0000 72155 845.1426835379 0.9883 17755 827.3926056185 0.9985 411 1060.1126217733 0.9701 183 1397.6243601903 0.9240 176527 555.4302364991 1.0000 71154 913.4182212366 0.9959 18249 865.9445056376 1.0000 441 1191.6089776836 0.9756 178 1543.2045806887 0.9045 814 1080.8567358272 0.9642 17608 819.5575441875 1.0000 4202 1561.0862743181 0.9872 19517 866.9655377782 0.9993
1195 154392 524.6111466425 1.0000 72582 845.1426835379 0.9883 17935 827.3926056185 0.9985 414 1059.8981463714 0.9703 184 1397.6243601903 0.9240 177406 555.4302364991 1.0000 71573 913.4182212366 0.9959 18434 865.9445056376 1.0000 443 1191.6089776836 0.9756 179 1543.2045806887 0.9045 825 1080.8567358272 0.9642 17802 819.5575441875 1.0000 4334 1561.0862743181 0.9872 19720 866.9655377782 0.9993
1205 155972 524.6111466425 1.0000 73432 845.1426835379 0.9883 18299 827.3926056185 0.9985 418 1059.8981463714 0.9703 185 1396.2517804497 0.9249 179194 555.4302364991 1.0000 72410 913.4182212366 0.9959 18802 865.9445056376 1.0000 448 1191.6089776836 0.9756 181 1543.2045806887 0.9045 852 1080.8567358272 0.9642 18179 819.5575441875 1.0000 4604 1561.0862743181 0.9872 20121 866.9655377782 0.9993
1215 157549 524.6111466425 1.0000 74289 845.1426835379 0.9883 18661 827.3926056185 0.9985 423 1059.8981463714 0.9703 187 1396.0218844673 0.9251 180965 555.4302364991 1.0000 73253 913.4182212366 0.9959 19174 865.9445056376 1.0000 453 1191.6089776836 0.9756 182 1543.2045806887 0.9045 883 1079.2353890735 0.9656 18568 819.5575441875 1.0000 4877 1561.0862743181 0.9872 20518 866.9655377782 0.9993
1220 158334 524.6111466425 1.0000 74712 845.1426835379 0.9883 18840 827.3926056185 0.9985 425 1059.8981463714 0.9703 188 1396.0218844673 0.9251 181849 555.4302364991 1.0000 73669 913.4182212366 0.9959 19362 865.9445056376 1.0000 456 1191.6089776836 0.9756 183 1543.2045806887 0.9045 903 1074.2312756912 0.9701 18758 819.5575441875 1.0000 5012 1561.0862743181 0.9872 20715 866.9655377782 0.9993
1225 159124 524.6111466425 1.0000 75139 845.1426835379 0.9883 19024 827.3926056185 0.9985 427 1059.8981463714 0.9703 189 1396.0218844673 0.9251 182742 555.4302364991 1.0000 74094 913.4182212366 0.9959 19545 865.9445056376 1.0000 459 1191.6089776836 0.9756 184 1543.2045806887 0.9045 927 1071.8329300536 0.9723 18953 819.5575441875 1.0000 5145 1561.0862743181 0.9872 20912 866.9655377782 0.9993
1235 160701 524.6111466425 1.0000 75999 845.1426835379 0.9883 19377 827.3926056185 0.9985 432 1059.8981463714 0.9703 190 1396.0218844673 0.9251 184534 555.4302364991 1.0000 74926 913.4182212366 0.9959 19912 865.9445056376 1.0000 464 1191.6089776836 0.9756 186 1543.2045806887 0.9045 1076 1067.6726249783 0.9761 19337 819.5575441875 1.0000 5410 1561.0862743181 0.9872 21311 866.9655377782 0.9993
1245 162261 524.6111466425 1.0000 76854 845.1426835379 0.9883 19741 827.3926056185 0.9985 437 1059.8981463714 0.9703 192 1396.0218844673 0.9251 186325 555.4302364991 1.0000 75761 913.4182212366 0.9959 20283 865.9445056376 1.0000 469 1191.6089776836 0.9756 187 1543.2045806887 0.9045 1313 1067.6726249783 0.9761 19720 819.5575441875 1.0000 5676 1561.0862743181 0.9872 21706 866.9655377782 0.9993
1250 163054 524.6111466425 1.0000 77281 845.1426835379 0.9883 19919 827.3926056185 0.9985 439 1059.8981463714 0.9703 193 1396.0218844673 0.9251 187215 555.4302364991 1.0000 76179 913.4182212366 0.9959 20466 865.9445056376 1.0000 472 1191.6089776836 0.9756 188 1543.2045806887 0.9045 1431 1067.6726249783 0.9761 19913 819.5575441875 1.0000 5810 1561.0862743181 0.9872 21902 866.9655377782 0.9993
1255 163834 524.6111466425 1.0000 77710 845.1426835379 0.9883 20099 827.3926056185 0.9985 442 1059.8981463714 0.9703 194 1396.0218844673 0.9251 188102 555.4302364991 1.0000 76602 913.4182212366 0.9959 20649 865.9445056376 1.0000 475 1191.6089776836 0.9756 189 1543.2045806887 0.9045 1549 1067.6726249783 0.9761 20105 819.5575441875 1.0000 5945 1561.0862743181 0.9872 22100 866.9655377782 0.9993
1260 164624 524.6111466425 1.0000 78133 845.1426835379 0.9883 20279 827.3926056185 0.9985 444 1059.8981463714 0.9703 195 1396.0218844673 0.9251 188995 555.4302364991 1.0000 77026 913.4182212366 0.9959 20833 865.9445056376 1.0000 477 1191.6089776836 0.9756 190 1543.2045806887 0.9045 1670 1067.6726249783 0.9761 20294 819.5575441875 1.0000 6079 1561.0862743181 0.9872 22298 866.9655377782 0.9993
1265 165411 524.6111466425 1.0000 78563 845.1426835379 0.9883 20459 827.3926056185 0.9985 446 1059.8981463714 0.9703 196 1394.0045652849 0.9264 189890 555.4302364991 1.0000 77448 913.4182212366 0.9959 21018 865.9445056376 1.0000 480 1191.6089776836 0.9756 191 1543.2045806887 0.9045 1789 1067.6726249783 0.9761 20483 819.5575441875 1.0000 6215 1561.0862743181 0.9872 22497 866.9655377782 0.9993
1280 167786 524.6111466425 1.0000 79829 845.1426835379 0.9883 20997 827.3926056185 0.9985 454 1059.8981463714 0.9703 198 1391.5260429110 0.9281 192562 555.4302364991 1.0000 78710 913.4182212366 0.9959 21571 865.9445056376 1.0000 489 1191.6089776836 0.9756 193 1543.2045806887 0.9045 2153 1067.6726249783 0.9761 21051 819.5575441875 1.0000 6618 1561.0862743181 0.9872 23087 866.9655377782 0.9993
1285 168575 524.6111466425 1.0000 80253 845.1426835379 0.9883 21179 827.3926056185 0.9985 456 1059.8981463714 0.9703 199 1391.5260429110 0.9281 193450 555.4302364991 1.0000 79127 913.4182212366 0.9959 21754 865.9445056376 1.0000 491 1191.6089776836 0.9756 194 1543.2045806887 0.9045 2276 1067.6726249783 0.9761 21241 819.5575441875 1.0000 6749 1561.0862743181 0.9872 23287 866.9655377782 0.9993
1290 169364 524.6111466425 1.0000 80676 845.1426835379 0.9883 21359 827.3926056185 0.9985 459 1059.8981463714 0.9703 200 1389.4886239588 0.9294 194354 555.4302364991 1.0000 79541 913.4182212366 0.9959 21940 865.9445056376 1.0000 494 1191.6089776836 0.9756 195 1543.2045806887 0.9045 2396 1067.6726249783 0.9761 21433 819.5575441875 1.0000 6886 1561.0862743181 0.9872 23483 866.9655377782 0.9993
1295 170152 524.6111466425 1.0000 81103 845.1426835379 0.9883 21540 827.3926056185 0.9985 461 1059.8981463714 0.9703 201 1389.4886239588 0.9294 195239 555.4302364991 1.0000 79962 913.4182212366 0.9959 22124 865.9445056376 1.0000 497 1191.6089776836 0.9756 196 1511.3020011552 0.9236 2516 1067.6726249783 0.9761 21625 819.5575441875 1.0000 7021 1561.0862743181 0.9872 23677 866.9655377782 0.9993
1305 171742 524.6111466425 1.0000 81945 845.1426835379 0.9883 21904 827.3926056185 0.9985 466 1059.8981463714 0.9703 203 1387.5572438476 0.9307 197015 555.4302364991 1.0000 80805 913.4182212366 0.9959 22490 865.9445056376 1.0000 503 1191.6089776836 0.9756 197 1510.0675725034 0.9244 2753 1067.6726249783 0.9761 22009 819.5575441875 1.0000 7291 1561.0862743181 0.9872 24075 866.9655377782 0.9993
1315 173323 524.6111466425 1.0000 82796 845.1426835379 0.9883 22264 827.3926056185 0.9985 471 1059.8981463714 0.9703 204 1387.5572438476 0.9307 198797 555.4302364991 1.0000 81641 913.4182212366 0.9959 22862 865.9445056376 1.0000 509 1191.6089776836 0.9756 199 1510.0675725034 0.9244 2993 1067.6726249783 0.9761 22396 819.5575441875 1.0000 7556 1560.8562237093 0.9874 24469 866.9655377782 0.9993
1320 174115 524.6111466425 1.0000 83214 845.1426835379 0.9883 22441 827.3926056185 0.9985 474 1059.6889529196 0.9705 205 1387.5572438476 0.9307 199679 555.4302364991 1.0000 82058 913.4182212366 0.9959 23045 865.9445056376 1.0000 512 1191.6089776836 0.9756 200 1510.0675725034 0.9244 3113 1067.6726249783 0.9761 22586 819.5575441875 1.0000 7693 1560.8562237093 0.9874 24667 866.9655377782 0.9993
1325 174906 524.6111466425 1.0000 83643 845.1426835379 0.9883 22619 827.3926056185 0.9985 476 1059.6889529196 0.9705 206 1384.7489176036 0.9326 200576 555.4302364991 1.0000 82481 913.4182212366 0.9959 23227 865.9445056376 1.0000 515 1191.6089776836 0.9756 201 1510.0675725034 0.9244 3234 1067.6726249783 0.9761 22779 819.5575441875 1.0000 7823 1560.8562237093 0.9874 24862 866.9655377782 0.9993
1330 175698 524.6111466425 1.0000 84060 845.1426835379 0.9883 22799 827.3926056185 0.9985 479 1059.6889529196 0.9705 207 1379.1572578136 0.9364 201472 555.4302364991 1.0000 82894 913.4182212366 0.9959 23417 865.9445056376 1.0000 518 1191.6089776836 0.9756 202 1510.0675725034 0.9244 3356 1067.6726249783 0.9761 22966 819.5575441875 1.0000 7958 1560.8562237093 0.9874 25058 866.9655377782 0.9993
1340 177302 524.6111466425 1.0000 84915 845.1426835379 0.9883 23159 827.3926056185 0.9985 484 1059.6889529196 0.9705 209 1379.1572578136 0.9364 203268 555.4302364991 1.0000 83732 913.4182212366 0.9959 23788 865.9445056376 1.0000 524 1191.6089776836 0.9756 203 1509.0351152239 0.9250 3600 1067.6726249783 0.9761 23352 819.5575441875 1.0000 8228 1560.8562237093 0.9874 25452 866.9655377782 0.9993
1345 178097 524.6111466425 1.0000 85341 845.1426835379 0.9883 23340 827.3926056185 0.9985 486 1059.6889529196 0.9705 210 1379.1572578136 0.9364 204159 555.4302364991 1.0000 84144 913.4182212366 0.9959 23970 865.9445056376 1.0000 527 1191.6089776836 0.9756 204 1509.0351152239 0.9250 3718 1067.6726249783 0.9761 23542 819.5575441875 1.0000 8361 1560.8562237093 0.9874 25650 866.9655377782 0.9993
1350 178891 524.6111466425 1.0000 85766 845.1426835379 0.9883 23515 827.3926056185 0.9985 489 1059.6889529196 0.9705 211 1379.1572578136 0.9364 205060 555.4302364991 1.0000 84564 913.4182212366 0.9959 24158 865.9445056376 1.0000 530 1191.6089776836 0.9756 205 1509.0351152239 0.9250 3840 1067.6726249783 0.9761 23734 819.5575441875 1.0000 8495 1560.8562237093 0.9874 25842 866.9655377782 0.9993
1360 180490 524.6111466425 1.0000 86622 845.1426835379 0.9883 23882 827.3926056185 0.9985 494 1059.6889529196 0.9705 212 1379.1572578136 0.9364 206856 555.4302364991 1.0000 85395 913.4182212366 0.9959 24522 865.9445056376 1.0000 535 1191.6089776836 0.9756 207 1509.0351152239 0.9250 4082 1067.6726249783 0.9761 24120 819.5575441875 1.0000 8762 1560.8562237093 0.9874 26242 866.9655377782 0.9993
1365 181281 524.6111466425 1.0000 87048 845.1426835379 0.9883 24062 827.3926056185 0.9985 497 1059.6889529196 0.9705 213 1379.1572578136 0.9364 207744 555.4302364991 1.0000 85819 913.4182212366 0.9959 24705 865.9445056376 1.0000 539 1191.6089776836 0.9756 208 1508.9167068136 0.9251 4204 1067.6726249783 0.9761 24308 819.5575441875 1.0000 8896 1560.8562237093 0.9874 26438 866.9655377782 0.9993
1370 182069 524.6111466425 1.0000 87472 845.1426835379 0.9883 24245 827.3926056185 0.9985 500 1059.6889529196 0.9705 214 1379.1572578136 0.9364 208639 555.4302364991 1.0000 86233 913.4182212366 0.9959 24894 865.9445056376 1.0000 542 1191.6089776836 0.9756 209 1508.9167068136 0.9251 4322 1067.6726249783 0.9761 24502 819.5575441875 1.0000 9028 1560.8562237093 0.9874 26638 866.9655377782 0.9993
1380 183663 524.6111466425 1.0000 88327 845.1426835379 0.9883 24604 827.3926056185 0.9985 505 1058.9218787220 0.9712 216 1379.1572578136 0.9364 210424 555.4302364991 1.0000 87068 913.4182212366 0.9959 25259 865.9445056376 1.0000 548 1191.2735205833 0.9759 210 1508.9167068136 0.9251 4563 1064.0430632625 0.9794 24886 819.5575441875 1.0000 9297 1560.8562237093 0.9874 27030 866.9655377782 0.9993
1385 184460 524.6111466425 1.0000 88759 845.1426835379 0.9883 24784 827.3926056185 0.9985 508 1058.9218787220 0.9712 217 1379.1572578136 0.9364 211312 555.4302364991 1.0000 87482 913.4182212366 0.9959 25443 865.9445056376 1.0000 551 1191.2735205833 0.9759 211 1508.9167068136 0.9251 4681 1064.0147786823 0.9794 25076 819.5575441875 1.0000 9432 1560.8562237093 0.9874 27227 866.9655377782 0.9993
1390 185255 524.6111466425 1.0000 89179 845.1426835379 0.9883 24969 827.3926056185 0.9985 510 1058.9218787220 0.9712 218 1379.1572578136 0.9364 212218 555.4302364991 1.0000 87896 913.4182212366 0.9959 25630 865.9445056376 1.0000 555 1191.2735205833 0.9759 212 1508.9167068136 0.9251 4800 1064.0147786823 0.9794 25270 819.5575441875 1.0000 9564 1560.8562237093 0.9874 27423 866.9655377782 0.9993
1395 186051 524.6111466425 1.0000 89607 845.1426835379 0.9883 25150 827.3926056185 0.9985 513 1058.9218787220 0.9712 219 1379.1572578136 0.9364 213109 555.4302364991 1.0000 88316 913.4182212366 0.9959 25812 865.9445056376 1.0000 558 1191.2735205833 0.9759 213 1508.9167068136 0.9251 4919 1064.0147786823 0.9794 25458 819.5575441875 1.0000 9699 1560.8562237093 0.9874 27620 866.9655377782 0.9993
1405 187636 524.6111466425 1.0000 90465 845.1426835379 0.9883 25505 827.3926056185 0.9985 519 1058.9218787220 0.9712 220 1379.1572578136 0.9364 214892 555.4302364991 1.0000 89151 913.4182212366 0.9959 26180 865.9445056376 1.0000 565 1190.4122658920 0.9766 215 1508.9167068136 0.9251 5163 1064.0147786823 0.9794 25841 819.5575441875 1.0000 9967 1560.7083037925 0.9875 28018 866.9655377782 0.9993
1410 188421 524.6111466425 1.0000 90893 845.1426835379 0.9883 25690 827.3926056185 0.9985 521 1058.9218787220 0.9712 221 1379.1347354312 0.9364 215780 555.4302364991 1.0000 89570 913.4182212366 0.9959 26358 865.9445056376 1.0000 568 1190.4122658920 0.9766 216 1508.9167068136 0.9251 5282 1064.0147786823 0.9794 26034 819.5575441875 1.0000 10101 1560.7083037925 0.9875 28215 866.9655377782 0.9993
1420 190009 524.6111466425 1.0000 91743 845.1426835379 0.9883 26060 827.3926056185 0.9985 527 1058.9218787220 0.9712 223 1378.3397818055 0.9370 217574 555.4302364991 1.0000 90423 913.4182212366 0.9959 26722 865.9445056376 1.0000 575 1190.4122658920 0.9766 217 1508.9167068136 0.9251 5526 1063.3280322064 0.9800 26417 819.5575441875 1.0000 10368 1560.7083037925 0.9875 28607 866.9655377782 0.9993
1425 190811 524.6111466425 1.0000 92167 845.1426835379 0.9883 26237 827.3926056185 0.9985 530 1058.9218787220 0.9712 224 1376.7633590221 0.9380 218461 555.4302364991 1.0000 90848 913.4182212366 0.9959 26905 865.9445056376 1.0000 578 1190.4122658920 0.9766 218 1508.9167068136 0.9251 5642 1063.3280322064 0.9800 26611 819.5575441875 1.0000 10501 1560.7083037925 0.9875 28806 866.9655377782 0.9993
1430 191611 524.6111466425 1.0000 92597 845.1426835379 0.9883 26415 827.3926056185 0.9985 533 1058.9218787220 0.9712 225 1376.7633590221 0.9380 219369 555.4302364991 1.0000 91265 913.4182212366 0.9959 27093 865.9445056376 1.0000 582 1190.4122658920 0.9766 219 1508.9167068136 0.9251 5761 1060.3993813967 0.9828 26802 819.5575441875 1.0000 10634 1560.7083037925 0.9875 29002 866.9655377782 0.9993
1435 192396 524.6111466425 1.0000 93026 845.1426835379 0.9883 26597 827.3926056185 0.9985 536 1058.9218787220 0.9712 226 1376.7633590221 0.9380 220258 555.4302364991 1.0000 91684 913.4182212366 0.9959 27274 865.9445056376 1.0000 585 1190.4122658920 0.9766 220 1508.9167068136 0.9251 5884 1060.3993813967 0.9828 26994 819.5575441875 1.0000 10770 1560.7083037925 0.9875 29199 866.9655377782 0.9993
1440 193187 524.6111466425 1.0000 93448 845.1426835379 0.9883 26778 827.3926056185 0.9985 539 1058.9218787220 0.9712 227 1376.7633590221 0.9380 221143 555.4302364991 1.0000 92098 913.4182212366 0.9959 27455 865.9445056376 1.0000 588 1190.4122658920 0.9766 221 1508.9167068136 0.9251 6008 1060.3993813967 0.9828 27190 819.5575441875 1.0000 10905 1560.7083037925 0.9875 29402 866.9655377782 0.9993
1455 195559 524.6111466425 1.0000 94714 845.1426835379 0.9883 27326 827.3926056185 0.9985 547 1058.9218787220 0.9712 229 1376.7633590221 0.9380 223817 555.4302364991 1.0000 93356 913.4182212366 0.9959 28007 865.9445056376 1.0000 599 1190.4002589871 0.9766 223 1508.1229171531 0.9256 6366 1060.3993813967 0.9828 27756 819.5575441875 1.0000 11315 1560.7083037925 0.9875 29998 866.9655377782 0.9993
1460 196356 524.6111466425 1.0000 95141 845.1426835379 0.9883 27507 827.3926056185 0.9985 550 1058.9218787220 0.9712 230 1376.7633590221 0.9380 224718 555.4302364991 1.0000 93773 913.4182212366 0.9959 28192 865.9445056376 1.0000 602 1189.9212158542 0.9770 224 1508.1229171531 0.9256 6489 1060.3993813967 0.9828 27951 819.5575441875 1.0000 11446 1560.7083037925 0.9875 30196 866.9655377782 0.9993
1465 197148 524.6111466425 1.0000 95567 845.1426835379 0.9883 27685 827.3926056185 0.9985 553 1058.9218787220 0.9712 231 1376.7633590221 0.9380 225598 555.4302364991 1.0000 94190 913.4182212366 0.9959 28375 865.9445056376 1.0000 606 1189.9212158542 0.9770 225 1508.1229171531 0.9256 6606 1060.3993813967 0.9828 28142 819.5575441875 1.0000 11578 1560.7083037925 0.9875 30392 866.9655377782 0.9993
1470 197938 524.6111466425 1.0000 95997 845.1426835379 0.9883 27865 827.3926056185 0.9985 556 1058.9218787220 0.9712 232 1375.8370153984 0.9387 226495 555.4302364991 1.0000 94609 913.4182212366 0.9959 28556 865.9445056376 1.0000 610 1189.9212158542 0.9770 226 1508.1229171531 0.9256 6726 1060.3993813967 0.9828 28334 819.5575441875 1.0000 11717 1559.9804759513 0.9879 30590 866.9655377782 0.9993
1475 198734 524.6111466425 1.0000 96417 845.1426835379 0.9883 28043 827.3926056185 0.9985 559 1058.9218787220 0.9712 233 1375.8370153984 0.9387 227383 555.4302364991 1.0000 95027 913.4182212366 0.9959 28739 865.9445056376 1.0000 613 1189.9212158542 0.9770 227 1508.1229171531 0.9256 6844 1060.3993813967 0.9828 28526 819.5575441875 1.0000 11849 1559.9804759513 0.9879 30788 866.9655377782 0.9993
1480 199522 524.6111466425 1.0000 96843 845.1426835379 0.9883 28225 827.3926056185 0.9985 562 1058.9218787220 0.9712 234 1375.8370153984 0.9387 228276 555.4302364991 1.0000 95444 913.4182212366 0.9959 28921 865.9445056376 1.0000 617 1189.9212158542 0.9770 228 1508.1229171531 0.9256 6964 1060.3993813967 0.9828 28716 819.5575441875 1.0000 11983 1559.9804759513 0.9879 30985 866.9655377782 0.9993
1485 200317 524.6111466425 1.0000 97264 845.1426835379 0.9883 28406 827.3926056185 0.9985 566 1058.9218787220 0.9712 235 1375.8370153984 0.9387 229169 555.4302364991 1.0000 95862 913.4182212366 0.9959 29107 865.9445056376 1.0000 620 1189.9212158542 0.9770 229 1508.1229171531 0.9256 7082 1060.3993813967 0.9828 28905 819.5575441875 1.0000 12120 1559.9804759513 0.9879 31183 866.9655377782 0.9993
1500 202686 524.6111466425 1.0000 98532 845.1426835379 0.9883 28946 827.3926056185 0.9985 575 1058.9218787220 0.9712 237 1375.8370153984 0.9387 231830 555.4302364991 1.0000 97110 913.4182212366 0.9959 29666 865.9445056376 1.0000 632 1189.9212158542 0.9770 231 1508.1229171531 0.9256 7442 1059.9979449380 0.9831 29483 819.5575441875 1.0000 12520 1559.9804759513 0.9879 31783 866.9655377782 0.9993
1505 203485 524.6111466425 1.0000 98963 845.1426835379 0.9883 29119 827.3926056185 0.9985 578 1058.9218787220 0.9712 238 1375.8370153984 0.9387 232711 555.4302364991 1.0000 97527 913.4182212366 0.9959 29849 865.9445056376 1.0000 636 1189.9212158542 0.9770 232 1508.1229171531 0.9256 7561 1059.9979449380 0.9831 29677 819.5575441875 1.0000 12659 1559.9804759513 0.9879 31979 866.9655377782 0.9993
1510 204286 524.6111466425 1.0000 99389 845.1426835379 0.9883 29304 827.3926056185 0.9985 581 1056.6790516248 0.9733 239 1375.8370153984 0.9387 233615 555.4302364991 1.0000 97947 913.4182212366 0.9959 30033 865.9445056376 1.0000 639 1189.9212158542 0.9770 233 1508.1229171531 0.9256 7685 1059.9979449380 0.9831 29866 819.5575441875 1.0000 12791 1559.9804759513 0.9879 32178 866.9655377782 0.9993
1515 205086 524.6111466425 1.0000 99817 845.1426835379 0.9883 29485 827.3926056185 0.9985 584 1056.6790516248 0.9733 240 1375.8370153984 0.9387 234501 555.4302364991 1.0000 98361 913.4182212366 0.9959 30217 865.9445056376 1.0000 643 1189.9212158542 0.9770 234 1508.1229171531 0.9256 7805 1059.9979449380 0.9831 30058 819.5575441875 1.0000 12924 1559.9804759513 0.9879 32379 866.9655377782 0.9993
1520 205897 524.6111466425 1.0000 100245 845.1426835379 0.9883 29671 827.3926056185 0.9985 588 1056.6790516248 0.9733 241 1375.8370153984 0.9387 235409 555.4302364991 1.0000 98779 913.4182212366 0.9959 30405 865.9445056376 1.0000 647 1189.9212158542 0.9770 235 1508.1229171531 0.9256 7927 1059.9979449380 0.9831 30246 819.5575441875 1.0000 13059 1559.9804759513 0.9879 32580 866.9655377782 0.9993
1525 206675 524.6111466425 1.0000 100672 845.1426835379 0.9883 29852 827.3926056185 0.9985 591 1056.6790516248 0.9733 242 1374.8789823069 0.9393 236297 555.4302364991 1.0000 99193 913.4182212366 0.9959 30588 865.9445056376 1.0000 652 1189.9212158542 0.9770 236 1508.1229171531 0.9256 8049 1059.9979449380 0.9831 30440 819.5575441875 1.0000 13191 1559.9804759513 0.9879 32779 866.9655377782 0.9993
1530 207467 524.6111466425 1.0000 101097 845.1426835379 0.9883 30036 827.3926056185 0.9985 594 1056.0889660820 0.9738 243 1374.8789823069 0.9393 237192 555.4302364991 1.0000 99608 913.4182212366 0.9959 30769 865.9445056376 1.0000 656 1189.9212158542 0.9770 237 1508.1229171531 0.9256 8169 1059.9979449380 0.9831 30630 819.5575441875 1.0000 13327 1559.9804759513 0.9879 32976 866.9655377782 0.9993
1540 209050 524.6111466425 1.0000 101961 845.1426835379 0.9883 30397 827.3926056185 0.9985 601 1056.0889660820 0.9738 245 1374.8789823069 0.9393 238987 555.4302364991 1.0000 100442 913.4182212366 0.9959 31130 865.9445056376 1.0000 664 1189.9212158542 0.9770 238 1504.2571836167 0.9279 8407 1059.2807581975 0.9838 31007 819.5575441875 1.0000 13598 1559.9804759513 0.9879 33375 866.9655377782 0.9993
1545 209839 524.6111466425 1.0000 102391 845.1426835379 0.9883 30580 827.3926056185 0.9985 604 1056.0889660820 0.9738 246 1374.8789823069 0.9393 239869 555.4302364991 1.0000 100857 913.4182212366 0.9959 31316 865.9445056376 1.0000 669 1189.9212158542 0.9770 239 1504.2571836167 0.9279 8528 1059.2807581975 0.9838 31197 819.5575441875 1.0000 13734 1559.9804759513 0.9879 33572 866.9655377782 0.9993
1550 210637 524.6111466425 1.0000 102811 845.1426835379 0.9883 30762 827.3926056185 0.9985 608 1056.0889660820 0.9738 247 1374.8789823069 0.9393 240764 555.4302364991 1.0000 101274 913.4182212366 0.9959 31502 865.9445056376 1.0000 673 1189.9212158542 0.9770 240 1504.2571836167 0.9279 8649 1059.2807581975 0.9838 31388 819.5575441875 1.0000 13870 1559.8746925432 0.9880 33772 866.9655377782 0.9993
1560 212205 524.6111466425 1.0000 103661 845.1426835379 0.9883 31121 827.3926056185 0.9985 614 1056.0413906092 0.9738 248 1374.8789823069 0.9393 242557 555.4302364991 1.0000 102117 913.4182212366 0.9959 31870 865.9445056376 1.0000 682 1189.9212158542 0.9770 242 1504.2571836167 0.9279 8895 1059.2807581975 0.9838 31762 819.5575441875 1.0000 14141 1559.4259061318 0.9883 34166 866.9655377782 0.9993
1565 212981 524.6111466425 1.0000 104092 845.1426835379 0.9883 31304 827.3926056185 0.9985 618 1056.0413906092 0.9738 249 1374.8789823069 0.9393 243444 555.4302364991 1.0000 102542 913.4182212366 0.9959 32051 865.9445056376 1.0000 686 1189.9212158542 0.9770 243 1504.2571836167 0.9279 9014 1059.2807581975 0.9838 31951 819.5575441875 1.0000 14272 1559.4259061318 0.9883 34366 866.9655377782 0.9993
1570 213774 524.6111466425 1.0000 104518 845.1426835379 0.9883 31486 827.3926056185 0.9985 622 1056.0413906092 0.9738 250 1374.8789823069 0.9393 244342 555.4302364991 1.0000 102956 913.4182212366 0.9959 32238 865.9445056376 1.0000 691 1189.9212158542 0.9770 244 1504.2571836167 0.9279 9132 1059.2807581975 0.9838 32139 819.5575441875 1.0000 14409 1559.4259061318 0.9883 34567 866.9655377782 0.9993
1575 214560 524.6111466425 1.0000 104945 845.1426835379 0.9883 31666 827.3926056185 0.9985 625 1056.0413906092 0.9738 251 1374.8789823069 0.9393 245231 555.4302364991 1.0000 103375 913.4182212366 0.9959 32424 865.9445056376 1.0000 696 1189.9212158542 0.9770 245 1504.2571836167 0.9279 9250 1059.2807581975 0.9838 32333 819.5575441875 1.0000 14544 1559.4259061318 0.9883 34764 866.9655377782 0.9993
1585 216148 524.6111466425 1.0000 105801 845.1426835379 0.9883 32023 827.3926056185 0.9985 632 1056.0413906092 0.9738 253 1374.8789823069 0.9393 247014 555.4302364991 1.0000 104211 913.4182212366 0.9959 32789 865.9445056376 1.0000 705 1189.9212158542 0.9770 246 1504.2571836167 0.9279 9488 1059.2807581975 0.9838 32717 819.5575441875 1.0000 14814 1559.4259061318 0.9883 35159 866.9655377782 0.9993
1590 216942 524.6111466425 1.0000 106218 845.1426835379 0.9883 32203 827.3926056185 0.9985 636 1056.0413906092 0.9738 254 1374.8789823069 0.9393 247913 555.4302364991 1.0000 104624 913.4182212366 0.9959 32975 865.9445056376 1.0000 709 1189.9212158542 0.9770 247 1504.2571836167 0.9279 9610 1059.2807581975 0.9838 32906 819.5575441875 1.0000 14945 1559.3145865477 0.9883 35355 866.9655377782 0.9993
1595 217727 524.6111466425 1.0000 106645 845.1426835379 0.9883 32382 827.3926056185 0.9985 640 1056.0413906092 0.9738 255 1373.4543026303 0.9403 248793 555.4302364991 1.0000 105040 913.4182212366 0.9959 33156 865.9445056376 1.0000 714 1189.9212158542 0.9770 248 1504.2571836167 0.9279 9727 1059.2807581975 0.9838 33100 819.5575441875 1.0000 15080 1559.2299961180 0.9884 35551 866.9655377782 0.9993
1600 218518 524.6111466425 1.0000 107075 845.1426835379 0.9883 32560 827.3926056185 0.9985 643 1056.0413906092 0.9738 256 1373.4543026303 0.9403 249684 555.4302364991 1.0000 105457 913.4182212366 0.9959 33341 865.9445056376 1.0000 719 1189.9212158542 0.9770 249 1504.2571836167 0.9279 9846 1059.2807581975 0.9838 33295 819.5575441875 1.0000 15207 1559.2299961180 0.9884 35749 866.9655377782 0.9993
1605 219306 524.6111466425 1.0000 107497 845.1426835379 0.9883 32742 827.3926056185 0.9985 647 1056.0413906092 0.9738 257 1373.4543026303 0.9403 250588 555.4302364991 1.0000 105878 913.4182212366 0.9959 33525 865.9445056376 1.0000 724 1189.9212158542 0.9770 250 1504.2571836167 0.9279 9966 1059.2807581975 0.9838 33487 819.5575441875 1.0000 15339 1559.2299961180 0.9884 35949 866.9655377782 0.9993
1610 220104 524.6111466425 1.0000 107919 845.1426835379 0.9883 32927 827.3926056185 0.9985 651 1056.0413906092 0.9738 258 1373.4543026303 0.9403 251488 555.4302364991 1.0000 106292 913.4182212366 0.9959 33713 865.9445056376 1.0000 730 1189.9212158542 0.9770 251 1504.2571836167 0.9279 10087 1059.2807581975 0.9838 33677 819.5575441875 1.0000 15475 1559.2299961180 0.9884 36146 866.9655377782 0.9993
1615 220889 524.6111466425 1.0000 108341 845.1426835379 0.9883 33105 827.3926056185 0.9985 655 1056.0413906092 0.9738 259 1373.4543026303 0.9403 252376 555.4302364991 1.0000 106706 913.4182212366 0.9959 33899 865.9445056376 1.0000 735 1189.9212158542 0.9770 252 1504.2571836167 0.9279 10209 1059.2807581975 0.9838 33866 819.5575441875 1.0000 15614 1559.2299961180 0.9884 36343 866.9655377782 0.9993
1625 222464 524.6111466425 1.0000 109186 845.1426835379 0.9883 33469 827.3926056185 0.9985 663 1056.0413906092 0.9738 261 1373.4543026303 0.9403 254159 555.4302364991 1.0000 107544 913.4182212366 0.9959 34268 865.9445056376 1.0000 745 1189.9212158542 0.9770 253 1504.2571836167 0.9279 10449 1059.2807581975 0.9838 34246 819.5575441875 1.0000 15884 1559.2299961180 0.9884 36740 866.9655377782 0.9993
1630 223258 524.6111466425 1.0000 109609 845.1426835379 0.9883 33652 827.3926056185 0.9985 667 1056.0413906092 0.9738 262 1373.4543026303 0.9403 255053 555.4302364991 1.0000 107968 913.4182212366 0.9959 34448 865.9445056376 1.0000 751 1189.9212158542 0.9770 254 1504.2571836167 0.9279 10570 1059.2807581975 0.9838 34437 819.5575441875 1.0000 16022 1559.1374867347 0.9885 36936 866.9655377782 0.9993
1640 224832 524.6111466425 1.0000 110457 845.1426835379 0.9883 34006 827.3926056185 0.9985 675 1056.0413906092 0.9738 263 1373.4543026303 0.9403 256831 555.4302364991 1.0000 108812 913.4182212366 0.9959 34815 865.9445056376 1.0000 762 1189.9212158542 0.9770 256 1504.2571836167 0.9279 10805 1059.2807581975 0.9838 34814 819.5575441875 1.0000 16293 1559.1374867347 0.9885 37331 866.9655377782 0.9993
1645 225623 524.6111466425 1.0000 110882 845.1426835379 0.9883 34188 827.3926056185 0.9985 679 1056.0413906092 0.9738 264 1373.4543026303 0.9403 257713 555.4302364991 1.0000 109236 913.4182212366 0.9959 34997 865.9445056376 1.0000 768 1189.9212158542 0.9770 257 1504.2571836167 0.9279 10927 1059.2807581975 0.9838 35004 819.5575441875 1.0000 16427 1559.1374867347 0.9885 37525 866.9655377782 0.9993
1650 226423 524.6111466425 1.0000 111313 845.1426835379 0.9883 34369 827.3926056185 0.9985 683 1056.0413906092 0.9738 265 1373.4543026303 0.9403 258617 555.4302364991 1.0000 109648 913.4182212366 0.9959 35182 865.9445056376 1.0000 774 1189.9212158542 0.9770 258 1503.3059394082 0.9285 11049 1059.2807581975 0.9838 35191 819.5575441875 1.0000 16565 1559.1374867347 0.9885 37718 866.9655377782 0.9993
1655 227214 524.6111466425 1.0000 111734 845.1426835379 0.9883 34548 827.3926056185 0.9985 687 1056.0413906092 0.9738 266 1373.4543026303 0.9403 259506 555.4302364991 1.0000 110070 913.4182212366 0.9959 35364 865.9445056376 1.0000 780 1189.9212158542 0.9770 259 1503.3059394082 0.9285 11166 1059.2807581975 0.9838 35382 819.5575441875 1.0000 16698 1559.1374867347 0.9885 37917 866.9655377782 0.9993
1660 228010 524.6111466425 1.0000 112160 845.1426835379 0.9883 34730 827.3926056185 0.9985 691 1056.0413906092 0.9738 267 1373.4543026303 0.9403 260392 555.4302364991 1.0000 110490 913.4182212366 0.9959 35545 865.9445056376 1.0000 787 1189.9212158542 0.9770 260 1503.2080827079 0.9286 11286 1059.2807581975 0.9838 35575 819.5575441875 1.0000 16830 1559.1374867347 0.9885 38115 866.9655377782 0.9993
1665 228792 524.6111466425 1.0000 112582 845.1426835379 0.9883 34909 827.3926056185 0.9985 696 1056.0413906092 0.9738 268 1373.4543026303 0.9403 261277 555.4302364991 1.0000 110903 913.4182212366 0.9959 35731 865.9445056376 1.0000 794 1189.9212158542 0.9770 261 1503.2080827079 0.9286 11408 1059.2807581975 0.9838 35766 819.5575441875 1.0000 16964 1559.1374867347 0.9885 38310 866.9655377782 0.9993
1670 229596 524.6111466425 1.0000 113011 845.1426835379 0.9883 35091 827.3926056185 0.9985 700 1056.0413906092 0.9738 269 1373.4543026303 0.9403 262170 555.4302364991 1.0000 111321 913.4182212366 0.9959 35918 865.9445056376 1.0000 800 1189.9212158542 0.9770 262 1503.2080827079 0.9286 11527 1059.2807581975 0.9838 35955 819.5575441875 1.0000 17098 1559.1374867347 0.9885 38505 866.9655377782 0.9993
1680 231183 524.6111466425 1.0000 113866 845.1426835379 0.9883 35459 827.3926056185 0.9985 709 1056.0413906092 0.9738 271 1373.4543026303 0.9403 263963 555.4302364991 1.0000 112154 913.4182212366 0.9959 36287 865.9445056376 1.0000 815 1189.9212158542 0.9770 263 1503.2080827079 0.9286 11771 1059.0350373417 0.9840 36336 819.5575441875 1.0000 17368 1558.9911156067 0.9885 38891 866.9655377782 0.9993
1685 231976 524.6111466425 1.0000 114288 845.1426835379 0.9883 35639 827.3926056185 0.9985 714 1056.0413906092 0.9738 272 1373.4543026303 0.9403 264856 555.4302364991 1.0000 112581 913.4182212366 0.9959 36469 865.9445056376 1.0000 821 1189.9212158542 0.9770 264 1503.2080827079 0.9286 11886 1058.8411177035 0.9842 36526 819.5575441875 1.0000 17502 1558.9911156067 0.9885 39090 866.9655377782 0.9993
1690 232777 524.6111466425 1.0000 114711 845.1426835379 0.9883 35817 827.3926056185 0.9985 718 1056.0413906092 0.9738 273 1373.4543026303 0.9403 265741 555.4302364991 1.0000 112996 913.4182212366 0.9959 36654 865.9445056376 1.0000 829 1189.9212158542 0.9770 265 1503.2080827079 0.9286 12010 1058.8411177035 0.9842 36715 819.5575441875 1.0000 17641 1558.9911156067 0.9885 39279 866.9655377782 0.9993
1695 233574 524.6111466425 1.0000 115137 845.1426835379 0.9883 36000 827.3926056185 0.9985 723 1056.0413906092 0.9738 274 1373.4543026303 0.9403 266635 555.4302364991 1.0000 113408 913.4182212366 0.9959 36838 865.9445056376 1.0000 837 1189.9212158542 0.9770 266 1503.2080827079 0.9286 12132 1058.8411177035 0.9842 36905 819.5575441875 1.0000 17774 1558.9911156067 0.9885 39473 866.9655377782 0.9993
1700 234372 524.6111466425 1.0000 115561 845.1426835379 0.9883 36178 827.3926056185 0.9985 728 1056.0413906092 0.9738 275 1373.4543026303 0.9403 267507 555.4302364991 1.0000 113826 913.4182212366 0.9959 37028 865.9445056376 1.0000 846 1189.9212158542 0.9770 267 1503.2080827079 0.9286 12254 1058.8411177035 0.9842 37095 819.5575441875 1.0000 17910 1558.9911156067 0.9885 39665 866.9655377782 0.9993
1705 235165 524.6111466425 1.0000 115973 845.1426835379 0.9883 36359 827.3926056185 0.9985 733 1056.0413906092 0.9738 276 1373.4543026303 0.9403 268396 555.4302364991 1.0000 114247 913.4182212366 0.9959 37212 865.9445056376 1.0000 855 1189.9212158542 0.9770 268 1503.2080827079 0.9286 12372 1058.8411177035 0.9842 37289 819.5575441875 1.0000 18050 1558.9911156067 0.9885 39864 866.9655377782 0.9993
1710 235966 524.6111466425 1.0000 116397 845.1426835379 0.9883 36536 827.3926056185 0.9985 738 1056.0413906092 0.9738 277 1373.4543026303 0.9403 269290 555.4302364991 1.0000 114665 913.4182212366 0.9959 37399 865.9445056376 1.0000 865 1189.9212158542 0.9770 269 1503.2080827079 0.9286 12492 1058.8411177035 0.9842 37480 819.5575441875 1.0000 18183 1558.9911156067 0.9885 40057 866.9655377782 0.9993
1715 236751 524.6111466425 1.0000 116816 845.1426835379 0.9883 36715 827.3926056185 0.9985 744 1056.0413906092 0.9738 278 1373.4543026303 0.9403 270185 555.4302364991 1.0000 115084 913.4182212366 0.9959 37584 865.9445056376 1.0000 876 1189.9212158542 0.9770 270 1503.2080827079 0.9286 12609 1058.8411177035 0.9842 37668 819.5575441875 1.0000 18320 1558.9911156067 0.9885 40256 866.9655377782 0.9993
1720 237546 524.6111466425 1.0000 117240 845.1426835379 0.9883 36897 827.3926056185 0.9985 749 1056.0413906092 0.9738 279 1373.4543026303 0.9403 271086 555.4302364991 1.0000 115507 913.4182212366 0.9959 37771 865.9445056376 1.0000 887 1189.9212158542 0.9770 271 1503.2080827079 0.9286 12732 1058.8411177035 0.9842 37858 819.5575441875 1.0000 18457 1558.9911156067 0.9885 40450 866.9655377782 0.9993
1725 238325 524.6111466425 1.0000 117660 845.1426835379 0.9883 37072 827.3926056185 0.9985 754 1056.0413906092 0.9738 280 1373.4543026303 0.9403 271986 555.4302364991 1.0000 115928 913.4182212366 0.9959 37952 865.9445056376 1.0000 900 1189.9212158542 0.9770 272 1503.2080827079 0.9286 12857 1058.8411177035 0.9842 38043 819.5575441875 1.0000 18590 1558.9911156067 0.9885 40644 866.9655377782 0.9993
1740 240681 524.6111466425 1.0000 118930 845.1426835379 0.9883 37615 827.3926056185 0.9985 771 1056.0413906092 0.9738 282 1373.4543026303 0.9403 274671 555.4302364991 1.0000 117189 913.4182212366 0.9959 38510 865.9445056376 1.0000 960 1189.9212158542 0.9770 274 1503.2080827079 0.9286 13216 1058.8411177035 0.9842 38608 819.5575441875 1.0000 18987 1558.9911156067 0.9885 41223 866.9655377782 0.9993
1745 241467 524.6111466425 1.0000 119355 845.1426835379 0.9883 37797 827.3926056185 0.9985 777 1056.0413906092 0.9738 283 1373.4543026303 0.9403 275563 555.4302364991 1.0000 117608 913.4182212366 0.9959 38691 865.9445056376 1.0000 1028 1189.9212158542 0.9770 275 1503.2080827079 0.9286 13336 1058.8411177035 0.9842 38798 819.5575441875 1.0000 19118 1558.9911156067 0.9885 41418 866.9655377782 0.9993
1750 242262 524.6111466425 1.0000 119779 845.1426835379 0.9883 37977 827.3926056185 0.9985 783 1056.0413906092 0.9738 284 1373.4543026303 0.9403 276460 555.4302364991 1.0000 118028 913.4182212366 0.9959 38878 865.9445056376 1.0000 1108 1189.5328618236 0.9773 276 1503.2080827079 0.9286 13455 1058.8411177035 0.9842 38989 819.5575441875 1.0000 19252 1558.9911156067 0.9885 41617 866.9655377782 0.9993
1755 243057 524.6111466425 1.0000 120203 845.1426835379 0.9883 38154 827.3926056185 0.9985 789 1056.0413906092 0.9738 285 1373.4543026303 0.9403 277351 555.4302364991 1.0000 118450 913.4182212366 0.9959 39063 865.9445056376 1.0000 1193 1189.5328618236 0.9773 277 1503.2080827079 0.9286 13571 1058.8411177035 0.9842 39178 819.5575441875 1.0000 19388 1558.9911156067 0.9885 41814 866.9655377782 0.9993
1760 243842 524.6111466425 1.0000 120626 845.1426835379 0.9883 38329 827.3926056185 0.9985 796 1056.0413906092 0.9738 286 1373.4543026303 0.9403 278249 555.4302364991 1.0000 118864 913.4182212366 0.9959 39248 865.9445056376 1.0000 1275 1189.5328618236 0.9773 278 1503.2080827079 0.9286 13689 1058.8411177035 0.9842 39367 819.5575441875 1.0000 19523 1558.9911156067 0.9885 42012 866.9655377782 0.9993
1765 244644 524.6111466425 1.0000 121048 845.1426835379 0.9883 38510 827.3926056185 0.9985 803 1056.0413906092 0.9738 287 1373.4543026303 0.9403 279127 555.4302364991 1.0000 119282 913.4182212366 0.9959 39434 865.9445056376 1.0000 1359 1189.5328618236 0.9773 279 1503.2080827079 0.9286 13806 1058.8411177035 0.9842 39557 819.5575441875 1.0000 19657 1558.9911156067 0.9885 42211 866.9655377782 0.9993
1770 245438 524.6111466425 1.0000 121474 845.1426835379 0.9883 38689 827.3926056185 0.9985 810 1056.0413906092 0.9738 288 1373.4543026303 0.9403 280029 555.4302364991 1.0000 119701 913.4182212366 0.9959 39620 865.9445056376 1.0000 1440 1189.5328618236 0.9773 280 1503.2080827079 0.9286 13926 1058.8411177035 0.9842 39747 819.5575441875 1.0000 19791 1558.9911156067 0.9885 42408 866.9655377782 0.9993
1775 246225 524.6111466425 1.0000 121893 845.1426835379 0.9883 38868 827.3926056185 0.9985 817 1056.0413906092 0.9738 289 1373.4543026303 0.9403 280931 555.4302364991 1.0000 120113 913.4182212366 0.9959 39802 865.9445056376 1.0000 1521 1189.5328618236 0.9773 281 1503.2080827079 0.9286 14046 1058.8411177035 0.9842 39938 819.5575441875 1.0000 19924 1558.9911156067 0.9885 42607 866.9655377782 0.9993
1780 247011 524.6111466425 1.0000 122315 845.1426835379 0.9883 39049 827.3926056185 0.9985 824 1056.0413906092 0.9738 290 1373.4543026303 0.9403 281828 555.4302364991 1.0000 120538 913.4182212366 0.9959 39984 865.9445056376 1.0000 1605 1189.5328618236 0.9773 282 1503.2080827079 0.9286 14168 1058.8411177035 0.9842 40133 819.5575441875 1.0000 20055 1558.9911156067 0.9885 42807 866.9655377782 0.9993
1785 247800 524.6111466425 1.0000 122743 845.1426835379 0.9883 39229 827.3926056185 0.9985 832 1056.0413906092 0.9738 291 1373.4543026303 0.9403 282726 555.4302364991 1.0000 120957 913.4182212366 0.9959 40166 865.9445056376 1.0000 1689 1189.5328618236 0.9773 283 1503.2080827079 0.9286 14290 1058.8411177035 0.9842 40323 819.5575441875 1.0000 20188 1558.9911156067 0.9885 43008 866.9655377782 0.9993
1795 249368 524.6111466425 1.0000 123597 845.1426835379 0.9883 39590 827.3926056185 0.9985 849 1056.0413906092 0.9738 293 1373.4543026303 0.9403 284515 555.4302364991 1.0000 121796 913.4182212366 0.9959 40530 865.9445056376 1.0000 1856 1187.3684573032 0.9791 284 1503.2080827079 0.9286 14531 1058.8411177035 0.9842 40700 819.5575441875 1.0000 20457 1558.9911156067 0.9885 43400 866.9655377782 0.9993
