0 0 796.5437472264 0.0000 
5 7 591.2620014874 0.8873 
10 20 533.6135616566 0.9831 
15 33 527.6748210713 0.9942 
20 46 527.6748210713 0.9942 
25 59 527.6748210713 0.9942 
30 72 524.9268592117 0.9994 
35 85 524.6111466425 1.0000 
40 99 524.6111466425 1.0000 
45 112 524.6111466425 1.0000 
50 125 524.6111466425 1.0000 
55 136 524.6111466425 1.0000 
60 149 524.6111466425 1.0000 
65 163 524.6111466425 1.0000 
70 176 524.6111466425 1.0000 
75 190 524.6111466425 1.0000 
80 205 524.6111466425 1.0000 
85 219 524.6111466425 1.0000 
90 234 524.6111466425 1.0000 
95 249 524.6111466425 1.0000 
100 264 524.6111466425 1.0000 
105 279 524.6111466425 1.0000 
110 295 524.6111466425 1.0000 
115 311 524.6111466425 1.0000 
120 328 524.6111466425 1.0000 
125 344 524.6111466425 1.0000 
130 361 524.6111466425 1.0000 
135 379 524.6111466425 1.0000 
140 397 524.6111466425 1.0000 
145 416 524.6111466425 1.0000 
150 435 524.6111466425 1.0000 
155 454 524.6111466425 1.0000 
160 475 524.6111466425 1.0000 
165 495 524.6111466425 1.0000 
170 517 524.6111466425 1.0000 
175 540 524.6111466425 1.0000 
180 563 524.6111466425 1.0000 
185 588 524.6111466425 1.0000 
190 616 524.6111466425 1.0000 
195 645 524.6111466425 1.0000 
200 677 524.6111466425 1.0000 
205 713 524.6111466425 1.0000 
210 754 524.6111466425 1.0000 
215 802 524.6111466425 1.0000 
220 867 524.6111466425 1.0000 
225 1144 524.6111466425 1.0000 
230 1926 524.6111466425 1.0000 
235 2719 524.6111466425 1.0000 
240 3505 524.6111466425 1.0000 
245 4291 524.6111466425 1.0000 
250 5077 524.6111466425 1.0000 
255 5858 524.6111466425 1.0000 
260 6650 524.6111466425 1.0000 
265 7430 524.6111466425 1.0000 
270 8219 524.6111466425 1.0000 
275 8999 524.6111466425 1.0000 
280 9790 524.6111466425 1.0000 
285 10578 524.6111466425 1.0000 
290 11367 524.6111466425 1.0000 
295 12154 524.6111466425 1.0000 
300 12944 524.6111466425 1.0000 
305 13709 524.6111466425 1.0000 
310 14504 524.6111466425 1.0000 
315 15294 524.6111466425 1.0000 
320 16074 524.6111466425 1.0000 
325 16864 524.6111466425 1.0000 
330 17646 524.6111466425 1.0000 
335 18424 524.6111466425 1.0000 
340 19224 524.6111466425 1.0000 
345 20012 524.6111466425 1.0000 
350 20792 524.6111466425 1.0000 
355 21580 524.6111466425 1.0000 
360 22354 524.6111466425 1.0000 
365 23132 524.6111466425 1.0000 
370 23912 524.6111466425 1.0000 
375 24695 524.6111466425 1.0000 
380 25481 524.6111466425 1.0000 
385 26274 524.6111466425 1.0000 
390 27075 524.6111466425 1.0000 
395 27867 524.6111466425 1.0000 
400 28670 524.6111466425 1.0000 
405 29469 524.6111466425 1.0000 
410 30260 524.6111466425 1.0000 
415 31045 524.6111466425 1.0000 
420 31838 524.6111466425 1.0000 
425 32629 524.6111466425 1.0000 
430 33422 524.6111466425 1.0000 
435 34196 524.6111466425 1.0000 
440 34989 524.6111466425 1.0000 
445 35774 524.6111466425 1.0000 
450 36571 524.6111466425 1.0000 
455 37367 524.6111466425 1.0000 
460 38155 524.6111466425 1.0000 
465 38945 524.6111466425 1.0000 
470 39746 524.6111466425 1.0000 
475 40545 524.6111466425 1.0000 
480 41321 524.6111466425 1.0000 
485 42106 524.6111466425 1.0000 
490 42902 524.6111466425 1.0000 
495 43692 524.6111466425 1.0000 
500 44477 524.6111466425 1.0000 
505 45275 524.6111466425 1.0000 
510 46074 524.6111466425 1.0000 
515 46868 524.6111466425 1.0000 
520 47662 524.6111466425 1.0000 
525 48453 524.6111466425 1.0000 
530 49253 524.6111466425 1.0000 
535 50039 524.6111466425 1.0000 
540 50835 524.6111466425 1.0000 
545 51628 524.6111466425 1.0000 
550 52422 524.6111466425 1.0000 
555 53223 524.6111466425 1.0000 
560 53999 524.6111466425 1.0000 
565 54780 524.6111466425 1.0000 
570 55559 524.6111466425 1.0000 
575 56350 524.6111466425 1.0000 
580 57148 524.6111466425 1.0000 
585 57941 524.6111466425 1.0000 
590 58740 524.6111466425 1.0000 
595 59533 524.6111466425 1.0000 
600 60325 524.6111466425 1.0000 
605 61109 524.6111466425 1.0000 
610 61900 524.6111466425 1.0000 
615 62701 524.6111466425 1.0000 
620 63492 524.6111466425 1.0000 
625 64286 524.6111466425 1.0000 
630 65070 524.6111466425 1.0000 
635 65865 524.6111466425 1.0000 
640 66660 524.6111466425 1.0000 
645 67447 524.6111466425 1.0000 
650 68229 524.6111466425 1.0000 
655 69021 524.6111466425 1.0000 
660 69800 524.6111466425 1.0000 
665 70597 524.6111466425 1.0000 
670 71393 524.6111466425 1.0000 
675 72172 524.6111466425 1.0000 
680 72967 524.6111466425 1.0000 
685 73752 524.6111466425 1.0000 
690 74536 524.6111466425 1.0000 
695 75341 524.6111466425 1.0000 
700 76133 524.6111466425 1.0000 
705 76929 524.6111466425 1.0000 
710 77719 524.6111466425 1.0000 
715 78525 524.6111466425 1.0000 
720 79317 524.6111466425 1.0000 
725 80109 524.6111466425 1.0000 
730 80894 524.6111466425 1.0000 
735 81676 524.6111466425 1.0000 
740 82469 524.6111466425 1.0000 
745 83253 524.6111466425 1.0000 
750 84028 524.6111466425 1.0000 
755 84817 524.6111466425 1.0000 
760 85615 524.6111466425 1.0000 
765 86414 524.6111466425 1.0000 
770 87201 524.6111466425 1.0000 
775 87984 524.6111466425 1.0000 
780 88773 524.6111466425 1.0000 
785 89562 524.6111466425 1.0000 
790 90343 524.6111466425 1.0000 
795 91129 524.6111466425 1.0000 
800 91917 524.6111466425 1.0000 
805 92707 524.6111466425 1.0000 
810 93503 524.6111466425 1.0000 
815 94302 524.6111466425 1.0000 
820 95092 524.6111466425 1.0000 
825 95881 524.6111466425 1.0000 
830 96665 524.6111466425 1.0000 
835 97441 524.6111466425 1.0000 
840 98232 524.6111466425 1.0000 
845 99012 524.6111466425 1.0000 
850 99800 524.6111466425 1.0000 
855 100587 524.6111466425 1.0000 
860 101387 524.6111466425 1.0000 
865 102181 524.6111466425 1.0000 
870 102962 524.6111466425 1.0000 
875 103756 524.6111466425 1.0000 
880 104544 524.6111466425 1.0000 
885 105332 524.6111466425 1.0000 
890 106128 524.6111466425 1.0000 
895 106917 524.6111466425 1.0000 
900 107711 524.6111466425 1.0000 
905 108502 524.6111466425 1.0000 
910 109300 524.6111466425 1.0000 
915 110085 524.6111466425 1.0000 
920 110868 524.6111466425 1.0000 
925 111658 524.6111466425 1.0000 
930 112444 524.6111466425 1.0000 
935 113231 524.6111466425 1.0000 
940 114022 524.6111466425 1.0000 
945 114817 524.6111466425 1.0000 
950 115600 524.6111466425 1.0000 
955 116378 524.6111466425 1.0000 
960 117166 524.6111466425 1.0000 
965 117952 524.6111466425 1.0000 
970 118750 524.6111466425 1.0000 
975 119556 524.6111466425 1.0000 
980 120348 524.6111466425 1.0000 
985 121139 524.6111466425 1.0000 
990 121932 524.6111466425 1.0000 
995 122726 524.6111466425 1.0000 
1000 123523 524.6111466425 1.0000 
1005 124312 524.6111466425 1.0000 
1010 125100 524.6111466425 1.0000 
1015 125886 524.6111466425 1.0000 
1020 126676 524.6111466425 1.0000 
1025 127479 524.6111466425 1.0000 
1030 128273 524.6111466425 1.0000 
1035 129049 524.6111466425 1.0000 
1040 129843 524.6111466425 1.0000 
1045 130637 524.6111466425 1.0000 
1050 131422 524.6111466425 1.0000 
1055 132212 524.6111466425 1.0000 
1060 133004 524.6111466425 1.0000 
1065 133813 524.6111466425 1.0000 
1070 134600 524.6111466425 1.0000 
1075 135390 524.6111466425 1.0000 
1080 136180 524.6111466425 1.0000 
1085 136958 524.6111466425 1.0000 
1090 137730 524.6111466425 1.0000 
1095 138522 524.6111466425 1.0000 
1100 139314 524.6111466425 1.0000 
1105 140103 524.6111466425 1.0000 
1110 140896 524.6111466425 1.0000 
1115 141687 524.6111466425 1.0000 
1120 142484 524.6111466425 1.0000 
1125 143283 524.6111466425 1.0000 
1130 144087 524.6111466425 1.0000 
1135 144878 524.6111466425 1.0000 
1140 145670 524.6111466425 1.0000 
1145 146481 524.6111466425 1.0000 
1150 147261 524.6111466425 1.0000 
1155 148054 524.6111466425 1.0000 
1160 148835 524.6111466425 1.0000 
1165 149614 524.6111466425 1.0000 
1170 150411 524.6111466425 1.0000 
1175 151210 524.6111466425 1.0000 
1180 152013 524.6111466425 1.0000 
1185 152807 524.6111466425 1.0000 
1190 153596 524.6111466425 1.0000 
1195 154392 524.6111466425 1.0000 
1200 155174 524.6111466425 1.0000 
1205 155972 524.6111466425 1.0000 
1210 156761 524.6111466425 1.0000 
1215 157549 524.6111466425 1.0000 
1220 158334 524.6111466425 1.0000 
1225 159124 524.6111466425 1.0000 
1230 159916 524.6111466425 1.0000 
1235 160701 524.6111466425 1.0000 
1240 161475 524.6111466425 1.0000 
1245 162261 524.6111466425 1.0000 
1250 163054 524.6111466425 1.0000 
1255 163834 524.6111466425 1.0000 
1260 164624 524.6111466425 1.0000 
1265 165411 524.6111466425 1.0000 
1270 166203 524.6111466425 1.0000 
1275 166997 524.6111466425 1.0000 
1280 167786 524.6111466425 1.0000 
1285 168575 524.6111466425 1.0000 
1290 169364 524.6111466425 1.0000 
1295 170152 524.6111466425 1.0000 
1300 170949 524.6111466425 1.0000 
1305 171742 524.6111466425 1.0000 
1310 172544 524.6111466425 1.0000 
1315 173323 524.6111466425 1.0000 
1320 174115 524.6111466425 1.0000 
1325 174906 524.6111466425 1.0000 
1330 175698 524.6111466425 1.0000 
1335 176504 524.6111466425 1.0000 
1340 177302 524.6111466425 1.0000 
1345 178097 524.6111466425 1.0000 
1350 178891 524.6111466425 1.0000 
1355 179692 524.6111466425 1.0000 
1360 180490 524.6111466425 1.0000 
1365 181281 524.6111466425 1.0000 
1370 182069 524.6111466425 1.0000 
1375 182858 524.6111466425 1.0000 
1380 183663 524.6111466425 1.0000 
1385 184460 524.6111466425 1.0000 
1390 185255 524.6111466425 1.0000 
1395 186051 524.6111466425 1.0000 
1400 186840 524.6111466425 1.0000 
1405 187636 524.6111466425 1.0000 
1410 188421 524.6111466425 1.0000 
1415 189218 524.6111466425 1.0000 
1420 190009 524.6111466425 1.0000 
1425 190811 524.6111466425 1.0000 
1430 191611 524.6111466425 1.0000 
1435 192396 524.6111466425 1.0000 
1440 193187 524.6111466425 1.0000 
1445 193970 524.6111466425 1.0000 
1450 194765 524.6111466425 1.0000 
1455 195559 524.6111466425 1.0000 
1460 196356 524.6111466425 1.0000 
1465 197148 524.6111466425 1.0000 
1470 197938 524.6111466425 1.0000 
1475 198734 524.6111466425 1.0000 
1480 199522 524.6111466425 1.0000 
1485 200317 524.6111466425 1.0000 
1490 201111 524.6111466425 1.0000 
1495 201888 524.6111466425 1.0000 
1500 202686 524.6111466425 1.0000 
1505 203485 524.6111466425 1.0000 
1510 204286 524.6111466425 1.0000 
1515 205086 524.6111466425 1.0000 
1520 205897 524.6111466425 1.0000 
1525 206675 524.6111466425 1.0000 
1530 207467 524.6111466425 1.0000 
1535 208254 524.6111466425 1.0000 
1540 209050 524.6111466425 1.0000 
1545 209839 524.6111466425 1.0000 
1550 210637 524.6111466425 1.0000 
1555 211420 524.6111466425 1.0000 
1560 212205 524.6111466425 1.0000 
1565 212981 524.6111466425 1.0000 
1570 213774 524.6111466425 1.0000 
1575 214560 524.6111466425 1.0000 
1580 215362 524.6111466425 1.0000 
1585 216148 524.6111466425 1.0000 
1590 216942 524.6111466425 1.0000 
1595 217727 524.6111466425 1.0000 
1600 218518 524.6111466425 1.0000 
1605 219306 524.6111466425 1.0000 
1610 220104 524.6111466425 1.0000 
1615 220889 524.6111466425 1.0000 
1620 221685 524.6111466425 1.0000 
1625 222464 524.6111466425 1.0000 
1630 223258 524.6111466425 1.0000 
1635 224049 524.6111466425 1.0000 
1640 224832 524.6111466425 1.0000 
1645 225623 524.6111466425 1.0000 
1650 226423 524.6111466425 1.0000 
1655 227214 524.6111466425 1.0000 
1660 228010 524.6111466425 1.0000 
1665 228792 524.6111466425 1.0000 
1670 229596 524.6111466425 1.0000 
1675 230392 524.6111466425 1.0000 
1680 231183 524.6111466425 1.0000 
1685 231976 524.6111466425 1.0000 
1690 232777 524.6111466425 1.0000 
1695 233574 524.6111466425 1.0000 
1700 234372 524.6111466425 1.0000 
1705 235165 524.6111466425 1.0000 
1710 235966 524.6111466425 1.0000 
1715 236751 524.6111466425 1.0000 
1720 237546 524.6111466425 1.0000 
1725 238325 524.6111466425 1.0000 
1730 239102 524.6111466425 1.0000 
1735 239887 524.6111466425 1.0000 
1740 240681 524.6111466425 1.0000 
1745 241467 524.6111466425 1.0000 
1750 242262 524.6111466425 1.0000 
1755 243057 524.6111466425 1.0000 
1760 243842 524.6111466425 1.0000 
1765 244644 524.6111466425 1.0000 
1770 245438 524.6111466425 1.0000 
1775 246225 524.6111466425 1.0000 
1780 247011 524.6111466425 1.0000 
1785 247800 524.6111466425 1.0000 
1790 248599 524.6111466425 1.0000 
1795 249368 524.6111466425 1.0000 
1800 250161 524.6111466425 1.0000 
