0 0 1176.9858671527 0.0000 
5 8 1040.7331157959 0.8026 
10 15 1007.1644618553 0.8293 
15 22 977.0853202406 0.8548 
20 30 956.0438233269 0.8737 
25 37 943.7733741100 0.8850 
30 45 924.9777293434 0.9030 
35 52 923.6282051929 0.9043 
40 60 923.6282051929 0.9043 
45 67 923.6282051929 0.9043 
50 75 921.8399263990 0.9061 
55 82 920.0230319307 0.9079 
60 90 906.3733274213 0.9215 
65 98 898.1768016051 0.9300 
70 106 891.2299913176 0.9372 
75 113 891.2299913176 0.9372 
80 122 891.2299913176 0.9372 
85 129 890.6604842103 0.9378 
90 138 884.9553836903 0.9438 
95 146 884.9553836903 0.9438 
100 154 884.9553836903 0.9438 
105 163 884.9553836903 0.9438 
110 171 882.7995191420 0.9461 
115 180 882.7995191420 0.9461 
120 188 882.7995191420 0.9461 
125 197 880.9854622076 0.9481 
130 206 872.6047562511 0.9572 
135 215 872.6047562511 0.9572 
140 223 872.6047562511 0.9572 
145 233 871.8906832965 0.9580 
150 242 871.8906832965 0.9580 
155 251 871.8906832965 0.9580 
160 261 871.8906832965 0.9580 
165 271 865.9860403894 0.9645 
170 280 865.9860403894 0.9645 
175 290 865.9860403894 0.9645 
180 300 865.9860403894 0.9645 
185 310 865.9860403894 0.9645 
190 320 865.5883674593 0.9650 
195 331 865.5883674593 0.9650 
200 341 865.5883674593 0.9650 
205 352 860.9090949099 0.9702 
210 363 860.9090949099 0.9702 
215 374 859.2769714879 0.9720 
220 386 859.2769714879 0.9720 
225 397 859.2769714879 0.9720 
230 409 859.2769714879 0.9720 
235 421 859.2769714879 0.9720 
240 433 857.6902693642 0.9738 
245 446 857.6902693642 0.9738 
250 458 857.6902693642 0.9738 
255 471 857.6902693642 0.9738 
260 485 857.6902693642 0.9738 
265 499 856.6807303829 0.9750 
270 513 856.6807303829 0.9750 
275 527 856.6807303829 0.9750 
280 542 856.6807303829 0.9750 
285 558 856.6807303829 0.9750 
290 574 856.6807303829 0.9750 
295 590 856.6807303829 0.9750 
300 607 855.4300611529 0.9764 
305 625 852.9081256914 0.9793 
310 643 852.9081256914 0.9793 
315 663 852.9048665283 0.9793 
320 685 852.9048665283 0.9793 
325 709 852.9048665283 0.9793 
330 733 851.3558125183 0.9811 
335 760 849.5989794167 0.9831 
340 791 849.5989794167 0.9831 
345 827 849.5989794167 0.9831 
350 871 849.5989794167 0.9831 
355 941 849.5989794167 0.9831 
360 1296 849.4218848305 0.9833 
365 1724 849.4218848305 0.9833 
370 2150 849.4218848305 0.9833 
375 2580 849.4218848305 0.9833 
380 3011 849.4218848305 0.9833 
385 3441 849.4218848305 0.9833 
390 3865 849.4218848305 0.9833 
395 4294 849.4218848305 0.9833 
400 4717 849.4218848305 0.9833 
405 5145 849.4218848305 0.9833 
410 5578 849.4218848305 0.9833 
415 6003 845.1426835379 0.9883 
420 6421 845.1426835379 0.9883 
425 6849 845.1426835379 0.9883 
430 7272 845.1426835379 0.9883 
435 7702 845.1426835379 0.9883 
440 8124 845.1426835379 0.9883 
445 8556 845.1426835379 0.9883 
450 8981 845.1426835379 0.9883 
455 9406 845.1426835379 0.9883 
460 9844 845.1426835379 0.9883 
465 10273 845.1426835379 0.9883 
470 10702 845.1426835379 0.9883 
475 11126 845.1426835379 0.9883 
480 11548 845.1426835379 0.9883 
485 11973 845.1426835379 0.9883 
490 12402 845.1426835379 0.9883 
495 12835 845.1426835379 0.9883 
500 13263 845.1426835379 0.9883 
505 13697 845.1426835379 0.9883 
510 14126 845.1426835379 0.9883 
515 14553 845.1426835379 0.9883 
520 14981 845.1426835379 0.9883 
525 15402 845.1426835379 0.9883 
530 15836 845.1426835379 0.9883 
535 16267 845.1426835379 0.9883 
540 16698 845.1426835379 0.9883 
545 17126 845.1426835379 0.9883 
550 17550 845.1426835379 0.9883 
555 17979 845.1426835379 0.9883 
560 18406 845.1426835379 0.9883 
565 18848 845.1426835379 0.9883 
570 19282 845.1426835379 0.9883 
575 19707 845.1426835379 0.9883 
580 20135 845.1426835379 0.9883 
585 20567 845.1426835379 0.9883 
590 20994 845.1426835379 0.9883 
595 21419 845.1426835379 0.9883 
600 21844 845.1426835379 0.9883 
605 22271 845.1426835379 0.9883 
610 22697 845.1426835379 0.9883 
615 23130 845.1426835379 0.9883 
620 23553 845.1426835379 0.9883 
625 23987 845.1426835379 0.9883 
630 24417 845.1426835379 0.9883 
635 24843 845.1426835379 0.9883 
640 25269 845.1426835379 0.9883 
645 25693 845.1426835379 0.9883 
650 26120 845.1426835379 0.9883 
655 26549 845.1426835379 0.9883 
660 26975 845.1426835379 0.9883 
665 27398 845.1426835379 0.9883 
670 27824 845.1426835379 0.9883 
675 28250 845.1426835379 0.9883 
680 28676 845.1426835379 0.9883 
685 29107 845.1426835379 0.9883 
690 29532 845.1426835379 0.9883 
695 29962 845.1426835379 0.9883 
700 30387 845.1426835379 0.9883 
705 30810 845.1426835379 0.9883 
710 31237 845.1426835379 0.9883 
715 31665 845.1426835379 0.9883 
720 32091 845.1426835379 0.9883 
725 32520 845.1426835379 0.9883 
730 32952 845.1426835379 0.9883 
735 33378 845.1426835379 0.9883 
740 33802 845.1426835379 0.9883 
745 34234 845.1426835379 0.9883 
750 34662 845.1426835379 0.9883 
755 35086 845.1426835379 0.9883 
760 35512 845.1426835379 0.9883 
765 35933 845.1426835379 0.9883 
770 36355 845.1426835379 0.9883 
775 36787 845.1426835379 0.9883 
780 37212 845.1426835379 0.9883 
785 37641 845.1426835379 0.9883 
790 38066 845.1426835379 0.9883 
795 38494 845.1426835379 0.9883 
800 38924 845.1426835379 0.9883 
805 39348 845.1426835379 0.9883 
810 39773 845.1426835379 0.9883 
815 40204 845.1426835379 0.9883 
820 40624 845.1426835379 0.9883 
825 41051 845.1426835379 0.9883 
830 41476 845.1426835379 0.9883 
835 41903 845.1426835379 0.9883 
840 42329 845.1426835379 0.9883 
845 42756 845.1426835379 0.9883 
850 43181 845.1426835379 0.9883 
855 43604 845.1426835379 0.9883 
860 44026 845.1426835379 0.9883 
865 44457 845.1426835379 0.9883 
870 44888 845.1426835379 0.9883 
875 45317 845.1426835379 0.9883 
880 45746 845.1426835379 0.9883 
885 46179 845.1426835379 0.9883 
890 46613 845.1426835379 0.9883 
895 47041 845.1426835379 0.9883 
900 47472 845.1426835379 0.9883 
905 47897 845.1426835379 0.9883 
910 48319 845.1426835379 0.9883 
915 48755 845.1426835379 0.9883 
920 49177 845.1426835379 0.9883 
925 49599 845.1426835379 0.9883 
930 50029 845.1426835379 0.9883 
935 50458 845.1426835379 0.9883 
940 50881 845.1426835379 0.9883 
945 51315 845.1426835379 0.9883 
950 51739 845.1426835379 0.9883 
955 52168 845.1426835379 0.9883 
960 52592 845.1426835379 0.9883 
965 53021 845.1426835379 0.9883 
970 53448 845.1426835379 0.9883 
975 53879 845.1426835379 0.9883 
980 54302 845.1426835379 0.9883 
985 54729 845.1426835379 0.9883 
990 55150 845.1426835379 0.9883 
995 55573 845.1426835379 0.9883 
1000 56001 845.1426835379 0.9883 
1005 56426 845.1426835379 0.9883 
1010 56853 845.1426835379 0.9883 
1015 57282 845.1426835379 0.9883 
1020 57706 845.1426835379 0.9883 
1025 58131 845.1426835379 0.9883 
1030 58553 845.1426835379 0.9883 
1035 58974 845.1426835379 0.9883 
1040 59396 845.1426835379 0.9883 
1045 59822 845.1426835379 0.9883 
1050 60246 845.1426835379 0.9883 
1055 60674 845.1426835379 0.9883 
1060 61099 845.1426835379 0.9883 
1065 61525 845.1426835379 0.9883 
1070 61954 845.1426835379 0.9883 
1075 62380 845.1426835379 0.9883 
1080 62800 845.1426835379 0.9883 
1085 63222 845.1426835379 0.9883 
1090 63645 845.1426835379 0.9883 
1095 64075 845.1426835379 0.9883 
1100 64501 845.1426835379 0.9883 
1105 64931 845.1426835379 0.9883 
1110 65350 845.1426835379 0.9883 
1115 65773 845.1426835379 0.9883 
1120 66194 845.1426835379 0.9883 
1125 66620 845.1426835379 0.9883 
1130 67050 845.1426835379 0.9883 
1135 67480 845.1426835379 0.9883 
1140 67903 845.1426835379 0.9883 
1145 68329 845.1426835379 0.9883 
1150 68754 845.1426835379 0.9883 
1155 69173 845.1426835379 0.9883 
1160 69599 845.1426835379 0.9883 
1165 70025 845.1426835379 0.9883 
1170 70451 845.1426835379 0.9883 
1175 70883 845.1426835379 0.9883 
1180 71303 845.1426835379 0.9883 
1185 71734 845.1426835379 0.9883 
1190 72155 845.1426835379 0.9883 
1195 72582 845.1426835379 0.9883 
1200 73009 845.1426835379 0.9883 
1205 73432 845.1426835379 0.9883 
1210 73854 845.1426835379 0.9883 
1215 74289 845.1426835379 0.9883 
1220 74712 845.1426835379 0.9883 
1225 75139 845.1426835379 0.9883 
1230 75570 845.1426835379 0.9883 
1235 75999 845.1426835379 0.9883 
1240 76429 845.1426835379 0.9883 
1245 76854 845.1426835379 0.9883 
1250 77281 845.1426835379 0.9883 
1255 77710 845.1426835379 0.9883 
1260 78133 845.1426835379 0.9883 
1265 78563 845.1426835379 0.9883 
1270 78989 845.1426835379 0.9883 
1275 79410 845.1426835379 0.9883 
1280 79829 845.1426835379 0.9883 
1285 80253 845.1426835379 0.9883 
1290 80676 845.1426835379 0.9883 
1295 81103 845.1426835379 0.9883 
1300 81521 845.1426835379 0.9883 
1305 81945 845.1426835379 0.9883 
1310 82369 845.1426835379 0.9883 
1315 82796 845.1426835379 0.9883 
1320 83214 845.1426835379 0.9883 
1325 83643 845.1426835379 0.9883 
1330 84060 845.1426835379 0.9883 
1335 84481 845.1426835379 0.9883 
1340 84915 845.1426835379 0.9883 
1345 85341 845.1426835379 0.9883 
1350 85766 845.1426835379 0.9883 
1355 86198 845.1426835379 0.9883 
1360 86622 845.1426835379 0.9883 
1365 87048 845.1426835379 0.9883 
1370 87472 845.1426835379 0.9883 
1375 87899 845.1426835379 0.9883 
1380 88327 845.1426835379 0.9883 
1385 88759 845.1426835379 0.9883 
1390 89179 845.1426835379 0.9883 
1395 89607 845.1426835379 0.9883 
1400 90039 845.1426835379 0.9883 
1405 90465 845.1426835379 0.9883 
1410 90893 845.1426835379 0.9883 
1415 91323 845.1426835379 0.9883 
1420 91743 845.1426835379 0.9883 
1425 92167 845.1426835379 0.9883 
1430 92597 845.1426835379 0.9883 
1435 93026 845.1426835379 0.9883 
1440 93448 845.1426835379 0.9883 
1445 93872 845.1426835379 0.9883 
1450 94291 845.1426835379 0.9883 
1455 94714 845.1426835379 0.9883 
1460 95141 845.1426835379 0.9883 
1465 95567 845.1426835379 0.9883 
1470 95997 845.1426835379 0.9883 
1475 96417 845.1426835379 0.9883 
1480 96843 845.1426835379 0.9883 
1485 97264 845.1426835379 0.9883 
1490 97690 845.1426835379 0.9883 
1495 98115 845.1426835379 0.9883 
1500 98532 845.1426835379 0.9883 
1505 98963 845.1426835379 0.9883 
1510 99389 845.1426835379 0.9883 
1515 99817 845.1426835379 0.9883 
1520 100245 845.1426835379 0.9883 
1525 100672 845.1426835379 0.9883 
1530 101097 845.1426835379 0.9883 
1535 101527 845.1426835379 0.9883 
1540 101961 845.1426835379 0.9883 
1545 102391 845.1426835379 0.9883 
1550 102811 845.1426835379 0.9883 
1555 103237 845.1426835379 0.9883 
1560 103661 845.1426835379 0.9883 
1565 104092 845.1426835379 0.9883 
1570 104518 845.1426835379 0.9883 
1575 104945 845.1426835379 0.9883 
1580 105372 845.1426835379 0.9883 
1585 105801 845.1426835379 0.9883 
1590 106218 845.1426835379 0.9883 
1595 106645 845.1426835379 0.9883 
1600 107075 845.1426835379 0.9883 
1605 107497 845.1426835379 0.9883 
1610 107919 845.1426835379 0.9883 
1615 108341 845.1426835379 0.9883 
1620 108757 845.1426835379 0.9883 
1625 109186 845.1426835379 0.9883 
1630 109609 845.1426835379 0.9883 
1635 110032 845.1426835379 0.9883 
1640 110457 845.1426835379 0.9883 
1645 110882 845.1426835379 0.9883 
1650 111313 845.1426835379 0.9883 
1655 111734 845.1426835379 0.9883 
1660 112160 845.1426835379 0.9883 
1665 112582 845.1426835379 0.9883 
1670 113011 845.1426835379 0.9883 
1675 113442 845.1426835379 0.9883 
1680 113866 845.1426835379 0.9883 
1685 114288 845.1426835379 0.9883 
1690 114711 845.1426835379 0.9883 
1695 115137 845.1426835379 0.9883 
1700 115561 845.1426835379 0.9883 
1705 115973 845.1426835379 0.9883 
1710 116397 845.1426835379 0.9883 
1715 116816 845.1426835379 0.9883 
1720 117240 845.1426835379 0.9883 
1725 117660 845.1426835379 0.9883 
1730 118078 845.1426835379 0.9883 
1735 118501 845.1426835379 0.9883 
1740 118930 845.1426835379 0.9883 
1745 119355 845.1426835379 0.9883 
1750 119779 845.1426835379 0.9883 
1755 120203 845.1426835379 0.9883 
1760 120626 845.1426835379 0.9883 
1765 121048 845.1426835379 0.9883 
1770 121474 845.1426835379 0.9883 
1775 121893 845.1426835379 0.9883 
1780 122315 845.1426835379 0.9883 
1785 122743 845.1426835379 0.9883 
1790 123171 845.1426835379 0.9883 
1795 123597 845.1426835379 0.9883 
1800 124024 845.1426835379 0.9883 
