0 0 1229.1655225166 0.0000 
5 4 1009.8981499875 0.8180 
10 8 935.6442099081 0.8830 
15 12 875.2920748594 0.9438 
20 15 861.6242195320 0.9588 
25 19 860.7195455946 0.9598 
30 23 854.8203558201 0.9664 
35 27 849.7862365388 0.9722 
40 31 844.5501195792 0.9782 
45 35 843.1455933428 0.9798 
50 38 841.6088103795 0.9816 
55 42 839.3599331152 0.9842 
60 46 838.6982935187 0.9850 
65 50 838.6982935187 0.9850 
70 53 838.6982935187 0.9850 
75 57 838.6982935187 0.9850 
80 61 838.6982935187 0.9850 
85 65 837.7105825785 0.9862 
90 69 837.2098360537 0.9868 
95 72 835.0588245690 0.9893 
100 76 833.5583182283 0.9911 
105 80 833.2370436655 0.9915 
110 84 832.8531440743 0.9919 
115 88 832.8531440743 0.9919 
120 91 831.8819114600 0.9931 
125 95 831.8819114600 0.9931 
130 99 830.8736925822 0.9943 
135 103 830.8736925822 0.9943 
140 107 830.8736925822 0.9943 
145 111 830.8736925822 0.9943 
150 115 830.8736925822 0.9943 
155 118 830.8736925822 0.9943 
160 122 830.8736925822 0.9943 
165 126 830.8736925822 0.9943 
170 130 830.8736925822 0.9943 
175 134 830.8736925822 0.9943 
180 138 830.8736925822 0.9943 
185 142 830.8736925822 0.9943 
190 146 830.8736925822 0.9943 
195 150 830.8736925822 0.9943 
200 154 830.8736925822 0.9943 
205 158 830.8736925822 0.9943 
210 163 830.8736925822 0.9943 
215 167 830.8736925822 0.9943 
220 171 830.8736925822 0.9943 
225 175 830.8736925822 0.9943 
230 179 830.8736925822 0.9943 
235 183 830.8736925822 0.9943 
240 187 830.8736925822 0.9943 
245 192 830.8736925822 0.9943 
250 196 830.8736925822 0.9943 
255 200 830.8736925822 0.9943 
260 205 830.8736925822 0.9943 
265 209 830.8736925822 0.9943 
270 213 830.8736925822 0.9943 
275 218 830.8736925822 0.9943 
280 222 830.8736925822 0.9943 
285 226 830.8736925822 0.9943 
290 231 830.8736925822 0.9943 
295 235 830.8736925822 0.9943 
300 240 830.8736925822 0.9943 
305 244 830.8736925822 0.9943 
310 249 830.8736925822 0.9943 
315 253 830.8736925822 0.9943 
320 258 830.8736925822 0.9943 
325 263 830.8736925822 0.9943 
330 267 830.8736925822 0.9943 
335 272 830.8736925822 0.9943 
340 276 830.8736925822 0.9943 
345 281 830.8736925822 0.9943 
350 286 830.8736925822 0.9943 
355 291 830.8736925822 0.9943 
360 295 830.8736925822 0.9943 
365 300 830.8736925822 0.9943 
370 305 830.8736925822 0.9943 
375 310 830.8736925822 0.9943 
380 315 830.8736925822 0.9943 
385 320 830.8736925822 0.9943 
390 325 830.8736925822 0.9943 
395 330 830.8736925822 0.9943 
400 335 830.8736925822 0.9943 
405 340 830.8736925822 0.9943 
410 345 830.8736925822 0.9943 
415 350 830.8736925822 0.9943 
420 356 830.8736925822 0.9943 
425 361 830.8736925822 0.9943 
430 366 830.8736925822 0.9943 
435 371 830.8736925822 0.9943 
440 377 830.8736925822 0.9943 
445 382 830.8736925822 0.9943 
450 388 830.8736925822 0.9943 
455 393 830.8736925822 0.9943 
460 399 830.8736925822 0.9943 
465 405 830.8736925822 0.9943 
470 410 830.8736925822 0.9943 
475 416 830.8736925822 0.9943 
480 422 830.8736925822 0.9943 
485 428 830.8736925822 0.9943 
490 434 830.8736925822 0.9943 
495 440 830.8736925822 0.9943 
500 446 830.6970904752 0.9945 
505 452 830.6970904752 0.9945 
510 458 830.6970904752 0.9945 
515 465 830.6970904752 0.9945 
520 471 830.6970904752 0.9945 
525 477 830.6970904752 0.9945 
530 484 830.6970904752 0.9945 
535 490 830.6970904752 0.9945 
540 497 830.6970904752 0.9945 
545 503 828.5988402275 0.9970 
550 510 828.5988402275 0.9970 
555 517 828.5988402275 0.9970 
560 524 828.5988402275 0.9970 
565 531 828.5988402275 0.9970 
570 538 828.5988402275 0.9970 
575 546 828.5988402275 0.9970 
580 553 828.5988402275 0.9970 
585 561 828.4197235586 0.9972 
590 569 828.4197235586 0.9972 
595 577 828.4197235586 0.9972 
600 585 828.4197235586 0.9972 
605 593 828.4197235586 0.9972 
610 601 828.4197235586 0.9972 
615 609 828.4197235586 0.9972 
620 618 828.4197235586 0.9972 
625 627 828.4197235586 0.9972 
630 636 828.4197235586 0.9972 
635 646 828.4197235586 0.9972 
640 656 828.4197235586 0.9972 
645 665 828.4197235586 0.9972 
650 676 827.3926056185 0.9985 
655 686 827.3926056185 0.9985 
660 697 827.3926056185 0.9985 
665 708 827.3926056185 0.9985 
670 721 827.3926056185 0.9985 
675 733 827.3926056185 0.9985 
680 746 827.3926056185 0.9985 
685 759 827.3926056185 0.9985 
690 774 827.3926056185 0.9985 
695 790 827.3926056185 0.9985 
700 806 827.3926056185 0.9985 
705 825 827.3926056185 0.9985 
710 845 827.3926056185 0.9985 
715 869 827.3926056185 0.9985 
720 897 827.3926056185 0.9985 
725 938 827.3926056185 0.9985 
730 1060 827.3926056185 0.9985 
735 1246 827.3926056185 0.9985 
740 1428 827.3926056185 0.9985 
745 1610 827.3926056185 0.9985 
750 1792 827.3926056185 0.9985 
755 1975 827.3926056185 0.9985 
760 2156 827.3926056185 0.9985 
765 2340 827.3926056185 0.9985 
770 2521 827.3926056185 0.9985 
775 2699 827.3926056185 0.9985 
780 2883 827.3926056185 0.9985 
785 3065 827.3926056185 0.9985 
790 3241 827.3926056185 0.9985 
795 3420 827.3926056185 0.9985 
800 3601 827.3926056185 0.9985 
805 3782 827.3926056185 0.9985 
810 3963 827.3926056185 0.9985 
815 4142 827.3926056185 0.9985 
820 4325 827.3926056185 0.9985 
825 4503 827.3926056185 0.9985 
830 4682 827.3926056185 0.9985 
835 4864 827.3926056185 0.9985 
840 5048 827.3926056185 0.9985 
845 5230 827.3926056185 0.9985 
850 5417 827.3926056185 0.9985 
855 5600 827.3926056185 0.9985 
860 5781 827.3926056185 0.9985 
865 5962 827.3926056185 0.9985 
870 6141 827.3926056185 0.9985 
875 6322 827.3926056185 0.9985 
880 6507 827.3926056185 0.9985 
885 6689 827.3926056185 0.9985 
890 6869 827.3926056185 0.9985 
895 7052 827.3926056185 0.9985 
900 7235 827.3926056185 0.9985 
905 7414 827.3926056185 0.9985 
910 7596 827.3926056185 0.9985 
915 7776 827.3926056185 0.9985 
920 7954 827.3926056185 0.9985 
925 8140 827.3926056185 0.9985 
930 8326 827.3926056185 0.9985 
935 8503 827.3926056185 0.9985 
940 8685 827.3926056185 0.9985 
945 8866 827.3926056185 0.9985 
950 9044 827.3926056185 0.9985 
955 9220 827.3926056185 0.9985 
960 9401 827.3926056185 0.9985 
965 9582 827.3926056185 0.9985 
970 9764 827.3926056185 0.9985 
975 9952 827.3926056185 0.9985 
980 10133 827.3926056185 0.9985 
985 10313 827.3926056185 0.9985 
990 10499 827.3926056185 0.9985 
995 10681 827.3926056185 0.9985 
1000 10865 827.3926056185 0.9985 
1005 11046 827.3926056185 0.9985 
1010 11226 827.3926056185 0.9985 
1015 11412 827.3926056185 0.9985 
1020 11594 827.3926056185 0.9985 
1025 11778 827.3926056185 0.9985 
1030 11959 827.3926056185 0.9985 
1035 12144 827.3926056185 0.9985 
1040 12325 827.3926056185 0.9985 
1045 12505 827.3926056185 0.9985 
1050 12685 827.3926056185 0.9985 
1055 12869 827.3926056185 0.9985 
1060 13051 827.3926056185 0.9985 
1065 13227 827.3926056185 0.9985 
1070 13410 827.3926056185 0.9985 
1075 13588 827.3926056185 0.9985 
1080 13770 827.3926056185 0.9985 
1085 13955 827.3926056185 0.9985 
1090 14137 827.3926056185 0.9985 
1095 14316 827.3926056185 0.9985 
1100 14503 827.3926056185 0.9985 
1105 14688 827.3926056185 0.9985 
1110 14871 827.3926056185 0.9985 
1115 15053 827.3926056185 0.9985 
1120 15234 827.3926056185 0.9985 
1125 15419 827.3926056185 0.9985 
1130 15602 827.3926056185 0.9985 
1135 15781 827.3926056185 0.9985 
1140 15961 827.3926056185 0.9985 
1145 16133 827.3926056185 0.9985 
1150 16316 827.3926056185 0.9985 
1155 16493 827.3926056185 0.9985 
1160 16670 827.3926056185 0.9985 
1165 16852 827.3926056185 0.9985 
1170 17039 827.3926056185 0.9985 
1175 17216 827.3926056185 0.9985 
1180 17395 827.3926056185 0.9985 
1185 17576 827.3926056185 0.9985 
1190 17755 827.3926056185 0.9985 
1195 17935 827.3926056185 0.9985 
1200 18119 827.3926056185 0.9985 
1205 18299 827.3926056185 0.9985 
1210 18479 827.3926056185 0.9985 
1215 18661 827.3926056185 0.9985 
1220 18840 827.3926056185 0.9985 
1225 19024 827.3926056185 0.9985 
1230 19201 827.3926056185 0.9985 
1235 19377 827.3926056185 0.9985 
1240 19560 827.3926056185 0.9985 
1245 19741 827.3926056185 0.9985 
1250 19919 827.3926056185 0.9985 
1255 20099 827.3926056185 0.9985 
1260 20279 827.3926056185 0.9985 
1265 20459 827.3926056185 0.9985 
1270 20639 827.3926056185 0.9985 
1275 20814 827.3926056185 0.9985 
1280 20997 827.3926056185 0.9985 
1285 21179 827.3926056185 0.9985 
1290 21359 827.3926056185 0.9985 
1295 21540 827.3926056185 0.9985 
1300 21724 827.3926056185 0.9985 
1305 21904 827.3926056185 0.9985 
1310 22082 827.3926056185 0.9985 
1315 22264 827.3926056185 0.9985 
1320 22441 827.3926056185 0.9985 
1325 22619 827.3926056185 0.9985 
1330 22799 827.3926056185 0.9985 
1335 22981 827.3926056185 0.9985 
1340 23159 827.3926056185 0.9985 
1345 23340 827.3926056185 0.9985 
1350 23515 827.3926056185 0.9985 
1355 23699 827.3926056185 0.9985 
1360 23882 827.3926056185 0.9985 
1365 24062 827.3926056185 0.9985 
1370 24245 827.3926056185 0.9985 
1375 24423 827.3926056185 0.9985 
1380 24604 827.3926056185 0.9985 
1385 24784 827.3926056185 0.9985 
1390 24969 827.3926056185 0.9985 
1395 25150 827.3926056185 0.9985 
1400 25326 827.3926056185 0.9985 
1405 25505 827.3926056185 0.9985 
1410 25690 827.3926056185 0.9985 
1415 25872 827.3926056185 0.9985 
1420 26060 827.3926056185 0.9985 
1425 26237 827.3926056185 0.9985 
1430 26415 827.3926056185 0.9985 
1435 26597 827.3926056185 0.9985 
1440 26778 827.3926056185 0.9985 
1445 26962 827.3926056185 0.9985 
1450 27145 827.3926056185 0.9985 
1455 27326 827.3926056185 0.9985 
1460 27507 827.3926056185 0.9985 
1465 27685 827.3926056185 0.9985 
1470 27865 827.3926056185 0.9985 
1475 28043 827.3926056185 0.9985 
1480 28225 827.3926056185 0.9985 
1485 28406 827.3926056185 0.9985 
1490 28590 827.3926056185 0.9985 
1495 28769 827.3926056185 0.9985 
1500 28946 827.3926056185 0.9985 
1505 29119 827.3926056185 0.9985 
1510 29304 827.3926056185 0.9985 
1515 29485 827.3926056185 0.9985 
1520 29671 827.3926056185 0.9985 
1525 29852 827.3926056185 0.9985 
1530 30036 827.3926056185 0.9985 
1535 30216 827.3926056185 0.9985 
1540 30397 827.3926056185 0.9985 
1545 30580 827.3926056185 0.9985 
1550 30762 827.3926056185 0.9985 
1555 30944 827.3926056185 0.9985 
1560 31121 827.3926056185 0.9985 
1565 31304 827.3926056185 0.9985 
1570 31486 827.3926056185 0.9985 
1575 31666 827.3926056185 0.9985 
1580 31846 827.3926056185 0.9985 
1585 32023 827.3926056185 0.9985 
1590 32203 827.3926056185 0.9985 
1595 32382 827.3926056185 0.9985 
1600 32560 827.3926056185 0.9985 
1605 32742 827.3926056185 0.9985 
1610 32927 827.3926056185 0.9985 
1615 33105 827.3926056185 0.9985 
1620 33285 827.3926056185 0.9985 
1625 33469 827.3926056185 0.9985 
1630 33652 827.3926056185 0.9985 
1635 33830 827.3926056185 0.9985 
1640 34006 827.3926056185 0.9985 
1645 34188 827.3926056185 0.9985 
1650 34369 827.3926056185 0.9985 
1655 34548 827.3926056185 0.9985 
1660 34730 827.3926056185 0.9985 
1665 34909 827.3926056185 0.9985 
1670 35091 827.3926056185 0.9985 
1675 35271 827.3926056185 0.9985 
1680 35459 827.3926056185 0.9985 
1685 35639 827.3926056185 0.9985 
1690 35817 827.3926056185 0.9985 
1695 36000 827.3926056185 0.9985 
1700 36178 827.3926056185 0.9985 
1705 36359 827.3926056185 0.9985 
1710 36536 827.3926056185 0.9985 
1715 36715 827.3926056185 0.9985 
1720 36897 827.3926056185 0.9985 
1725 37072 827.3926056185 0.9985 
1730 37253 827.3926056185 0.9985 
1735 37434 827.3926056185 0.9985 
1740 37615 827.3926056185 0.9985 
1745 37797 827.3926056185 0.9985 
1750 37977 827.3926056185 0.9985 
1755 38154 827.3926056185 0.9985 
1760 38329 827.3926056185 0.9985 
1765 38510 827.3926056185 0.9985 
1770 38689 827.3926056185 0.9985 
1775 38868 827.3926056185 0.9985 
1780 39049 827.3926056185 0.9985 
1785 39229 827.3926056185 0.9985 
1790 39411 827.3926056185 0.9985 
1795 39590 827.3926056185 0.9985 
1800 39772 827.3926056185 0.9985 
