0 0 1715.5291160505 0.0000 
5 2 1608.7128422544 0.6393 
10 3 1608.7128422544 0.6393 
15 5 1404.2878636229 0.7323 
20 6 1352.4931815769 0.7604 
25 7 1288.0517499662 0.7984 
30 9 1240.2405306983 0.8292 
35 10 1235.1758241911 0.8326 
40 12 1191.2231384896 0.8633 
45 13 1191.2231384896 0.8633 
50 15 1181.8836358845 0.8702 
55 16 1178.5729518188 0.8726 
60 17 1175.9155597740 0.8746 
65 19 1175.9155597740 0.8746 
70 20 1175.1736908779 0.8751 
75 22 1170.6456572046 0.8785 
80 23 1170.3553530777 0.8787 
85 25 1161.1233792484 0.8857 
90 26 1151.0898956708 0.8934 
95 27 1144.3789188863 0.8987 
100 29 1144.3789188863 0.8987 
105 30 1139.0963368064 0.9028 
110 32 1139.0963368064 0.9028 
115 33 1139.0963368064 0.9028 
120 34 1139.0963368064 0.9028 
125 36 1133.5163672430 0.9073 
130 37 1133.5163672430 0.9073 
135 39 1121.3745860274 0.9171 
140 40 1113.8062562601 0.9233 
145 42 1107.4028925580 0.9287 
150 43 1105.6459015360 0.9302 
155 45 1105.2572257308 0.9305 
160 46 1103.2405908161 0.9322 
165 48 1103.2405908161 0.9322 
170 49 1103.2405908161 0.9322 
175 51 1101.5579700187 0.9336 
180 52 1095.1977824193 0.9390 
185 54 1095.1977824193 0.9390 
190 55 1095.1977824193 0.9390 
195 56 1095.1977824193 0.9390 
200 58 1095.1977824193 0.9390 
205 59 1095.1977824193 0.9390 
210 61 1088.1711368183 0.9451 
215 62 1083.8675207877 0.9488 
220 64 1083.8675207877 0.9488 
225 65 1083.8675207877 0.9488 
230 67 1083.4298866085 0.9492 
235 68 1081.8333578579 0.9506 
240 70 1081.8333578579 0.9506 
245 71 1081.8333578579 0.9506 
250 73 1078.0750039534 0.9539 
255 74 1078.0750039534 0.9539 
260 76 1077.7225991655 0.9543 
265 78 1077.4490467525 0.9545 
270 79 1076.9007983597 0.9550 
275 81 1076.5120114345 0.9553 
280 82 1076.5120114345 0.9553 
285 84 1075.5815366243 0.9562 
290 85 1075.5815366243 0.9562 
295 87 1073.3935424656 0.9581 
300 88 1073.3935424656 0.9581 
305 90 1073.3935424656 0.9581 
310 91 1073.3935424656 0.9581 
315 93 1072.3224718733 0.9591 
320 94 1072.1207314316 0.9592 
325 96 1071.9803631982 0.9594 
330 97 1071.9803631982 0.9594 
335 99 1071.9803631982 0.9594 
340 100 1071.9803631982 0.9594 
345 102 1071.9803631982 0.9594 
350 103 1071.9803631982 0.9594 
355 105 1071.9803631982 0.9594 
360 106 1071.9803631982 0.9594 
365 108 1071.9803631982 0.9594 
370 109 1071.9803631982 0.9594 
375 111 1071.9803631982 0.9594 
380 113 1071.9803631982 0.9594 
385 114 1071.9803631982 0.9594 
390 116 1071.9803631982 0.9594 
395 117 1071.9803631982 0.9594 
400 119 1071.8272402311 0.9595 
405 121 1071.8272402311 0.9595 
410 122 1071.8272402311 0.9595 
415 124 1071.8272402311 0.9595 
420 125 1071.8272402311 0.9595 
425 127 1071.7995216581 0.9595 
430 128 1071.7361557626 0.9596 
435 130 1071.7361557626 0.9596 
440 132 1071.7361557626 0.9596 
445 133 1071.7361557626 0.9596 
450 135 1071.7361557626 0.9596 
455 136 1071.7361557626 0.9596 
460 138 1071.7361557626 0.9596 
465 140 1071.7361557626 0.9596 
470 141 1071.7361557626 0.9596 
475 143 1071.7361557626 0.9596 
480 144 1071.7361557626 0.9596 
485 146 1071.7361557626 0.9596 
490 148 1071.7361557626 0.9596 
495 149 1071.7361557626 0.9596 
500 151 1071.5697920119 0.9597 
505 152 1071.5697920119 0.9597 
510 154 1071.5697920119 0.9597 
515 156 1071.5697920119 0.9597 
520 157 1071.5697920119 0.9597 
525 159 1071.5206410990 0.9598 
530 161 1071.5206410990 0.9598 
535 162 1071.5206410990 0.9598 
540 164 1071.5206410990 0.9598 
545 166 1071.5206410990 0.9598 
550 167 1071.5206410990 0.9598 
555 169 1070.5435386423 0.9607 
560 170 1070.5435386423 0.9607 
565 172 1069.2805521672 0.9618 
570 174 1069.2805521672 0.9618 
575 175 1069.2805521672 0.9618 
580 177 1069.2805521672 0.9618 
585 179 1069.2805521672 0.9618 
590 180 1069.2805521672 0.9618 
595 182 1069.2805521672 0.9618 
600 184 1069.2805521672 0.9618 
605 186 1067.7121506506 0.9632 
610 187 1067.7121506506 0.9632 
615 189 1067.7121506506 0.9632 
620 191 1067.7121506506 0.9632 
625 192 1067.7121506506 0.9632 
630 194 1067.7121506506 0.9632 
635 196 1067.7121506506 0.9632 
640 197 1067.7121506506 0.9632 
645 199 1067.7121506506 0.9632 
650 201 1067.7121506506 0.9632 
655 202 1067.7121506506 0.9632 
660 204 1067.7121506506 0.9632 
665 206 1067.7121506506 0.9632 
670 208 1067.7121506506 0.9632 
675 209 1067.7121506506 0.9632 
680 211 1067.7121506506 0.9632 
685 213 1067.7121506506 0.9632 
690 214 1067.7121506506 0.9632 
695 216 1067.7121506506 0.9632 
700 218 1067.7121506506 0.9632 
705 220 1066.6134662464 0.9642 
710 221 1066.6134662464 0.9642 
715 223 1066.6134662464 0.9642 
720 225 1066.1810203660 0.9646 
725 227 1064.4254720877 0.9662 
730 228 1064.4254720877 0.9662 
735 230 1064.1991412568 0.9664 
740 232 1064.1991412568 0.9664 
745 234 1064.1991412568 0.9664 
750 235 1064.1991412568 0.9664 
755 237 1064.1991412568 0.9664 
760 239 1064.1991412568 0.9664 
765 241 1064.1991412568 0.9664 
770 243 1064.1991412568 0.9664 
775 244 1064.1991412568 0.9664 
780 246 1064.1991412568 0.9664 
785 248 1064.1991412568 0.9664 
790 250 1064.1991412568 0.9664 
795 252 1064.1991412568 0.9664 
800 253 1064.1991412568 0.9664 
805 255 1064.1991412568 0.9664 
810 257 1064.1991412568 0.9664 
815 259 1063.0958431705 0.9674 
820 261 1063.0958431705 0.9674 
825 262 1063.0958431705 0.9674 
830 264 1063.0958431705 0.9674 
835 266 1063.0958431705 0.9674 
840 268 1063.0958431705 0.9674 
845 270 1062.8704550442 0.9676 
850 272 1062.8704550442 0.9676 
855 274 1062.0690825047 0.9683 
860 275 1062.0690825047 0.9683 
865 277 1062.0690825047 0.9683 
870 279 1062.0690825047 0.9683 
875 281 1062.0690825047 0.9683 
880 283 1062.0690825047 0.9683 
885 285 1062.0690825047 0.9683 
890 287 1062.0690825047 0.9683 
895 289 1062.0690825047 0.9683 
900 290 1062.0690825047 0.9683 
905 292 1062.0690825047 0.9683 
910 294 1062.0690825047 0.9683 
915 296 1062.0690825047 0.9683 
920 298 1062.0690825047 0.9683 
925 300 1062.0690825047 0.9683 
930 302 1062.0690825047 0.9683 
935 304 1062.0690825047 0.9683 
940 306 1062.0690825047 0.9683 
945 308 1062.0690825047 0.9683 
950 310 1062.0690825047 0.9683 
955 312 1062.0690825047 0.9683 
960 314 1062.0690825047 0.9683 
965 316 1062.0454085070 0.9683 
970 318 1062.0454085070 0.9683 
975 320 1062.0454085070 0.9683 
980 322 1062.0454085070 0.9683 
985 324 1062.0454085070 0.9683 
990 326 1062.0454085070 0.9683 
995 328 1062.0454085070 0.9683 
1000 330 1062.0454085070 0.9683 
1005 332 1062.0454085070 0.9683 
1010 334 1062.0454085070 0.9683 
1015 336 1062.0454085070 0.9683 
1020 338 1062.0454085070 0.9683 
1025 340 1062.0454085070 0.9683 
1030 342 1062.0454085070 0.9683 
1035 344 1062.0454085070 0.9683 
1040 346 1062.0454085070 0.9683 
1045 348 1062.0454085070 0.9683 
1050 350 1061.6704509131 0.9687 
1055 353 1061.6704509131 0.9687 
1060 355 1061.6704509131 0.9687 
1065 357 1061.6704509131 0.9687 
1070 359 1061.6704509131 0.9687 
1075 361 1061.6704509131 0.9687 
1080 363 1061.6704509131 0.9687 
1085 365 1061.6704509131 0.9687 
1090 367 1061.6704509131 0.9687 
1095 369 1061.6704509131 0.9687 
1100 371 1061.6704509131 0.9687 
1105 373 1061.6704509131 0.9687 
1110 376 1061.6704509131 0.9687 
1115 378 1061.6704509131 0.9687 
1120 380 1061.6704509131 0.9687 
1125 382 1061.6704509131 0.9687 
1130 384 1061.6704509131 0.9687 
1135 387 1060.8461267609 0.9694 
1140 389 1060.8461267609 0.9694 
1145 391 1060.8461267609 0.9694 
1150 393 1060.8461267609 0.9694 
1155 396 1060.6374075824 0.9696 
1160 398 1060.6374075824 0.9696 
1165 400 1060.6374075824 0.9696 
1170 402 1060.6374075824 0.9696 
1175 405 1060.6374075824 0.9696 
1180 407 1060.6374075824 0.9696 
1185 409 1060.1126217733 0.9701 
1190 411 1060.1126217733 0.9701 
1195 414 1059.8981463714 0.9703 
1200 416 1059.8981463714 0.9703 
1205 418 1059.8981463714 0.9703 
1210 420 1059.8981463714 0.9703 
1215 423 1059.8981463714 0.9703 
1220 425 1059.8981463714 0.9703 
1225 427 1059.8981463714 0.9703 
1230 430 1059.8981463714 0.9703 
1235 432 1059.8981463714 0.9703 
1240 435 1059.8981463714 0.9703 
1245 437 1059.8981463714 0.9703 
1250 439 1059.8981463714 0.9703 
1255 442 1059.8981463714 0.9703 
1260 444 1059.8981463714 0.9703 
1265 446 1059.8981463714 0.9703 
1270 449 1059.8981463714 0.9703 
1275 451 1059.8981463714 0.9703 
1280 454 1059.8981463714 0.9703 
1285 456 1059.8981463714 0.9703 
1290 459 1059.8981463714 0.9703 
1295 461 1059.8981463714 0.9703 
1300 464 1059.8981463714 0.9703 
1305 466 1059.8981463714 0.9703 
1310 469 1059.8981463714 0.9703 
1315 471 1059.8981463714 0.9703 
1320 474 1059.6889529196 0.9705 
1325 476 1059.6889529196 0.9705 
1330 479 1059.6889529196 0.9705 
1335 481 1059.6889529196 0.9705 
1340 484 1059.6889529196 0.9705 
1345 486 1059.6889529196 0.9705 
1350 489 1059.6889529196 0.9705 
1355 492 1059.6889529196 0.9705 
1360 494 1059.6889529196 0.9705 
1365 497 1059.6889529196 0.9705 
1370 500 1059.6889529196 0.9705 
1375 502 1059.6889529196 0.9705 
1380 505 1058.9218787220 0.9712 
1385 508 1058.9218787220 0.9712 
1390 510 1058.9218787220 0.9712 
1395 513 1058.9218787220 0.9712 
1400 516 1058.9218787220 0.9712 
1405 519 1058.9218787220 0.9712 
1410 521 1058.9218787220 0.9712 
1415 524 1058.9218787220 0.9712 
1420 527 1058.9218787220 0.9712 
1425 530 1058.9218787220 0.9712 
1430 533 1058.9218787220 0.9712 
1435 536 1058.9218787220 0.9712 
1440 539 1058.9218787220 0.9712 
1445 541 1058.9218787220 0.9712 
1450 544 1058.9218787220 0.9712 
1455 547 1058.9218787220 0.9712 
1460 550 1058.9218787220 0.9712 
1465 553 1058.9218787220 0.9712 
1470 556 1058.9218787220 0.9712 
1475 559 1058.9218787220 0.9712 
1480 562 1058.9218787220 0.9712 
1485 566 1058.9218787220 0.9712 
1490 569 1058.9218787220 0.9712 
1495 572 1058.9218787220 0.9712 
1500 575 1058.9218787220 0.9712 
1505 578 1058.9218787220 0.9712 
1510 581 1056.6790516248 0.9733 
1515 584 1056.6790516248 0.9733 
1520 588 1056.6790516248 0.9733 
1525 591 1056.6790516248 0.9733 
1530 594 1056.0889660820 0.9738 
1535 598 1056.0889660820 0.9738 
1540 601 1056.0889660820 0.9738 
1545 604 1056.0889660820 0.9738 
1550 608 1056.0889660820 0.9738 
1555 611 1056.0889660820 0.9738 
1560 614 1056.0413906092 0.9738 
1565 618 1056.0413906092 0.9738 
1570 622 1056.0413906092 0.9738 
1575 625 1056.0413906092 0.9738 
1580 629 1056.0413906092 0.9738 
1585 632 1056.0413906092 0.9738 
1590 636 1056.0413906092 0.9738 
1595 640 1056.0413906092 0.9738 
1600 643 1056.0413906092 0.9738 
1605 647 1056.0413906092 0.9738 
1610 651 1056.0413906092 0.9738 
1615 655 1056.0413906092 0.9738 
1620 659 1056.0413906092 0.9738 
1625 663 1056.0413906092 0.9738 
1630 667 1056.0413906092 0.9738 
1635 671 1056.0413906092 0.9738 
1640 675 1056.0413906092 0.9738 
1645 679 1056.0413906092 0.9738 
1650 683 1056.0413906092 0.9738 
1655 687 1056.0413906092 0.9738 
1660 691 1056.0413906092 0.9738 
1665 696 1056.0413906092 0.9738 
1670 700 1056.0413906092 0.9738 
1675 704 1056.0413906092 0.9738 
1680 709 1056.0413906092 0.9738 
1685 714 1056.0413906092 0.9738 
1690 718 1056.0413906092 0.9738 
1695 723 1056.0413906092 0.9738 
1700 728 1056.0413906092 0.9738 
1705 733 1056.0413906092 0.9738 
1710 738 1056.0413906092 0.9738 
1715 744 1056.0413906092 0.9738 
1720 749 1056.0413906092 0.9738 
1725 754 1056.0413906092 0.9738 
1730 760 1056.0413906092 0.9738 
1735 765 1056.0413906092 0.9738 
1740 771 1056.0413906092 0.9738 
1745 777 1056.0413906092 0.9738 
1750 783 1056.0413906092 0.9738 
1755 789 1056.0413906092 0.9738 
1760 796 1056.0413906092 0.9738 
1765 803 1056.0413906092 0.9738 
1770 810 1056.0413906092 0.9738 
1775 817 1056.0413906092 0.9738 
1780 824 1056.0413906092 0.9738 
1785 832 1056.0413906092 0.9738 
1790 841 1056.0413906092 0.9738 
1795 849 1056.0413906092 0.9738 
1800 857 1056.0413906092 0.9738 
