0 0 2102.7477295608 0.0000 
5 1 2102.7477295608 0.0000 
15 2 2102.7477295608 0.0000 
20 3 2102.7477295608 0.0000 
25 4 1971.2192568054 0.6552 
35 5 1971.2192568054 0.6552 
40 6 1845.4364645246 0.6998 
45 7 1735.7954853628 0.7440 
55 8 1713.6654656789 0.7536 
60 9 1687.2172533312 0.7654 
70 10 1669.0010150198 0.7738 
75 11 1669.0010150198 0.7738 
85 12 1657.4540383991 0.7792 
90 13 1631.0458594716 0.7918 
95 14 1617.0324174326 0.7987 
105 15 1605.5728643999 0.8044 
110 16 1605.5728643999 0.8044 
120 17 1604.1729850733 0.8051 
125 18 1604.1729850733 0.8051 
130 19 1590.9837442884 0.8117 
140 20 1567.1022139730 0.8241 
145 21 1559.0458172654 0.8284 
155 22 1559.0040035921 0.8284 
160 23 1546.6805229463 0.8350 
165 24 1544.8058321182 0.8360 
175 25 1538.8611907103 0.8392 
180 26 1529.9362713379 0.8441 
185 27 1527.8428011031 0.8453 
195 28 1526.9469456819 0.8458 
200 29 1520.8173164564 0.8492 
210 30 1518.1672430629 0.8507 
215 31 1518.1672430629 0.8507 
220 32 1506.4028186156 0.8573 
230 33 1506.3298527599 0.8573 
235 34 1496.1689905247 0.8632 
245 35 1496.1689905247 0.8632 
250 36 1496.1689905247 0.8632 
255 37 1480.0437949712 0.8726 
265 38 1476.8116894780 0.8745 
270 39 1475.1663372878 0.8755 
280 40 1469.8546336219 0.8786 
285 41 1469.6544602266 0.8787 
290 42 1469.6544602266 0.8787 
300 43 1468.5489966714 0.8794 
305 44 1460.8006308566 0.8841 
315 45 1460.8006308566 0.8841 
320 46 1460.8006308566 0.8841 
325 47 1460.8006308566 0.8841 
335 48 1452.9364537848 0.8889 
340 49 1452.9364537848 0.8889 
350 50 1452.9364537848 0.8889 
355 51 1452.9364537848 0.8889 
360 52 1452.9364537848 0.8889 
370 53 1452.9364537848 0.8889 
375 54 1452.9364537848 0.8889 
380 55 1451.8925709547 0.8895 
390 56 1449.2037182099 0.8911 
395 57 1449.2037182099 0.8911 
400 58 1449.2037182099 0.8911 
410 59 1448.9934515801 0.8913 
415 60 1448.9934515801 0.8913 
425 61 1448.9934515801 0.8913 
430 62 1446.2726262239 0.8930 
435 63 1446.2726262239 0.8930 
440 64 1446.2726262239 0.8930 
450 65 1446.2726262239 0.8930 
455 66 1446.2726262239 0.8930 
460 67 1446.2726262239 0.8930 
470 68 1446.2726262239 0.8930 
475 69 1446.2726262239 0.8930 
480 70 1446.2726262239 0.8930 
490 71 1439.3666557732 0.8972 
495 72 1439.3666557732 0.8972 
500 73 1438.3795249727 0.8979 
510 74 1438.3795249727 0.8979 
515 75 1438.3795249727 0.8979 
520 76 1438.3795249727 0.8979 
530 77 1438.1387339205 0.8980 
535 78 1438.1387339205 0.8980 
540 79 1438.1387339205 0.8980 
550 80 1438.1387339205 0.8980 
555 81 1438.1387339205 0.8980 
560 82 1437.7368051069 0.8983 
570 83 1425.9767590635 0.9057 
575 84 1425.9767590635 0.9057 
580 85 1424.0468978573 0.9069 
590 86 1424.0468978573 0.9069 
595 87 1423.2716291468 0.9074 
600 88 1423.2716291468 0.9074 
605 89 1423.2716291468 0.9074 
615 90 1421.0851485673 0.9088 
620 91 1419.5326495854 0.9098 
625 92 1419.5326495854 0.9098 
635 93 1419.5326495854 0.9098 
640 94 1419.5326495854 0.9098 
645 95 1416.4041938848 0.9118 
655 96 1416.4041938848 0.9118 
660 97 1416.4041938848 0.9118 
665 98 1416.4041938848 0.9118 
675 99 1416.4041938848 0.9118 
680 100 1416.4041938848 0.9118 
685 101 1416.4041938848 0.9118 
690 102 1416.4041938848 0.9118 
700 103 1416.4041938848 0.9118 
705 104 1416.4041938848 0.9118 
710 105 1416.4041938848 0.9118 
720 106 1415.1692299679 0.9126 
725 107 1415.1692299679 0.9126 
730 108 1414.6235265951 0.9129 
735 109 1414.6235265951 0.9129 
745 110 1412.8126049385 0.9141 
750 111 1412.8126049385 0.9141 
755 112 1411.0858865501 0.9152 
765 113 1411.0858865501 0.9152 
770 114 1411.0858865501 0.9152 
775 115 1411.0858865501 0.9152 
780 116 1411.0858865501 0.9152 
790 117 1411.0858865501 0.9152 
795 118 1411.0858865501 0.9152 
800 119 1411.0858865501 0.9152 
810 120 1411.0858865501 0.9152 
815 121 1411.0858865501 0.9152 
820 122 1411.0858865501 0.9152 
825 123 1411.0858865501 0.9152 
835 124 1411.0858865501 0.9152 
840 125 1410.9409087185 0.9153 
845 126 1410.9409087185 0.9153 
850 127 1410.4664101449 0.9156 
860 128 1410.4664101449 0.9156 
865 129 1410.4664101449 0.9156 
870 130 1410.4664101449 0.9156 
875 131 1410.4664101449 0.9156 
885 132 1410.3321351597 0.9157 
890 133 1410.3321351597 0.9157 
895 134 1410.3321351597 0.9157 
900 135 1410.3321351597 0.9157 
910 136 1409.4438760529 0.9163 
915 137 1409.4438760529 0.9163 
920 138 1409.4438760529 0.9163 
925 139 1407.2704087756 0.9177 
935 140 1406.5690563032 0.9182 
940 141 1406.5690563032 0.9182 
945 142 1406.5690563032 0.9182 
950 143 1406.5690563032 0.9182 
960 144 1406.5690563032 0.9182 
965 145 1405.2079969903 0.9190 
970 146 1405.2079969903 0.9190 
975 147 1405.2079969903 0.9190 
980 148 1405.2079969903 0.9190 
990 149 1405.2079969903 0.9190 
995 150 1405.2079969903 0.9190 
1000 151 1404.4503586332 0.9195 
1005 152 1404.4503586332 0.9195 
1015 153 1404.4503586332 0.9195 
1020 154 1403.7794429489 0.9200 
1025 155 1403.7794429489 0.9200 
1030 156 1403.7794429489 0.9200 
1035 157 1403.2584864824 0.9203 
1045 158 1403.2584864824 0.9203 
1050 159 1403.2584864824 0.9203 
1055 160 1402.0233878681 0.9211 
1060 161 1402.0233878681 0.9211 
1065 162 1402.0233878681 0.9211 
1075 163 1402.0233878681 0.9211 
1080 164 1402.0233878681 0.9211 
1085 165 1400.8115532205 0.9219 
1090 166 1400.8115532205 0.9219 
1095 167 1399.5845792744 0.9227 
1105 168 1399.5845792744 0.9227 
1110 169 1399.5845792744 0.9227 
1115 170 1399.5845792744 0.9227 
1120 171 1399.5845792744 0.9227 
1125 172 1399.5845792744 0.9227 
1135 173 1399.5845792744 0.9227 
1140 174 1399.5845792744 0.9227 
1145 175 1399.5845792744 0.9227 
1150 176 1399.5845792744 0.9227 
1155 177 1399.5845792744 0.9227 
1160 178 1399.2733016522 0.9229 
1170 179 1399.2733016522 0.9229 
1175 180 1398.1387806876 0.9237 
1180 181 1397.6243601903 0.9240 
1185 182 1397.6243601903 0.9240 
1190 183 1397.6243601903 0.9240 
1195 184 1397.6243601903 0.9240 
1205 185 1396.2517804497 0.9249 
1210 186 1396.0218844673 0.9251 
1215 187 1396.0218844673 0.9251 
1220 188 1396.0218844673 0.9251 
1225 189 1396.0218844673 0.9251 
1235 190 1396.0218844673 0.9251 
1240 191 1396.0218844673 0.9251 
1245 192 1396.0218844673 0.9251 
1250 193 1396.0218844673 0.9251 
1255 194 1396.0218844673 0.9251 
1260 195 1396.0218844673 0.9251 
1265 196 1394.0045652849 0.9264 
1270 197 1393.7809139628 0.9266 
1280 198 1391.5260429110 0.9281 
1285 199 1391.5260429110 0.9281 
1290 200 1389.4886239588 0.9294 
1295 201 1389.4886239588 0.9294 
1300 202 1387.5572438476 0.9307 
1305 203 1387.5572438476 0.9307 
1315 204 1387.5572438476 0.9307 
1320 205 1387.5572438476 0.9307 
1325 206 1384.7489176036 0.9326 
1330 207 1379.1572578136 0.9364 
1335 208 1379.1572578136 0.9364 
1340 209 1379.1572578136 0.9364 
1345 210 1379.1572578136 0.9364 
1350 211 1379.1572578136 0.9364 
1360 212 1379.1572578136 0.9364 
1365 213 1379.1572578136 0.9364 
1370 214 1379.1572578136 0.9364 
1375 215 1379.1572578136 0.9364 
1380 216 1379.1572578136 0.9364 
1385 217 1379.1572578136 0.9364 
1390 218 1379.1572578136 0.9364 
1395 219 1379.1572578136 0.9364 
1405 220 1379.1572578136 0.9364 
1410 221 1379.1347354312 0.9364 
1415 222 1379.1347354312 0.9364 
1420 223 1378.3397818055 0.9370 
1425 224 1376.7633590221 0.9380 
1430 225 1376.7633590221 0.9380 
1435 226 1376.7633590221 0.9380 
1440 227 1376.7633590221 0.9380 
1450 228 1376.7633590221 0.9380 
1455 229 1376.7633590221 0.9380 
1460 230 1376.7633590221 0.9380 
1465 231 1376.7633590221 0.9380 
1470 232 1375.8370153984 0.9387 
1475 233 1375.8370153984 0.9387 
1480 234 1375.8370153984 0.9387 
1485 235 1375.8370153984 0.9387 
1490 236 1375.8370153984 0.9387 
1500 237 1375.8370153984 0.9387 
1505 238 1375.8370153984 0.9387 
1510 239 1375.8370153984 0.9387 
1515 240 1375.8370153984 0.9387 
1520 241 1375.8370153984 0.9387 
1525 242 1374.8789823069 0.9393 
1530 243 1374.8789823069 0.9393 
1535 244 1374.8789823069 0.9393 
1540 245 1374.8789823069 0.9393 
1545 246 1374.8789823069 0.9393 
1550 247 1374.8789823069 0.9393 
1560 248 1374.8789823069 0.9393 
1565 249 1374.8789823069 0.9393 
1570 250 1374.8789823069 0.9393 
1575 251 1374.8789823069 0.9393 
1580 252 1374.8789823069 0.9393 
1585 253 1374.8789823069 0.9393 
1590 254 1374.8789823069 0.9393 
1595 255 1373.4543026303 0.9403 
1600 256 1373.4543026303 0.9403 
1605 257 1373.4543026303 0.9403 
1610 258 1373.4543026303 0.9403 
1615 259 1373.4543026303 0.9403 
1620 260 1373.4543026303 0.9403 
1625 261 1373.4543026303 0.9403 
1630 262 1373.4543026303 0.9403 
1640 263 1373.4543026303 0.9403 
1645 264 1373.4543026303 0.9403 
1650 265 1373.4543026303 0.9403 
1655 266 1373.4543026303 0.9403 
1660 267 1373.4543026303 0.9403 
1665 268 1373.4543026303 0.9403 
1670 269 1373.4543026303 0.9403 
1675 270 1373.4543026303 0.9403 
1680 271 1373.4543026303 0.9403 
1685 272 1373.4543026303 0.9403 
1690 273 1373.4543026303 0.9403 
1695 274 1373.4543026303 0.9403 
1700 275 1373.4543026303 0.9403 
1705 276 1373.4543026303 0.9403 
1710 277 1373.4543026303 0.9403 
1715 278 1373.4543026303 0.9403 
1720 279 1373.4543026303 0.9403 
1725 280 1373.4543026303 0.9403 
1735 281 1373.4543026303 0.9403 
1740 282 1373.4543026303 0.9403 
1745 283 1373.4543026303 0.9403 
1750 284 1373.4543026303 0.9403 
1755 285 1373.4543026303 0.9403 
1760 286 1373.4543026303 0.9403 
1765 287 1373.4543026303 0.9403 
1770 288 1373.4543026303 0.9403 
1775 289 1373.4543026303 0.9403 
1780 290 1373.4543026303 0.9403 
1785 291 1373.4543026303 0.9403 
1790 292 1373.4543026303 0.9403 
1795 293 1373.4543026303 0.9403 
