0 0 832.5387599362 0.0000 
5 17 561.4048268634 0.9894 
10 31 559.3053836190 0.9931 
15 44 559.3053836190 0.9931 
20 57 556.6791413260 0.9978 
25 70 556.6791413260 0.9978 
30 84 556.6791413260 0.9978 
35 97 556.6791413260 0.9978 
40 110 556.6791413260 0.9978 
45 124 556.6791413260 0.9978 
50 138 555.4302364991 1.0000 
55 152 555.4302364991 1.0000 
60 166 555.4302364991 1.0000 
65 180 555.4302364991 1.0000 
70 194 555.4302364991 1.0000 
75 209 555.4302364991 1.0000 
80 224 555.4302364991 1.0000 
85 240 555.4302364991 1.0000 
90 256 555.4302364991 1.0000 
95 272 555.4302364991 1.0000 
100 288 555.4302364991 1.0000 
105 304 555.4302364991 1.0000 
110 321 555.4302364991 1.0000 
115 339 555.4302364991 1.0000 
120 358 555.4302364991 1.0000 
125 376 555.4302364991 1.0000 
130 395 555.4302364991 1.0000 
135 414 555.4302364991 1.0000 
140 435 555.4302364991 1.0000 
145 457 555.4302364991 1.0000 
150 479 555.4302364991 1.0000 
155 502 555.4302364991 1.0000 
160 526 555.4302364991 1.0000 
165 552 555.4302364991 1.0000 
170 580 555.4302364991 1.0000 
175 608 555.4302364991 1.0000 
180 640 555.4302364991 1.0000 
185 675 555.4302364991 1.0000 
190 713 555.4302364991 1.0000 
195 757 555.4302364991 1.0000 
200 812 555.4302364991 1.0000 
205 892 555.4302364991 1.0000 
210 1467 555.4302364991 1.0000 
215 2357 555.4302364991 1.0000 
220 3245 555.4302364991 1.0000 
225 4129 555.4302364991 1.0000 
230 5038 555.4302364991 1.0000 
235 5920 555.4302364991 1.0000 
240 6818 555.4302364991 1.0000 
245 7700 555.4302364991 1.0000 
250 8595 555.4302364991 1.0000 
255 9481 555.4302364991 1.0000 
260 10377 555.4302364991 1.0000 
265 11262 555.4302364991 1.0000 
270 12154 555.4302364991 1.0000 
275 13030 555.4302364991 1.0000 
280 13925 555.4302364991 1.0000 
285 14813 555.4302364991 1.0000 
290 15712 555.4302364991 1.0000 
295 16600 555.4302364991 1.0000 
300 17493 555.4302364991 1.0000 
305 18388 555.4302364991 1.0000 
310 19288 555.4302364991 1.0000 
315 20178 555.4302364991 1.0000 
320 21074 555.4302364991 1.0000 
325 21963 555.4302364991 1.0000 
330 22865 555.4302364991 1.0000 
335 23750 555.4302364991 1.0000 
340 24639 555.4302364991 1.0000 
345 25531 555.4302364991 1.0000 
350 26429 555.4302364991 1.0000 
355 27326 555.4302364991 1.0000 
360 28225 555.4302364991 1.0000 
365 29108 555.4302364991 1.0000 
370 30000 555.4302364991 1.0000 
375 30869 555.4302364991 1.0000 
380 31762 555.4302364991 1.0000 
385 32640 555.4302364991 1.0000 
390 33533 555.4302364991 1.0000 
395 34427 555.4302364991 1.0000 
400 35330 555.4302364991 1.0000 
405 36220 555.4302364991 1.0000 
410 37124 555.4302364991 1.0000 
415 38009 555.4302364991 1.0000 
420 38908 555.4302364991 1.0000 
425 39795 555.4302364991 1.0000 
430 40674 555.4302364991 1.0000 
435 41582 555.4302364991 1.0000 
440 42485 555.4302364991 1.0000 
445 43368 555.4302364991 1.0000 
450 44270 555.4302364991 1.0000 
455 45152 555.4302364991 1.0000 
460 46044 555.4302364991 1.0000 
465 46936 555.4302364991 1.0000 
470 47826 555.4302364991 1.0000 
475 48717 555.4302364991 1.0000 
480 49613 555.4302364991 1.0000 
485 50494 555.4302364991 1.0000 
490 51394 555.4302364991 1.0000 
495 52284 555.4302364991 1.0000 
500 53180 555.4302364991 1.0000 
505 54072 555.4302364991 1.0000 
510 54972 555.4302364991 1.0000 
515 55862 555.4302364991 1.0000 
520 56757 555.4302364991 1.0000 
525 57635 555.4302364991 1.0000 
530 58532 555.4302364991 1.0000 
535 59425 555.4302364991 1.0000 
540 60317 555.4302364991 1.0000 
545 61195 555.4302364991 1.0000 
550 62094 555.4302364991 1.0000 
555 62984 555.4302364991 1.0000 
560 63890 555.4302364991 1.0000 
565 64791 555.4302364991 1.0000 
570 65678 555.4302364991 1.0000 
575 66572 555.4302364991 1.0000 
580 67469 555.4302364991 1.0000 
585 68363 555.4302364991 1.0000 
590 69271 555.4302364991 1.0000 
595 70164 555.4302364991 1.0000 
600 71056 555.4302364991 1.0000 
605 71944 555.4302364991 1.0000 
610 72846 555.4302364991 1.0000 
615 73740 555.4302364991 1.0000 
620 74640 555.4302364991 1.0000 
625 75530 555.4302364991 1.0000 
630 76440 555.4302364991 1.0000 
635 77335 555.4302364991 1.0000 
640 78232 555.4302364991 1.0000 
645 79123 555.4302364991 1.0000 
650 80022 555.4302364991 1.0000 
655 80908 555.4302364991 1.0000 
660 81803 555.4302364991 1.0000 
665 82698 555.4302364991 1.0000 
670 83582 555.4302364991 1.0000 
675 84472 555.4302364991 1.0000 
680 85370 555.4302364991 1.0000 
685 86270 555.4302364991 1.0000 
690 87167 555.4302364991 1.0000 
695 88056 555.4302364991 1.0000 
700 88953 555.4302364991 1.0000 
705 89834 555.4302364991 1.0000 
710 90750 555.4302364991 1.0000 
715 91642 555.4302364991 1.0000 
720 92547 555.4302364991 1.0000 
725 93437 555.4302364991 1.0000 
730 94339 555.4302364991 1.0000 
735 95229 555.4302364991 1.0000 
740 96142 555.4302364991 1.0000 
745 97041 555.4302364991 1.0000 
750 97951 555.4302364991 1.0000 
755 98843 555.4302364991 1.0000 
760 99743 555.4302364991 1.0000 
765 100623 555.4302364991 1.0000 
770 101515 555.4302364991 1.0000 
775 102407 555.4302364991 1.0000 
780 103304 555.4302364991 1.0000 
785 104194 555.4302364991 1.0000 
790 105096 555.4302364991 1.0000 
795 105988 555.4302364991 1.0000 
800 106893 555.4302364991 1.0000 
805 107779 555.4302364991 1.0000 
810 108674 555.4302364991 1.0000 
815 109570 555.4302364991 1.0000 
820 110471 555.4302364991 1.0000 
825 111361 555.4302364991 1.0000 
830 112262 555.4302364991 1.0000 
835 113162 555.4302364991 1.0000 
840 114054 555.4302364991 1.0000 
845 114942 555.4302364991 1.0000 
850 115845 555.4302364991 1.0000 
855 116720 555.4302364991 1.0000 
860 117619 555.4302364991 1.0000 
865 118525 555.4302364991 1.0000 
870 119432 555.4302364991 1.0000 
875 120316 555.4302364991 1.0000 
880 121218 555.4302364991 1.0000 
885 122121 555.4302364991 1.0000 
890 123007 555.4302364991 1.0000 
895 123895 555.4302364991 1.0000 
900 124790 555.4302364991 1.0000 
905 125673 555.4302364991 1.0000 
910 126574 555.4302364991 1.0000 
915 127467 555.4302364991 1.0000 
920 128365 555.4302364991 1.0000 
925 129266 555.4302364991 1.0000 
930 130170 555.4302364991 1.0000 
935 131057 555.4302364991 1.0000 
940 131951 555.4302364991 1.0000 
945 132850 555.4302364991 1.0000 
950 133740 555.4302364991 1.0000 
955 134617 555.4302364991 1.0000 
960 135510 555.4302364991 1.0000 
965 136403 555.4302364991 1.0000 
970 137294 555.4302364991 1.0000 
975 138188 555.4302364991 1.0000 
980 139085 555.4302364991 1.0000 
985 139976 555.4302364991 1.0000 
990 140874 555.4302364991 1.0000 
995 141769 555.4302364991 1.0000 
1000 142669 555.4302364991 1.0000 
1005 143562 555.4302364991 1.0000 
1010 144439 555.4302364991 1.0000 
1015 145329 555.4302364991 1.0000 
1020 146238 555.4302364991 1.0000 
1025 147145 555.4302364991 1.0000 
1030 148031 555.4302364991 1.0000 
1035 148925 555.4302364991 1.0000 
1040 149831 555.4302364991 1.0000 
1045 150736 555.4302364991 1.0000 
1050 151636 555.4302364991 1.0000 
1055 152516 555.4302364991 1.0000 
1060 153409 555.4302364991 1.0000 
1065 154300 555.4302364991 1.0000 
1070 155202 555.4302364991 1.0000 
1075 156097 555.4302364991 1.0000 
1080 156988 555.4302364991 1.0000 
1085 157884 555.4302364991 1.0000 
1090 158785 555.4302364991 1.0000 
1095 159680 555.4302364991 1.0000 
1100 160564 555.4302364991 1.0000 
1105 161449 555.4302364991 1.0000 
1110 162338 555.4302364991 1.0000 
1115 163225 555.4302364991 1.0000 
1120 164110 555.4302364991 1.0000 
1125 164997 555.4302364991 1.0000 
1130 165884 555.4302364991 1.0000 
1135 166763 555.4302364991 1.0000 
1140 167651 555.4302364991 1.0000 
1145 168538 555.4302364991 1.0000 
1150 169429 555.4302364991 1.0000 
1155 170315 555.4302364991 1.0000 
1160 171193 555.4302364991 1.0000 
1165 172075 555.4302364991 1.0000 
1170 172970 555.4302364991 1.0000 
1175 173867 555.4302364991 1.0000 
1180 174747 555.4302364991 1.0000 
1185 175626 555.4302364991 1.0000 
1190 176527 555.4302364991 1.0000 
1195 177406 555.4302364991 1.0000 
1200 178292 555.4302364991 1.0000 
1205 179194 555.4302364991 1.0000 
1210 180076 555.4302364991 1.0000 
1215 180965 555.4302364991 1.0000 
1220 181849 555.4302364991 1.0000 
1225 182742 555.4302364991 1.0000 
1230 183638 555.4302364991 1.0000 
1235 184534 555.4302364991 1.0000 
1240 185437 555.4302364991 1.0000 
1245 186325 555.4302364991 1.0000 
1250 187215 555.4302364991 1.0000 
1255 188102 555.4302364991 1.0000 
1260 188995 555.4302364991 1.0000 
1265 189890 555.4302364991 1.0000 
1270 190791 555.4302364991 1.0000 
1275 191683 555.4302364991 1.0000 
1280 192562 555.4302364991 1.0000 
1285 193450 555.4302364991 1.0000 
1290 194354 555.4302364991 1.0000 
1295 195239 555.4302364991 1.0000 
1300 196133 555.4302364991 1.0000 
1305 197015 555.4302364991 1.0000 
1310 197902 555.4302364991 1.0000 
1315 198797 555.4302364991 1.0000 
1320 199679 555.4302364991 1.0000 
1325 200576 555.4302364991 1.0000 
1330 201472 555.4302364991 1.0000 
1335 202371 555.4302364991 1.0000 
1340 203268 555.4302364991 1.0000 
1345 204159 555.4302364991 1.0000 
1350 205060 555.4302364991 1.0000 
1355 205947 555.4302364991 1.0000 
1360 206856 555.4302364991 1.0000 
1365 207744 555.4302364991 1.0000 
1370 208639 555.4302364991 1.0000 
1375 209526 555.4302364991 1.0000 
1380 210424 555.4302364991 1.0000 
1385 211312 555.4302364991 1.0000 
1390 212218 555.4302364991 1.0000 
1395 213109 555.4302364991 1.0000 
1400 214010 555.4302364991 1.0000 
1405 214892 555.4302364991 1.0000 
1410 215780 555.4302364991 1.0000 
1415 216676 555.4302364991 1.0000 
1420 217574 555.4302364991 1.0000 
1425 218461 555.4302364991 1.0000 
1430 219369 555.4302364991 1.0000 
1435 220258 555.4302364991 1.0000 
1440 221143 555.4302364991 1.0000 
1445 222040 555.4302364991 1.0000 
1450 222935 555.4302364991 1.0000 
1455 223817 555.4302364991 1.0000 
1460 224718 555.4302364991 1.0000 
1465 225598 555.4302364991 1.0000 
1470 226495 555.4302364991 1.0000 
1475 227383 555.4302364991 1.0000 
1480 228276 555.4302364991 1.0000 
1485 229169 555.4302364991 1.0000 
1490 230065 555.4302364991 1.0000 
1495 230939 555.4302364991 1.0000 
1500 231830 555.4302364991 1.0000 
1505 232711 555.4302364991 1.0000 
1510 233615 555.4302364991 1.0000 
1515 234501 555.4302364991 1.0000 
1520 235409 555.4302364991 1.0000 
1525 236297 555.4302364991 1.0000 
1530 237192 555.4302364991 1.0000 
1535 238093 555.4302364991 1.0000 
1540 238987 555.4302364991 1.0000 
1545 239869 555.4302364991 1.0000 
1550 240764 555.4302364991 1.0000 
1555 241652 555.4302364991 1.0000 
1560 242557 555.4302364991 1.0000 
1565 243444 555.4302364991 1.0000 
1570 244342 555.4302364991 1.0000 
1575 245231 555.4302364991 1.0000 
1580 246138 555.4302364991 1.0000 
1585 247014 555.4302364991 1.0000 
1590 247913 555.4302364991 1.0000 
1595 248793 555.4302364991 1.0000 
1600 249684 555.4302364991 1.0000 
1605 250588 555.4302364991 1.0000 
1610 251488 555.4302364991 1.0000 
1615 252376 555.4302364991 1.0000 
1620 253270 555.4302364991 1.0000 
1625 254159 555.4302364991 1.0000 
1630 255053 555.4302364991 1.0000 
1635 255938 555.4302364991 1.0000 
1640 256831 555.4302364991 1.0000 
1645 257713 555.4302364991 1.0000 
1650 258617 555.4302364991 1.0000 
1655 259506 555.4302364991 1.0000 
1660 260392 555.4302364991 1.0000 
1665 261277 555.4302364991 1.0000 
1670 262170 555.4302364991 1.0000 
1675 263066 555.4302364991 1.0000 
1680 263963 555.4302364991 1.0000 
1685 264856 555.4302364991 1.0000 
1690 265741 555.4302364991 1.0000 
1695 266635 555.4302364991 1.0000 
1700 267507 555.4302364991 1.0000 
1705 268396 555.4302364991 1.0000 
1710 269290 555.4302364991 1.0000 
1715 270185 555.4302364991 1.0000 
1720 271086 555.4302364991 1.0000 
1725 271986 555.4302364991 1.0000 
1730 272883 555.4302364991 1.0000 
1735 273777 555.4302364991 1.0000 
1740 274671 555.4302364991 1.0000 
1745 275563 555.4302364991 1.0000 
1750 276460 555.4302364991 1.0000 
1755 277351 555.4302364991 1.0000 
1760 278249 555.4302364991 1.0000 
1765 279127 555.4302364991 1.0000 
1770 280029 555.4302364991 1.0000 
1775 280931 555.4302364991 1.0000 
1780 281828 555.4302364991 1.0000 
1785 282726 555.4302364991 1.0000 
1790 283627 555.4302364991 1.0000 
1795 284515 555.4302364991 1.0000 
1800 285417 555.4302364991 1.0000 
