0 0 1130.2266580458 0.0000 
5 7 1130.2266580458 0.0000 
10 15 1130.2266580458 0.0000 
15 22 1130.2266580458 0.0000 
20 30 1130.2266580458 0.0000 
25 37 1130.2266580458 0.0000 
30 45 1130.2266580458 0.0000 
35 53 1130.2266580458 0.0000 
40 60 1130.2266580458 0.0000 
45 68 936.5911808015 0.9713 
50 76 936.5911808015 0.9713 
55 84 936.5911808015 0.9713 
60 91 936.5911808015 0.9713 
65 99 934.4364492319 0.9735 
70 108 932.3863312334 0.9756 
75 116 932.0811975683 0.9760 
80 124 929.7105977359 0.9785 
85 132 929.7105977359 0.9785 
90 141 929.5417667576 0.9786 
95 149 929.5417667576 0.9786 
100 158 929.5417667576 0.9786 
105 166 923.9635131751 0.9845 
110 175 923.9635131751 0.9845 
115 184 921.3946962621 0.9873 
120 192 921.3946962621 0.9873 
125 201 921.2185289559 0.9875 
130 210 921.2185289559 0.9875 
135 219 921.2185289559 0.9875 
140 228 921.2185289559 0.9875 
145 238 921.2185289559 0.9875 
150 247 921.2185289559 0.9875 
155 256 921.2185289559 0.9875 
160 266 919.4045570213 0.9894 
165 276 916.5751072312 0.9925 
170 285 916.5751072312 0.9925 
175 295 916.5751072312 0.9925 
180 305 916.5751072312 0.9925 
185 316 916.5751072312 0.9925 
190 326 916.5751072312 0.9925 
195 337 916.5751072312 0.9925 
200 347 916.5751072312 0.9925 
205 358 916.5751072312 0.9925 
210 370 916.5751072312 0.9925 
215 381 916.5751072312 0.9925 
220 392 916.5751072312 0.9925 
225 404 916.5751072312 0.9925 
230 416 916.5751072312 0.9925 
235 428 916.5751072312 0.9925 
240 441 916.5751072312 0.9925 
245 454 916.5751072312 0.9925 
250 467 916.5751072312 0.9925 
255 480 916.5751072312 0.9925 
260 494 916.5751072312 0.9925 
265 508 916.2891418106 0.9928 
270 523 916.2891418106 0.9928 
275 538 916.2891418106 0.9928 
280 554 916.2891418106 0.9928 
285 570 916.2891418106 0.9928 
290 586 916.2891418106 0.9928 
295 603 916.2891418106 0.9928 
300 621 916.2891418106 0.9928 
305 640 914.1870494459 0.9951 
310 660 914.1870494459 0.9951 
315 681 914.1870494459 0.9951 
320 703 914.1870494459 0.9951 
325 728 914.1870494459 0.9951 
330 755 914.1870494459 0.9951 
335 785 914.1870494459 0.9951 
340 820 914.1321107105 0.9951 
345 864 914.1321107105 0.9951 
350 930 913.4182212366 0.9959 
355 1250 913.4182212366 0.9959 
360 1672 913.4182212366 0.9959 
365 2093 913.4182212366 0.9959 
370 2514 913.4182212366 0.9959 
375 2933 913.4182212366 0.9959 
380 3346 913.4182212366 0.9959 
385 3767 913.4182212366 0.9959 
390 4184 913.4182212366 0.9959 
395 4604 913.4182212366 0.9959 
400 5018 913.4182212366 0.9959 
405 5426 913.4182212366 0.9959 
410 5840 913.4182212366 0.9959 
415 6260 913.4182212366 0.9959 
420 6675 913.4182212366 0.9959 
425 7094 913.4182212366 0.9959 
430 7520 913.4182212366 0.9959 
435 7941 913.4182212366 0.9959 
440 8366 913.4182212366 0.9959 
445 8789 913.4182212366 0.9959 
450 9204 913.4182212366 0.9959 
455 9625 913.4182212366 0.9959 
460 10040 913.4182212366 0.9959 
465 10461 913.4182212366 0.9959 
470 10874 913.4182212366 0.9959 
475 11296 913.4182212366 0.9959 
480 11716 913.4182212366 0.9959 
485 12138 913.4182212366 0.9959 
490 12553 913.4182212366 0.9959 
495 12974 913.4182212366 0.9959 
500 13394 913.4182212366 0.9959 
505 13814 913.4182212366 0.9959 
510 14242 913.4182212366 0.9959 
515 14660 913.4182212366 0.9959 
520 15073 913.4182212366 0.9959 
525 15493 913.4182212366 0.9959 
530 15911 913.4182212366 0.9959 
535 16325 913.4182212366 0.9959 
540 16741 913.4182212366 0.9959 
545 17166 913.4182212366 0.9959 
550 17596 913.4182212366 0.9959 
555 18011 913.4182212366 0.9959 
560 18431 913.4182212366 0.9959 
565 18855 913.4182212366 0.9959 
570 19271 913.4182212366 0.9959 
575 19692 913.4182212366 0.9959 
580 20115 913.4182212366 0.9959 
585 20536 913.4182212366 0.9959 
590 20959 913.4182212366 0.9959 
595 21377 913.4182212366 0.9959 
600 21793 913.4182212366 0.9959 
605 22212 913.4182212366 0.9959 
610 22624 913.4182212366 0.9959 
615 23040 913.4182212366 0.9959 
620 23451 913.4182212366 0.9959 
625 23867 913.4182212366 0.9959 
630 24284 913.4182212366 0.9959 
635 24696 913.4182212366 0.9959 
640 25112 913.4182212366 0.9959 
645 25535 913.4182212366 0.9959 
650 25959 913.4182212366 0.9959 
655 26388 913.4182212366 0.9959 
660 26812 913.4182212366 0.9959 
665 27236 913.4182212366 0.9959 
670 27659 913.4182212366 0.9959 
675 28086 913.4182212366 0.9959 
680 28507 913.4182212366 0.9959 
685 28930 913.4182212366 0.9959 
690 29340 913.4182212366 0.9959 
695 29761 913.4182212366 0.9959 
700 30177 913.4182212366 0.9959 
705 30595 913.4182212366 0.9959 
710 31018 913.4182212366 0.9959 
715 31432 913.4182212366 0.9959 
720 31847 913.4182212366 0.9959 
725 32270 913.4182212366 0.9959 
730 32685 913.4182212366 0.9959 
735 33116 913.4182212366 0.9959 
740 33531 913.4182212366 0.9959 
745 33956 913.4182212366 0.9959 
750 34377 913.4182212366 0.9959 
755 34794 913.4182212366 0.9959 
760 35216 913.4182212366 0.9959 
765 35630 913.4182212366 0.9959 
770 36047 913.4182212366 0.9959 
775 36468 913.4182212366 0.9959 
780 36882 913.4182212366 0.9959 
785 37302 913.4182212366 0.9959 
790 37723 913.4182212366 0.9959 
795 38139 913.4182212366 0.9959 
800 38552 913.4182212366 0.9959 
805 38972 913.4182212366 0.9959 
810 39386 913.4182212366 0.9959 
815 39805 913.4182212366 0.9959 
820 40232 913.4182212366 0.9959 
825 40648 913.4182212366 0.9959 
830 41067 913.4182212366 0.9959 
835 41484 913.4182212366 0.9959 
840 41900 913.4182212366 0.9959 
845 42323 913.4182212366 0.9959 
850 42739 913.4182212366 0.9959 
855 43161 913.4182212366 0.9959 
860 43577 913.4182212366 0.9959 
865 43993 913.4182212366 0.9959 
870 44408 913.4182212366 0.9959 
875 44828 913.4182212366 0.9959 
880 45242 913.4182212366 0.9959 
885 45657 913.4182212366 0.9959 
890 46081 913.4182212366 0.9959 
895 46499 913.4182212366 0.9959 
900 46919 913.4182212366 0.9959 
905 47334 913.4182212366 0.9959 
910 47753 913.4182212366 0.9959 
915 48173 913.4182212366 0.9959 
920 48589 913.4182212366 0.9959 
925 49013 913.4182212366 0.9959 
930 49423 913.4182212366 0.9959 
935 49843 913.4182212366 0.9959 
940 50270 913.4182212366 0.9959 
945 50688 913.4182212366 0.9959 
950 51102 913.4182212366 0.9959 
955 51530 913.4182212366 0.9959 
960 51943 913.4182212366 0.9959 
965 52359 913.4182212366 0.9959 
970 52769 913.4182212366 0.9959 
975 53185 913.4182212366 0.9959 
980 53606 913.4182212366 0.9959 
985 54023 913.4182212366 0.9959 
990 54444 913.4182212366 0.9959 
995 54857 913.4182212366 0.9959 
1000 55271 913.4182212366 0.9959 
1005 55695 913.4182212366 0.9959 
1010 56115 913.4182212366 0.9959 
1015 56544 913.4182212366 0.9959 
1020 56960 913.4182212366 0.9959 
1025 57375 913.4182212366 0.9959 
1030 57796 913.4182212366 0.9959 
1035 58217 913.4182212366 0.9959 
1040 58641 913.4182212366 0.9959 
1045 59059 913.4182212366 0.9959 
1050 59473 913.4182212366 0.9959 
1055 59894 913.4182212366 0.9959 
1060 60308 913.4182212366 0.9959 
1065 60732 913.4182212366 0.9959 
1070 61145 913.4182212366 0.9959 
1075 61559 913.4182212366 0.9959 
1080 61966 913.4182212366 0.9959 
1085 62381 913.4182212366 0.9959 
1090 62798 913.4182212366 0.9959 
1095 63218 913.4182212366 0.9959 
1100 63633 913.4182212366 0.9959 
1105 64054 913.4182212366 0.9959 
1110 64471 913.4182212366 0.9959 
1115 64891 913.4182212366 0.9959 
1120 65304 913.4182212366 0.9959 
1125 65723 913.4182212366 0.9959 
1130 66137 913.4182212366 0.9959 
1135 66548 913.4182212366 0.9959 
1140 66969 913.4182212366 0.9959 
1145 67387 913.4182212366 0.9959 
1150 67805 913.4182212366 0.9959 
1155 68221 913.4182212366 0.9959 
1160 68639 913.4182212366 0.9959 
1165 69062 913.4182212366 0.9959 
1170 69478 913.4182212366 0.9959 
1175 69902 913.4182212366 0.9959 
1180 70319 913.4182212366 0.9959 
1185 70738 913.4182212366 0.9959 
1190 71154 913.4182212366 0.9959 
1195 71573 913.4182212366 0.9959 
1200 71986 913.4182212366 0.9959 
1205 72410 913.4182212366 0.9959 
1210 72829 913.4182212366 0.9959 
1215 73253 913.4182212366 0.9959 
1220 73669 913.4182212366 0.9959 
1225 74094 913.4182212366 0.9959 
1230 74510 913.4182212366 0.9959 
1235 74926 913.4182212366 0.9959 
1240 75340 913.4182212366 0.9959 
1245 75761 913.4182212366 0.9959 
1250 76179 913.4182212366 0.9959 
1255 76602 913.4182212366 0.9959 
1260 77026 913.4182212366 0.9959 
1265 77448 913.4182212366 0.9959 
1270 77868 913.4182212366 0.9959 
1275 78287 913.4182212366 0.9959 
1280 78710 913.4182212366 0.9959 
1285 79127 913.4182212366 0.9959 
1290 79541 913.4182212366 0.9959 
1295 79962 913.4182212366 0.9959 
1300 80382 913.4182212366 0.9959 
1305 80805 913.4182212366 0.9959 
1310 81220 913.4182212366 0.9959 
1315 81641 913.4182212366 0.9959 
1320 82058 913.4182212366 0.9959 
1325 82481 913.4182212366 0.9959 
1330 82894 913.4182212366 0.9959 
1335 83313 913.4182212366 0.9959 
1340 83732 913.4182212366 0.9959 
1345 84144 913.4182212366 0.9959 
1350 84564 913.4182212366 0.9959 
1355 84976 913.4182212366 0.9959 
1360 85395 913.4182212366 0.9959 
1365 85819 913.4182212366 0.9959 
1370 86233 913.4182212366 0.9959 
1375 86650 913.4182212366 0.9959 
1380 87068 913.4182212366 0.9959 
1385 87482 913.4182212366 0.9959 
1390 87896 913.4182212366 0.9959 
1395 88316 913.4182212366 0.9959 
1400 88731 913.4182212366 0.9959 
1405 89151 913.4182212366 0.9959 
1410 89570 913.4182212366 0.9959 
1415 89996 913.4182212366 0.9959 
1420 90423 913.4182212366 0.9959 
1425 90848 913.4182212366 0.9959 
1430 91265 913.4182212366 0.9959 
1435 91684 913.4182212366 0.9959 
1440 92098 913.4182212366 0.9959 
1445 92521 913.4182212366 0.9959 
1450 92944 913.4182212366 0.9959 
1455 93356 913.4182212366 0.9959 
1460 93773 913.4182212366 0.9959 
1465 94190 913.4182212366 0.9959 
1470 94609 913.4182212366 0.9959 
1475 95027 913.4182212366 0.9959 
1480 95444 913.4182212366 0.9959 
1485 95862 913.4182212366 0.9959 
1490 96276 913.4182212366 0.9959 
1495 96692 913.4182212366 0.9959 
1500 97110 913.4182212366 0.9959 
1505 97527 913.4182212366 0.9959 
1510 97947 913.4182212366 0.9959 
1515 98361 913.4182212366 0.9959 
1520 98779 913.4182212366 0.9959 
1525 99193 913.4182212366 0.9959 
1530 99608 913.4182212366 0.9959 
1535 100027 913.4182212366 0.9959 
1540 100442 913.4182212366 0.9959 
1545 100857 913.4182212366 0.9959 
1550 101274 913.4182212366 0.9959 
1555 101697 913.4182212366 0.9959 
1560 102117 913.4182212366 0.9959 
1565 102542 913.4182212366 0.9959 
1570 102956 913.4182212366 0.9959 
1575 103375 913.4182212366 0.9959 
1580 103787 913.4182212366 0.9959 
1585 104211 913.4182212366 0.9959 
1590 104624 913.4182212366 0.9959 
1595 105040 913.4182212366 0.9959 
1600 105457 913.4182212366 0.9959 
1605 105878 913.4182212366 0.9959 
1610 106292 913.4182212366 0.9959 
1615 106706 913.4182212366 0.9959 
1620 107123 913.4182212366 0.9959 
1625 107544 913.4182212366 0.9959 
1630 107968 913.4182212366 0.9959 
1635 108391 913.4182212366 0.9959 
1640 108812 913.4182212366 0.9959 
1645 109236 913.4182212366 0.9959 
1650 109648 913.4182212366 0.9959 
1655 110070 913.4182212366 0.9959 
1660 110490 913.4182212366 0.9959 
1665 110903 913.4182212366 0.9959 
1670 111321 913.4182212366 0.9959 
1675 111737 913.4182212366 0.9959 
1680 112154 913.4182212366 0.9959 
1685 112581 913.4182212366 0.9959 
1690 112996 913.4182212366 0.9959 
1695 113408 913.4182212366 0.9959 
1700 113826 913.4182212366 0.9959 
1705 114247 913.4182212366 0.9959 
1710 114665 913.4182212366 0.9959 
1715 115084 913.4182212366 0.9959 
1720 115507 913.4182212366 0.9959 
1725 115928 913.4182212366 0.9959 
1730 116355 913.4182212366 0.9959 
1735 116773 913.4182212366 0.9959 
1740 117189 913.4182212366 0.9959 
1745 117608 913.4182212366 0.9959 
1750 118028 913.4182212366 0.9959 
1755 118450 913.4182212366 0.9959 
1760 118864 913.4182212366 0.9959 
1765 119282 913.4182212366 0.9959 
1770 119701 913.4182212366 0.9959 
1775 120113 913.4182212366 0.9959 
1780 120538 913.4182212366 0.9959 
1785 120957 913.4182212366 0.9959 
1790 121379 913.4182212366 0.9959 
1795 121796 913.4182212366 0.9959 
1800 122216 913.4182212366 0.9959 
