0 0 1860.3432310181 0.0000 
5 2 1860.3432310181 0.0000 
10 3 1860.3432310181 0.0000 
15 5 1860.3432310181 0.0000 
20 6 1860.3432310181 0.0000 
25 7 1860.3432310181 0.0000 
30 9 1860.3432310181 0.0000 
35 10 1860.3432310181 0.0000 
40 12 1860.3432310181 0.0000 
45 13 1860.3432310181 0.0000 
50 15 1386.3018653014 0.8386 
55 16 1374.9202928330 0.8455 
60 18 1374.9202928330 0.8455 
65 19 1374.9202928330 0.8455 
70 21 1307.2965807961 0.8893 
75 22 1300.7089571499 0.8938 
80 24 1298.5925433259 0.8952 
85 25 1298.5925433259 0.8952 
90 27 1298.5925433259 0.8952 
95 28 1298.1604234110 0.8955 
100 30 1286.6335235554 0.9036 
105 32 1286.6335235554 0.9036 
110 33 1286.6335235554 0.9036 
115 35 1284.9118956011 0.9048 
120 36 1279.7892718873 0.9084 
125 38 1279.7892718873 0.9084 
130 39 1278.6877962336 0.9092 
135 41 1277.8325056071 0.9098 
140 42 1270.8560531090 0.9148 
145 44 1269.1415235397 0.9160 
150 45 1269.1415235397 0.9160 
155 47 1258.2454663898 0.9239 
160 48 1258.2454663898 0.9239 
165 50 1248.7526047969 0.9310 
170 51 1248.7526047969 0.9310 
175 53 1245.6777728656 0.9333 
180 54 1244.6037868419 0.9341 
185 56 1244.6037868419 0.9341 
190 57 1237.0954902912 0.9397 
195 59 1237.0678030131 0.9398 
200 61 1234.3192755682 0.9419 
205 62 1234.3192755682 0.9419 
210 64 1234.3192755682 0.9419 
215 65 1234.3192755682 0.9419 
220 67 1234.3192755682 0.9419 
225 68 1234.3192755682 0.9419 
230 70 1234.3192755682 0.9419 
235 71 1234.3192755682 0.9419 
240 73 1234.3192755682 0.9419 
245 75 1234.3192755682 0.9419 
250 76 1234.3192755682 0.9419 
255 78 1234.3192755682 0.9419 
260 79 1234.3192755682 0.9419 
265 81 1234.3192755682 0.9419 
270 82 1234.3192755682 0.9419 
275 84 1234.3192755682 0.9419 
280 86 1234.3192755682 0.9419 
285 87 1234.3192755682 0.9419 
290 89 1234.3192755682 0.9419 
295 90 1234.3192755682 0.9419 
300 92 1234.3192755682 0.9419 
305 93 1234.3192755682 0.9419 
310 95 1234.3192755682 0.9419 
315 97 1234.3192755682 0.9419 
320 98 1231.3409666337 0.9441 
325 100 1231.3221193758 0.9441 
330 101 1231.3221193758 0.9441 
335 103 1231.3221193758 0.9441 
340 105 1231.3221193758 0.9441 
345 106 1231.3221193758 0.9441 
350 108 1231.0979342521 0.9443 
355 109 1231.0979342521 0.9443 
360 111 1231.0979342521 0.9443 
365 113 1231.0979342521 0.9443 
370 114 1231.0979342521 0.9443 
375 116 1231.0979342521 0.9443 
380 117 1214.2640085606 0.9574 
385 119 1214.2640085606 0.9574 
390 121 1214.2276090724 0.9574 
395 122 1214.2276090724 0.9574 
400 124 1214.2276090724 0.9574 
405 126 1214.2276090724 0.9574 
410 127 1214.2276090724 0.9574 
415 129 1214.2276090724 0.9574 
420 131 1214.2276090724 0.9574 
425 132 1214.2276090724 0.9574 
430 134 1214.2276090724 0.9574 
435 136 1214.2276090724 0.9574 
440 137 1214.2276090724 0.9574 
445 139 1214.2276090724 0.9574 
450 141 1214.1285944852 0.9575 
455 142 1214.1285944852 0.9575 
460 144 1214.1285944852 0.9575 
465 146 1214.1285944852 0.9575 
470 147 1214.1285944852 0.9575 
475 149 1214.1285944852 0.9575 
480 151 1214.1285944852 0.9575 
485 152 1214.1285944852 0.9575 
490 154 1214.1285944852 0.9575 
495 156 1214.1285944852 0.9575 
500 158 1213.2925482678 0.9582 
505 159 1213.2925482678 0.9582 
510 161 1213.2925482678 0.9582 
515 163 1213.2925482678 0.9582 
520 165 1213.2925482678 0.9582 
525 166 1213.2925482678 0.9582 
530 168 1213.2925482678 0.9582 
535 170 1213.2925482678 0.9582 
540 171 1213.2925482678 0.9582 
545 173 1213.2925482678 0.9582 
550 175 1213.2925482678 0.9582 
555 177 1213.2925482678 0.9582 
560 178 1213.2925482678 0.9582 
565 180 1213.2925482678 0.9582 
570 182 1213.2925482678 0.9582 
575 184 1212.8442078805 0.9585 
580 186 1212.8442078805 0.9585 
585 187 1212.8442078805 0.9585 
590 189 1212.8442078805 0.9585 
595 191 1212.8442078805 0.9585 
600 193 1212.8442078805 0.9585 
605 194 1212.8442078805 0.9585 
610 196 1212.8442078805 0.9585 
615 198 1212.8442078805 0.9585 
620 200 1212.8054468412 0.9586 
625 201 1212.8054468412 0.9586 
630 203 1212.8054468412 0.9586 
635 205 1212.8054468412 0.9586 
640 207 1212.8054468412 0.9586 
645 209 1212.8054468412 0.9586 
650 210 1212.8054468412 0.9586 
655 212 1212.8054468412 0.9586 
660 214 1212.8054468412 0.9586 
665 216 1212.8054468412 0.9586 
670 218 1212.8054468412 0.9586 
675 220 1212.8054468412 0.9586 
680 221 1212.2994693750 0.9590 
685 223 1212.2869307714 0.9590 
690 225 1212.2869307714 0.9590 
695 227 1212.2869307714 0.9590 
700 229 1212.2869307714 0.9590 
705 231 1212.2869307714 0.9590 
710 233 1212.2869307714 0.9590 
715 235 1212.2869307714 0.9590 
720 237 1212.1359077808 0.9591 
725 238 1211.9203931172 0.9593 
730 240 1211.9203931172 0.9593 
735 242 1211.7834482989 0.9594 
740 244 1211.7834482989 0.9594 
745 246 1211.7834482989 0.9594 
750 248 1211.7834482989 0.9594 
755 250 1211.7834482989 0.9594 
760 252 1211.7834482989 0.9594 
765 254 1211.7834482989 0.9594 
770 256 1211.7834482989 0.9594 
775 258 1211.7834482989 0.9594 
780 259 1211.7834482989 0.9594 
785 261 1211.7834482989 0.9594 
790 263 1211.7834482989 0.9594 
795 265 1211.7834482989 0.9594 
800 267 1211.7834482989 0.9594 
805 269 1211.7834482989 0.9594 
810 271 1211.7834482989 0.9594 
815 273 1211.7834482989 0.9594 
820 275 1211.7834482989 0.9594 
825 277 1211.7834482989 0.9594 
830 279 1211.7834482989 0.9594 
835 281 1211.7834482989 0.9594 
840 283 1211.7834482989 0.9594 
845 285 1207.3287493561 0.9629 
850 287 1207.3287493561 0.9629 
855 289 1207.3287493561 0.9629 
860 291 1207.3287493561 0.9629 
865 293 1207.3287493561 0.9629 
870 296 1207.3287493561 0.9629 
875 298 1207.3287493561 0.9629 
880 300 1195.4763299908 0.9725 
885 302 1195.4763299908 0.9725 
890 304 1195.4763299908 0.9725 
895 306 1195.4763299908 0.9725 
900 308 1195.4763299908 0.9725 
905 310 1195.4763299908 0.9725 
910 312 1195.2845156697 0.9726 
915 314 1195.2845156697 0.9726 
920 316 1194.5123333079 0.9732 
925 318 1194.5123333079 0.9732 
930 320 1194.5123333079 0.9732 
935 322 1194.5123333079 0.9732 
940 324 1194.5123333079 0.9732 
945 327 1194.5123333079 0.9732 
950 329 1194.5123333079 0.9732 
955 331 1194.5123333079 0.9732 
960 333 1194.5123333079 0.9732 
965 335 1194.5123333079 0.9732 
970 338 1194.5123333079 0.9732 
975 340 1194.5123333079 0.9732 
980 342 1194.5123333079 0.9732 
985 344 1194.3293023368 0.9734 
990 346 1194.3293023368 0.9734 
995 348 1193.8135320063 0.9738 
1000 351 1193.8135320063 0.9738 
1005 353 1193.8135320063 0.9738 
1010 355 1193.8135320063 0.9738 
1015 357 1193.8135320063 0.9738 
1020 359 1193.8135320063 0.9738 
1025 362 1193.8135320063 0.9738 
1030 364 1193.8135320063 0.9738 
1035 366 1193.8135320063 0.9738 
1040 369 1193.8135320063 0.9738 
1045 371 1193.8135320063 0.9738 
1050 373 1193.8135320063 0.9738 
1055 375 1192.7245560159 0.9747 
1060 377 1192.7245560159 0.9747 
1065 380 1192.1245901017 0.9752 
1070 382 1192.1245901017 0.9752 
1075 384 1192.1245901017 0.9752 
1080 387 1192.1245901017 0.9752 
1085 389 1192.1245901017 0.9752 
1090 391 1192.1245901017 0.9752 
1095 394 1191.9153153318 0.9754 
1100 396 1191.9153153318 0.9754 
1105 399 1191.9153153318 0.9754 
1110 401 1191.9153153318 0.9754 
1115 404 1191.9153153318 0.9754 
1120 406 1191.9153153318 0.9754 
1125 408 1191.9153153318 0.9754 
1130 411 1191.9153153318 0.9754 
1135 413 1191.9153153318 0.9754 
1140 416 1191.9153153318 0.9754 
1145 418 1191.9153153318 0.9754 
1150 420 1191.9153153318 0.9754 
1155 423 1191.9153153318 0.9754 
1160 426 1191.9153153318 0.9754 
1165 428 1191.9153153318 0.9754 
1170 431 1191.6089776836 0.9756 
1175 433 1191.6089776836 0.9756 
1180 436 1191.6089776836 0.9756 
1185 438 1191.6089776836 0.9756 
1190 441 1191.6089776836 0.9756 
1195 443 1191.6089776836 0.9756 
1200 446 1191.6089776836 0.9756 
1205 448 1191.6089776836 0.9756 
1210 451 1191.6089776836 0.9756 
1215 453 1191.6089776836 0.9756 
1220 456 1191.6089776836 0.9756 
1225 459 1191.6089776836 0.9756 
1230 461 1191.6089776836 0.9756 
1235 464 1191.6089776836 0.9756 
1240 467 1191.6089776836 0.9756 
1245 469 1191.6089776836 0.9756 
1250 472 1191.6089776836 0.9756 
1255 475 1191.6089776836 0.9756 
1260 477 1191.6089776836 0.9756 
1265 480 1191.6089776836 0.9756 
1270 483 1191.6089776836 0.9756 
1275 486 1191.6089776836 0.9756 
1280 489 1191.6089776836 0.9756 
1285 491 1191.6089776836 0.9756 
1290 494 1191.6089776836 0.9756 
1295 497 1191.6089776836 0.9756 
1300 500 1191.6089776836 0.9756 
1305 503 1191.6089776836 0.9756 
1310 506 1191.6089776836 0.9756 
1315 509 1191.6089776836 0.9756 
1320 512 1191.6089776836 0.9756 
1325 515 1191.6089776836 0.9756 
1330 518 1191.6089776836 0.9756 
1335 521 1191.6089776836 0.9756 
1340 524 1191.6089776836 0.9756 
1345 527 1191.6089776836 0.9756 
1350 530 1191.6089776836 0.9756 
1355 532 1191.6089776836 0.9756 
1360 535 1191.6089776836 0.9756 
1365 539 1191.6089776836 0.9756 
1370 542 1191.6089776836 0.9756 
1375 545 1191.2735205833 0.9759 
1380 548 1191.2735205833 0.9759 
1385 551 1191.2735205833 0.9759 
1390 555 1191.2735205833 0.9759 
1395 558 1191.2735205833 0.9759 
1400 561 1191.2735205833 0.9759 
1405 565 1190.4122658920 0.9766 
1410 568 1190.4122658920 0.9766 
1415 572 1190.4122658920 0.9766 
1420 575 1190.4122658920 0.9766 
1425 578 1190.4122658920 0.9766 
1430 582 1190.4122658920 0.9766 
1435 585 1190.4122658920 0.9766 
1440 588 1190.4122658920 0.9766 
1445 592 1190.4002589871 0.9766 
1450 595 1190.4002589871 0.9766 
1455 599 1190.4002589871 0.9766 
1460 602 1189.9212158542 0.9770 
1465 606 1189.9212158542 0.9770 
1470 610 1189.9212158542 0.9770 
1475 613 1189.9212158542 0.9770 
1480 617 1189.9212158542 0.9770 
1485 620 1189.9212158542 0.9770 
1490 624 1189.9212158542 0.9770 
1495 628 1189.9212158542 0.9770 
1500 632 1189.9212158542 0.9770 
1505 636 1189.9212158542 0.9770 
1510 639 1189.9212158542 0.9770 
1515 643 1189.9212158542 0.9770 
1520 647 1189.9212158542 0.9770 
1525 652 1189.9212158542 0.9770 
1530 656 1189.9212158542 0.9770 
1535 660 1189.9212158542 0.9770 
1540 664 1189.9212158542 0.9770 
1545 669 1189.9212158542 0.9770 
1550 673 1189.9212158542 0.9770 
1555 677 1189.9212158542 0.9770 
1560 682 1189.9212158542 0.9770 
1565 686 1189.9212158542 0.9770 
1570 691 1189.9212158542 0.9770 
1575 696 1189.9212158542 0.9770 
1580 700 1189.9212158542 0.9770 
1585 705 1189.9212158542 0.9770 
1590 709 1189.9212158542 0.9770 
1595 714 1189.9212158542 0.9770 
1600 719 1189.9212158542 0.9770 
1605 724 1189.9212158542 0.9770 
1610 730 1189.9212158542 0.9770 
1615 735 1189.9212158542 0.9770 
1620 740 1189.9212158542 0.9770 
1625 745 1189.9212158542 0.9770 
1630 751 1189.9212158542 0.9770 
1635 756 1189.9212158542 0.9770 
1640 762 1189.9212158542 0.9770 
1645 768 1189.9212158542 0.9770 
1650 774 1189.9212158542 0.9770 
1655 780 1189.9212158542 0.9770 
1660 787 1189.9212158542 0.9770 
1665 794 1189.9212158542 0.9770 
1670 800 1189.9212158542 0.9770 
1675 808 1189.9212158542 0.9770 
1680 815 1189.9212158542 0.9770 
1685 821 1189.9212158542 0.9770 
1690 829 1189.9212158542 0.9770 
1695 837 1189.9212158542 0.9770 
1700 846 1189.9212158542 0.9770 
1705 855 1189.9212158542 0.9770 
1710 865 1189.9212158542 0.9770 
1715 876 1189.9212158542 0.9770 
1720 887 1189.9212158542 0.9770 
1725 900 1189.9212158542 0.9770 
1730 915 1189.9212158542 0.9770 
1735 933 1189.9212158542 0.9770 
1740 960 1189.9212158542 0.9770 
1745 1028 1189.9212158542 0.9770 
1750 1108 1189.5328618236 0.9773 
1755 1193 1189.5328618236 0.9773 
1760 1275 1189.5328618236 0.9773 
1765 1359 1189.5328618236 0.9773 
1770 1440 1189.5328618236 0.9773 
1775 1521 1189.5328618236 0.9773 
1780 1605 1189.5328618236 0.9773 
1785 1689 1189.5328618236 0.9773 
1790 1774 1187.3684573032 0.9791 
1795 1856 1187.3684573032 0.9791 
1800 1943 1187.3684573032 0.9791 
