0 0 2198.7447534351 0.0000 
5 1 2198.7447534351 0.0000 
15 2 2198.7447534351 0.0000 
20 3 2198.7447534351 0.0000 
30 4 2198.7447534351 0.0000 
35 5 2198.7447534351 0.0000 
40 6 2198.7447534351 0.0000 
50 7 2198.7447534351 0.0000 
55 8 2198.7447534351 0.0000 
65 9 2198.7447534351 0.0000 
70 10 2198.7447534351 0.0000 
80 11 2198.7447534351 0.0000 
85 12 2198.7447534351 0.0000 
95 13 2198.7447534351 0.0000 
100 14 2198.7447534351 0.0000 
110 15 2198.7447534351 0.0000 
115 16 2198.7447534351 0.0000 
125 17 2198.7447534351 0.0000 
130 18 2198.7447534351 0.0000 
135 19 2198.7447534351 0.0000 
145 20 2198.7447534351 0.0000 
150 21 2198.7447534351 0.0000 
160 22 2198.7447534351 0.0000 
165 23 2198.7447534351 0.0000 
170 24 2198.7447534351 0.0000 
180 25 1666.1485531155 0.8378 
185 26 1666.1485531155 0.8378 
195 27 1642.9047854119 0.8496 
200 28 1634.9703029845 0.8537 
210 29 1634.9703029845 0.8537 
215 30 1634.9703029845 0.8537 
225 31 1632.7011632250 0.8549 
230 32 1623.1136808027 0.8600 
240 33 1623.1136808027 0.8600 
245 34 1623.1136808027 0.8600 
250 35 1623.1136808027 0.8600 
260 36 1623.1136808027 0.8600 
265 37 1623.1136808027 0.8600 
275 38 1623.1136808027 0.8600 
280 39 1623.1136808027 0.8600 
285 40 1613.7080823070 0.8650 
295 41 1613.7080823070 0.8650 
300 42 1613.7080823070 0.8650 
310 43 1613.7080823070 0.8650 
315 44 1608.1538221831 0.8680 
320 45 1608.1538221831 0.8680 
330 46 1606.4091001088 0.8689 
335 47 1606.4091001088 0.8689 
340 48 1606.4091001088 0.8689 
350 49 1606.4091001088 0.8689 
355 50 1606.4091001088 0.8689 
365 51 1606.4091001088 0.8689 
370 52 1606.4091001088 0.8689 
380 53 1606.4091001088 0.8689 
385 54 1585.7242064790 0.8803 
390 55 1585.7242064790 0.8803 
400 56 1585.7242064790 0.8803 
405 57 1567.7518473392 0.8904 
415 58 1567.7518473392 0.8904 
420 59 1567.7518473392 0.8904 
425 60 1567.7518473392 0.8904 
435 61 1567.7518473392 0.8904 
440 62 1567.7518473392 0.8904 
450 63 1567.7518473392 0.8904 
455 64 1567.7518473392 0.8904 
460 65 1567.7518473392 0.8904 
470 66 1567.7518473392 0.8904 
475 67 1567.7518473392 0.8904 
480 68 1567.7518473392 0.8904 
490 69 1567.7518473392 0.8904 
495 70 1567.7518473392 0.8904 
500 71 1567.7518473392 0.8904 
510 72 1567.7518473392 0.8904 
515 73 1567.7518473392 0.8904 
525 74 1567.7518473392 0.8904 
530 75 1567.7518473392 0.8904 
535 76 1567.7518473392 0.8904 
545 77 1567.7518473392 0.8904 
550 78 1567.7518473392 0.8904 
555 79 1546.9350541518 0.9023 
565 80 1546.9350541518 0.9023 
570 81 1546.9350541518 0.9023 
575 82 1546.9350541518 0.9023 
585 83 1546.9350541518 0.9023 
590 84 1545.4771814620 0.9032 
595 85 1545.4771814620 0.9032 
605 86 1545.4771814620 0.9032 
610 87 1545.4771814620 0.9032 
615 88 1545.4771814620 0.9032 
625 89 1545.4771814620 0.9032 
630 90 1545.2843165188 0.9033 
635 91 1545.2843165188 0.9033 
645 92 1543.2045806887 0.9045 
650 93 1543.2045806887 0.9045 
655 94 1543.2045806887 0.9045 
665 95 1543.2045806887 0.9045 
670 96 1543.2045806887 0.9045 
680 97 1543.2045806887 0.9045 
685 98 1543.2045806887 0.9045 
690 99 1543.2045806887 0.9045 
700 100 1543.2045806887 0.9045 
705 101 1543.2045806887 0.9045 
710 102 1543.2045806887 0.9045 
720 103 1543.2045806887 0.9045 
725 104 1543.2045806887 0.9045 
730 105 1543.2045806887 0.9045 
740 106 1543.2045806887 0.9045 
745 107 1543.2045806887 0.9045 
750 108 1543.2045806887 0.9045 
755 109 1543.2045806887 0.9045 
765 110 1543.2045806887 0.9045 
770 111 1543.2045806887 0.9045 
775 112 1543.2045806887 0.9045 
785 113 1543.2045806887 0.9045 
790 114 1543.2045806887 0.9045 
795 115 1543.2045806887 0.9045 
800 116 1543.2045806887 0.9045 
810 117 1543.2045806887 0.9045 
815 118 1543.2045806887 0.9045 
820 119 1543.2045806887 0.9045 
830 120 1543.2045806887 0.9045 
835 121 1543.2045806887 0.9045 
840 122 1543.2045806887 0.9045 
850 123 1543.2045806887 0.9045 
855 124 1543.2045806887 0.9045 
860 125 1543.2045806887 0.9045 
865 126 1543.2045806887 0.9045 
875 127 1543.2045806887 0.9045 
880 128 1543.2045806887 0.9045 
885 129 1543.2045806887 0.9045 
890 130 1543.2045806887 0.9045 
900 131 1543.2045806887 0.9045 
905 132 1543.2045806887 0.9045 
910 133 1543.2045806887 0.9045 
920 134 1543.2045806887 0.9045 
925 135 1543.2045806887 0.9045 
930 136 1543.2045806887 0.9045 
935 137 1543.2045806887 0.9045 
945 138 1543.2045806887 0.9045 
950 139 1543.2045806887 0.9045 
955 140 1543.2045806887 0.9045 
960 141 1543.2045806887 0.9045 
970 142 1543.2045806887 0.9045 
975 143 1543.2045806887 0.9045 
980 144 1543.2045806887 0.9045 
990 145 1543.2045806887 0.9045 
995 146 1543.2045806887 0.9045 
1000 147 1543.2045806887 0.9045 
1005 148 1543.2045806887 0.9045 
1015 149 1543.2045806887 0.9045 
1020 150 1543.2045806887 0.9045 
1025 151 1543.2045806887 0.9045 
1030 152 1543.2045806887 0.9045 
1035 153 1543.2045806887 0.9045 
1045 154 1543.2045806887 0.9045 
1050 155 1543.2045806887 0.9045 
1055 156 1543.2045806887 0.9045 
1060 157 1543.2045806887 0.9045 
1065 158 1543.2045806887 0.9045 
1075 159 1543.2045806887 0.9045 
1080 160 1543.2045806887 0.9045 
1085 161 1543.2045806887 0.9045 
1090 162 1543.2045806887 0.9045 
1100 163 1543.2045806887 0.9045 
1105 164 1543.2045806887 0.9045 
1110 165 1543.2045806887 0.9045 
1115 166 1543.2045806887 0.9045 
1120 167 1543.2045806887 0.9045 
1130 168 1543.2045806887 0.9045 
1135 169 1543.2045806887 0.9045 
1140 170 1543.2045806887 0.9045 
1145 171 1543.2045806887 0.9045 
1150 172 1543.2045806887 0.9045 
1160 173 1543.2045806887 0.9045 
1165 174 1543.2045806887 0.9045 
1170 175 1543.2045806887 0.9045 
1175 176 1543.2045806887 0.9045 
1185 177 1543.2045806887 0.9045 
1190 178 1543.2045806887 0.9045 
1195 179 1543.2045806887 0.9045 
1200 180 1543.2045806887 0.9045 
1205 181 1543.2045806887 0.9045 
1215 182 1543.2045806887 0.9045 
1220 183 1543.2045806887 0.9045 
1225 184 1543.2045806887 0.9045 
1230 185 1543.2045806887 0.9045 
1235 186 1543.2045806887 0.9045 
1245 187 1543.2045806887 0.9045 
1250 188 1543.2045806887 0.9045 
1255 189 1543.2045806887 0.9045 
1260 190 1543.2045806887 0.9045 
1265 191 1543.2045806887 0.9045 
1275 192 1543.2045806887 0.9045 
1280 193 1543.2045806887 0.9045 
1285 194 1543.2045806887 0.9045 
1290 195 1543.2045806887 0.9045 
1295 196 1511.3020011552 0.9236 
1305 197 1510.0675725034 0.9244 
1310 198 1510.0675725034 0.9244 
1315 199 1510.0675725034 0.9244 
1320 200 1510.0675725034 0.9244 
1325 201 1510.0675725034 0.9244 
1330 202 1510.0675725034 0.9244 
1340 203 1509.0351152239 0.9250 
1345 204 1509.0351152239 0.9250 
1350 205 1509.0351152239 0.9250 
1355 206 1509.0351152239 0.9250 
1360 207 1509.0351152239 0.9250 
1365 208 1508.9167068136 0.9251 
1370 209 1508.9167068136 0.9251 
1380 210 1508.9167068136 0.9251 
1385 211 1508.9167068136 0.9251 
1390 212 1508.9167068136 0.9251 
1395 213 1508.9167068136 0.9251 
1400 214 1508.9167068136 0.9251 
1405 215 1508.9167068136 0.9251 
1410 216 1508.9167068136 0.9251 
1420 217 1508.9167068136 0.9251 
1425 218 1508.9167068136 0.9251 
1430 219 1508.9167068136 0.9251 
1435 220 1508.9167068136 0.9251 
1440 221 1508.9167068136 0.9251 
1445 222 1508.9167068136 0.9251 
1455 223 1508.1229171531 0.9256 
1460 224 1508.1229171531 0.9256 
1465 225 1508.1229171531 0.9256 
1470 226 1508.1229171531 0.9256 
1475 227 1508.1229171531 0.9256 
1480 228 1508.1229171531 0.9256 
1485 229 1508.1229171531 0.9256 
1495 230 1508.1229171531 0.9256 
1500 231 1508.1229171531 0.9256 
1505 232 1508.1229171531 0.9256 
1510 233 1508.1229171531 0.9256 
1515 234 1508.1229171531 0.9256 
1520 235 1508.1229171531 0.9256 
1525 236 1508.1229171531 0.9256 
1530 237 1508.1229171531 0.9256 
1540 238 1504.2571836167 0.9279 
1545 239 1504.2571836167 0.9279 
1550 240 1504.2571836167 0.9279 
1555 241 1504.2571836167 0.9279 
1560 242 1504.2571836167 0.9279 
1565 243 1504.2571836167 0.9279 
1570 244 1504.2571836167 0.9279 
1575 245 1504.2571836167 0.9279 
1585 246 1504.2571836167 0.9279 
1590 247 1504.2571836167 0.9279 
1595 248 1504.2571836167 0.9279 
1600 249 1504.2571836167 0.9279 
1605 250 1504.2571836167 0.9279 
1610 251 1504.2571836167 0.9279 
1615 252 1504.2571836167 0.9279 
1625 253 1504.2571836167 0.9279 
1630 254 1504.2571836167 0.9279 
1635 255 1504.2571836167 0.9279 
1640 256 1504.2571836167 0.9279 
1645 257 1504.2571836167 0.9279 
1650 258 1503.3059394082 0.9285 
1655 259 1503.3059394082 0.9285 
1660 260 1503.2080827079 0.9286 
1665 261 1503.2080827079 0.9286 
1670 262 1503.2080827079 0.9286 
1680 263 1503.2080827079 0.9286 
1685 264 1503.2080827079 0.9286 
1690 265 1503.2080827079 0.9286 
1695 266 1503.2080827079 0.9286 
1700 267 1503.2080827079 0.9286 
1705 268 1503.2080827079 0.9286 
1710 269 1503.2080827079 0.9286 
1715 270 1503.2080827079 0.9286 
1720 271 1503.2080827079 0.9286 
1725 272 1503.2080827079 0.9286 
1730 273 1503.2080827079 0.9286 
1740 274 1503.2080827079 0.9286 
1745 275 1503.2080827079 0.9286 
1750 276 1503.2080827079 0.9286 
1755 277 1503.2080827079 0.9286 
1760 278 1503.2080827079 0.9286 
1765 279 1503.2080827079 0.9286 
1770 280 1503.2080827079 0.9286 
1775 281 1503.2080827079 0.9286 
1780 282 1503.2080827079 0.9286 
1785 283 1503.2080827079 0.9286 
1795 284 1503.2080827079 0.9286 
1800 285 1503.2080827079 0.9286 
