0 0 1346.7095002005 0.0000 
5 2 1299.2358452421 0.8021 
10 4 1299.2358452421 0.8021 
15 6 1299.2358452421 0.8021 
20 9 1284.6759544965 0.8112 
25 11 1284.6759544965 0.8112 
30 13 1259.9372041788 0.8271 
35 15 1232.4871132741 0.8455 
40 17 1228.5288437858 0.8483 
45 18 1228.5288437858 0.8483 
50 21 1228.5288437858 0.8483 
55 23 1206.2122127340 0.8640 
60 25 1206.2122127340 0.8640 
65 27 1206.2122127340 0.8640 
70 29 1206.2122127340 0.8640 
75 31 1176.2297841476 0.8860 
80 33 1176.2297841476 0.8860 
85 36 1175.1784811735 0.8868 
90 38 1161.4762380880 0.8972 
95 40 1161.4762380880 0.8972 
100 42 1161.4762380880 0.8972 
105 44 1147.1512246459 0.9084 
110 47 1147.1512246459 0.9084 
115 49 1147.1512246459 0.9084 
120 51 1147.1512246459 0.9084 
125 53 1147.1512246459 0.9084 
130 55 1146.9688133089 0.9086 
135 57 1144.9781085239 0.9102 
140 59 1144.9781085239 0.9102 
145 61 1144.9781085239 0.9102 
150 63 1144.9781085239 0.9102 
155 66 1140.9018491543 0.9134 
160 68 1139.0494297889 0.9149 
165 70 1139.0494297889 0.9149 
170 72 1139.0494297889 0.9149 
175 74 1139.0494297889 0.9149 
180 77 1139.0494297889 0.9149 
185 79 1139.0494297889 0.9149 
190 81 1139.0494297889 0.9149 
195 83 1136.6631836946 0.9168 
200 86 1136.0373814232 0.9173 
205 88 1136.0373814232 0.9173 
210 90 1136.0373814232 0.9173 
215 91 1136.0373814232 0.9173 
220 94 1136.0373814232 0.9173 
225 96 1136.0373814232 0.9173 
230 98 1135.8783986615 0.9174 
235 101 1135.8783986615 0.9174 
240 103 1135.8783986615 0.9174 
245 105 1135.8783986615 0.9174 
250 108 1135.7394451056 0.9176 
255 110 1135.7394451056 0.9176 
260 112 1134.8435810559 0.9183 
265 115 1132.2887375504 0.9204 
270 117 1132.2887375504 0.9204 
275 119 1132.2887375504 0.9204 
280 122 1132.2887375504 0.9204 
285 124 1132.2887375504 0.9204 
290 126 1123.9659356994 0.9272 
295 129 1121.1787012327 0.9295 
300 131 1121.1787012327 0.9295 
305 133 1121.1787012327 0.9295 
310 135 1120.5259058062 0.9300 
315 137 1120.5259058062 0.9300 
320 139 1120.5259058062 0.9300 
325 142 1117.2215774965 0.9328 
330 144 1117.2215774965 0.9328 
335 146 1117.2215774965 0.9328 
340 149 1116.9894064322 0.9330 
345 151 1116.9894064322 0.9330 
350 154 1114.7960384678 0.9348 
355 156 1114.7960384678 0.9348 
360 159 1114.7960384678 0.9348 
365 161 1114.7235078489 0.9349 
370 164 1114.2354964817 0.9353 
375 166 1114.2354964817 0.9353 
380 169 1114.2354964817 0.9353 
385 171 1114.2354964817 0.9353 
390 174 1113.7293195153 0.9357 
395 176 1113.7293195153 0.9357 
400 179 1113.7293195153 0.9357 
405 181 1113.7293195153 0.9357 
410 183 1113.7293195153 0.9357 
415 185 1113.7293195153 0.9357 
420 188 1113.7293195153 0.9357 
425 190 1113.7293195153 0.9357 
430 193 1113.0349430200 0.9363 
435 196 1113.0349430200 0.9363 
440 198 1113.0349430200 0.9363 
445 201 1113.0349430200 0.9363 
450 203 1113.0349430200 0.9363 
455 206 1112.1183794569 0.9370 
460 209 1112.1183794569 0.9370 
465 211 1112.1183794569 0.9370 
470 214 1112.0542015771 0.9371 
475 217 1111.9421185398 0.9372 
480 219 1111.4988562222 0.9376 
485 222 1111.4988562222 0.9376 
490 225 1111.4988562222 0.9376 
495 227 1111.4988562222 0.9376 
500 229 1111.0272041436 0.9380 
505 231 1111.0272041436 0.9380 
510 234 1111.0272041436 0.9380 
515 237 1111.0272041436 0.9380 
520 240 1109.8322217992 0.9390 
525 242 1109.4325106014 0.9393 
530 245 1109.3569261742 0.9394 
535 248 1109.3569261742 0.9394 
540 251 1109.3569261742 0.9394 
545 254 1109.3569261742 0.9394 
550 256 1109.3569261742 0.9394 
555 259 1109.3569261742 0.9394 
560 262 1109.3569261742 0.9394 
565 265 1109.0864623898 0.9396 
570 268 1109.0864623898 0.9396 
575 271 1109.0864623898 0.9396 
580 273 1109.0864623898 0.9396 
585 275 1109.0864623898 0.9396 
590 278 1109.0864623898 0.9396 
595 281 1109.0864623898 0.9396 
600 284 1109.0864623898 0.9396 
605 287 1109.0864623898 0.9396 
610 289 1109.0864623898 0.9396 
615 292 1109.0864623898 0.9396 
620 295 1109.0864623898 0.9396 
625 298 1109.0864623898 0.9396 
630 301 1109.0864623898 0.9396 
635 304 1101.7868415633 0.9458 
640 307 1101.7868415633 0.9458 
645 310 1101.7868415633 0.9458 
650 313 1101.7868415633 0.9458 
655 316 1101.7868415633 0.9458 
660 319 1101.7868415633 0.9458 
665 322 1101.7868415633 0.9458 
670 324 1101.7868415633 0.9458 
675 327 1101.7868415633 0.9458 
680 330 1101.4116836128 0.9462 
685 333 1101.4116836128 0.9462 
690 337 1101.4116836128 0.9462 
695 340 1101.4116836128 0.9462 
700 343 1101.4116836128 0.9462 
705 346 1101.4116836128 0.9462 
710 349 1101.4116836128 0.9462 
715 352 1101.4116836128 0.9462 
720 356 1101.4116836128 0.9462 
725 359 1101.4116836128 0.9462 
730 362 1101.4116836128 0.9462 
735 366 1101.4116836128 0.9462 
740 369 1101.4116836128 0.9462 
745 372 1101.4116836128 0.9462 
750 375 1101.0203892679 0.9465 
755 377 1101.0203892679 0.9465 
760 381 1101.0203892679 0.9465 
765 384 1101.0203892679 0.9465 
770 387 1097.6270506410 0.9494 
775 391 1097.6270506410 0.9494 
780 394 1097.6270506410 0.9494 
785 398 1097.5878456486 0.9495 
790 401 1097.5878456486 0.9495 
795 405 1097.5878456486 0.9495 
800 408 1097.5878456486 0.9495 
805 412 1097.5878456486 0.9495 
810 415 1097.5878456486 0.9495 
815 419 1097.5878456486 0.9495 
820 422 1097.5878456486 0.9495 
825 426 1097.5878456486 0.9495 
830 429 1093.8990293775 0.9527 
835 433 1093.8990293775 0.9527 
840 435 1093.8990293775 0.9527 
845 439 1093.8990293775 0.9527 
850 442 1093.8990293775 0.9527 
855 446 1093.8990293775 0.9527 
860 450 1093.8990293775 0.9527 
865 454 1093.8990293775 0.9527 
870 458 1093.8990293775 0.9527 
875 461 1093.8990293775 0.9527 
880 465 1093.8990293775 0.9527 
885 469 1093.8990293775 0.9527 
890 473 1093.8990293775 0.9527 
895 477 1093.8990293775 0.9527 
900 481 1092.6818281808 0.9537 
905 485 1092.6818281808 0.9537 
910 489 1092.6818281808 0.9537 
915 493 1092.6818281808 0.9537 
920 497 1092.6818281808 0.9537 
925 501 1092.6818281808 0.9537 
930 505 1091.0235865493 0.9552 
935 509 1091.0235865493 0.9552 
940 513 1091.0235865493 0.9552 
945 516 1091.0235865493 0.9552 
950 520 1091.0235865493 0.9552 
955 525 1091.0235865493 0.9552 
960 529 1091.0235865493 0.9552 
965 534 1091.0235865493 0.9552 
970 538 1091.0235865493 0.9552 
975 543 1091.0235865493 0.9552 
980 547 1091.0235865493 0.9552 
985 552 1091.0235865493 0.9552 
990 556 1091.0235865493 0.9552 
995 561 1091.0235865493 0.9552 
1000 566 1091.0235865493 0.9552 
1005 570 1091.0235865493 0.9552 
1010 575 1091.0235865493 0.9552 
1015 580 1091.0235865493 0.9552 
1020 585 1091.0235865493 0.9552 
1025 590 1091.0235865493 0.9552 
1030 595 1088.6147087409 0.9573 
1035 600 1088.6147087409 0.9573 
1040 605 1088.6147087409 0.9573 
1045 611 1088.6147087409 0.9573 
1050 615 1088.6147087409 0.9573 
1055 619 1088.6147087409 0.9573 
1060 625 1088.6147087409 0.9573 
1065 630 1088.5042842667 0.9574 
1070 636 1088.5042842667 0.9574 
1075 642 1088.5042842667 0.9574 
1080 648 1088.5042842667 0.9574 
1085 653 1088.5042842667 0.9574 
1090 659 1088.5042842667 0.9574 
1095 665 1088.5042842667 0.9574 
1100 672 1084.0681688677 0.9613 
1105 678 1083.9097881207 0.9614 
1110 684 1083.9097881207 0.9614 
1115 691 1082.9254696299 0.9623 
1120 698 1082.3628473686 0.9628 
1125 704 1082.3628473686 0.9628 
1130 712 1082.3628473686 0.9628 
1135 719 1082.3628473686 0.9628 
1140 726 1082.3628473686 0.9628 
1145 734 1082.3628473686 0.9628 
1150 742 1082.3628473686 0.9628 
1155 750 1081.1458560982 0.9639 
1160 755 1081.1458560982 0.9639 
1165 764 1081.0862310951 0.9639 
1170 774 1080.8567358272 0.9642 
1175 783 1080.8567358272 0.9642 
1180 793 1080.8567358272 0.9642 
1185 803 1080.8567358272 0.9642 
1190 814 1080.8567358272 0.9642 
1195 825 1080.8567358272 0.9642 
1200 838 1080.8567358272 0.9642 
1205 852 1080.8567358272 0.9642 
1210 867 1080.8567358272 0.9642 
1215 883 1079.2353890735 0.9656 
1220 903 1074.2312756912 0.9701 
1225 927 1071.8329300536 0.9723 
1230 965 1071.3153648380 0.9727 
1235 1076 1067.6726249783 0.9761 
1240 1195 1067.6726249783 0.9761 
1245 1313 1067.6726249783 0.9761 
1250 1431 1067.6726249783 0.9761 
1255 1549 1067.6726249783 0.9761 
1260 1670 1067.6726249783 0.9761 
1265 1789 1067.6726249783 0.9761 
1270 1911 1067.6726249783 0.9761 
1275 2029 1067.6726249783 0.9761 
1280 2153 1067.6726249783 0.9761 
1285 2276 1067.6726249783 0.9761 
1290 2396 1067.6726249783 0.9761 
1295 2516 1067.6726249783 0.9761 
1300 2635 1067.6726249783 0.9761 
1305 2753 1067.6726249783 0.9761 
1310 2874 1067.6726249783 0.9761 
1315 2993 1067.6726249783 0.9761 
1320 3113 1067.6726249783 0.9761 
1325 3234 1067.6726249783 0.9761 
1330 3356 1067.6726249783 0.9761 
1335 3477 1067.6726249783 0.9761 
1340 3600 1067.6726249783 0.9761 
1345 3718 1067.6726249783 0.9761 
1350 3840 1067.6726249783 0.9761 
1355 3962 1067.6726249783 0.9761 
1360 4082 1067.6726249783 0.9761 
1365 4204 1067.6726249783 0.9761 
1370 4322 1067.6726249783 0.9761 
1375 4444 1067.6726249783 0.9761 
1380 4563 1064.0430632625 0.9794 
1385 4681 1064.0147786823 0.9794 
1390 4800 1064.0147786823 0.9794 
1395 4919 1064.0147786823 0.9794 
1400 5044 1064.0147786823 0.9794 
1405 5163 1064.0147786823 0.9794 
1410 5282 1064.0147786823 0.9794 
1415 5403 1064.0147786823 0.9794 
1420 5526 1063.3280322064 0.9800 
1425 5642 1063.3280322064 0.9800 
1430 5761 1060.3993813967 0.9828 
1435 5884 1060.3993813967 0.9828 
1440 6008 1060.3993813967 0.9828 
1445 6128 1060.3993813967 0.9828 
1450 6246 1060.3993813967 0.9828 
1455 6366 1060.3993813967 0.9828 
1460 6489 1060.3993813967 0.9828 
1465 6606 1060.3993813967 0.9828 
1470 6726 1060.3993813967 0.9828 
1475 6844 1060.3993813967 0.9828 
1480 6964 1060.3993813967 0.9828 
1485 7082 1060.3993813967 0.9828 
1490 7203 1060.3993813967 0.9828 
1495 7320 1059.9979449380 0.9831 
1500 7442 1059.9979449380 0.9831 
1505 7561 1059.9979449380 0.9831 
1510 7685 1059.9979449380 0.9831 
1515 7805 1059.9979449380 0.9831 
1520 7927 1059.9979449380 0.9831 
1525 8049 1059.9979449380 0.9831 
1530 8169 1059.9979449380 0.9831 
1535 8291 1059.2807581975 0.9838 
1540 8407 1059.2807581975 0.9838 
1545 8528 1059.2807581975 0.9838 
1550 8649 1059.2807581975 0.9838 
1555 8771 1059.2807581975 0.9838 
1560 8895 1059.2807581975 0.9838 
1565 9014 1059.2807581975 0.9838 
1570 9132 1059.2807581975 0.9838 
1575 9250 1059.2807581975 0.9838 
1580 9369 1059.2807581975 0.9838 
1585 9488 1059.2807581975 0.9838 
1590 9610 1059.2807581975 0.9838 
1595 9727 1059.2807581975 0.9838 
1600 9846 1059.2807581975 0.9838 
1605 9966 1059.2807581975 0.9838 
1610 10087 1059.2807581975 0.9838 
1615 10209 1059.2807581975 0.9838 
1620 10329 1059.2807581975 0.9838 
1625 10449 1059.2807581975 0.9838 
1630 10570 1059.2807581975 0.9838 
1635 10687 1059.2807581975 0.9838 
1640 10805 1059.2807581975 0.9838 
1645 10927 1059.2807581975 0.9838 
1650 11049 1059.2807581975 0.9838 
1655 11166 1059.2807581975 0.9838 
1660 11286 1059.2807581975 0.9838 
1665 11408 1059.2807581975 0.9838 
1670 11527 1059.2807581975 0.9838 
1675 11648 1059.2807581975 0.9838 
1680 11771 1059.0350373417 0.9840 
1685 11886 1058.8411177035 0.9842 
1690 12010 1058.8411177035 0.9842 
1695 12132 1058.8411177035 0.9842 
1700 12254 1058.8411177035 0.9842 
1705 12372 1058.8411177035 0.9842 
1710 12492 1058.8411177035 0.9842 
1715 12609 1058.8411177035 0.9842 
1720 12732 1058.8411177035 0.9842 
1725 12857 1058.8411177035 0.9842 
1730 12979 1058.8411177035 0.9842 
1735 13096 1058.8411177035 0.9842 
1740 13216 1058.8411177035 0.9842 
1745 13336 1058.8411177035 0.9842 
1750 13455 1058.8411177035 0.9842 
1755 13571 1058.8411177035 0.9842 
1760 13689 1058.8411177035 0.9842 
1765 13806 1058.8411177035 0.9842 
1770 13926 1058.8411177035 0.9842 
1775 14046 1058.8411177035 0.9842 
1780 14168 1058.8411177035 0.9842 
1785 14290 1058.8411177035 0.9842 
1790 14409 1058.8411177035 0.9842 
1795 14531 1058.8411177035 0.9842 
1800 14648 1058.8411177035 0.9842 
