0 0 1804.1799984885 0.0000 
5 3 1804.1799984885 0.0000 
10 5 1804.1799984885 0.0000 
15 8 1804.1799984885 0.0000 
20 10 1804.1799984885 0.0000 
25 13 1804.1799984885 0.0000 
30 15 1804.1799984885 0.0000 
35 17 1804.1799984885 0.0000 
40 20 1804.1799984885 0.0000 
45 22 1804.1799984885 0.0000 
50 25 1804.1799984885 0.0000 
55 26 1804.1799984885 0.0000 
60 29 1804.1799984885 0.0000 
65 31 1804.1799984885 0.0000 
70 34 1804.1799984885 0.0000 
75 36 1804.1799984885 0.0000 
80 39 1804.1799984885 0.0000 
85 42 1804.1799984885 0.0000 
90 44 1804.1799984885 0.0000 
95 47 1804.1799984885 0.0000 
100 49 1804.1799984885 0.0000 
105 52 1804.1799984885 0.0000 
110 54 1804.1799984885 0.0000 
115 57 1804.1799984885 0.0000 
120 59 1804.1799984885 0.0000 
125 62 1804.1799984885 0.0000 
130 64 1804.1799984885 0.0000 
135 67 1804.1799984885 0.0000 
140 69 1804.1799984885 0.0000 
145 72 1804.1799984885 0.0000 
150 74 1804.1799984885 0.0000 
155 77 1804.1799984885 0.0000 
160 80 1804.1799984885 0.0000 
165 82 1804.1799984885 0.0000 
170 85 1804.1799984885 0.0000 
175 87 1804.1799984885 0.0000 
180 89 1804.1799984885 0.0000 
185 91 1804.1799984885 0.0000 
190 94 1718.7357428686 0.8967 
195 97 1718.7357428686 0.8967 
200 99 1718.7357428686 0.8967 
205 102 1716.8957172294 0.8976 
210 105 1716.8957172294 0.8976 
215 107 1713.0417086078 0.8997 
220 110 1713.0417086078 0.8997 
225 113 1678.0372707239 0.9184 
230 115 1678.0372707239 0.9184 
235 118 1678.0372707239 0.9184 
240 121 1678.0372707239 0.9184 
245 123 1678.0372707239 0.9184 
250 126 1678.0372707239 0.9184 
255 129 1678.0372707239 0.9184 
260 131 1678.0372707239 0.9184 
265 134 1678.0372707239 0.9184 
270 137 1678.0372707239 0.9184 
275 140 1678.0372707239 0.9184 
280 142 1678.0372707239 0.9184 
285 145 1678.0372707239 0.9184 
290 148 1678.0372707239 0.9184 
295 150 1677.1696549519 0.9189 
300 153 1677.1696549519 0.9189 
305 156 1677.1696549519 0.9189 
310 159 1677.1696549519 0.9189 
315 162 1677.1696549519 0.9189 
320 164 1677.1696549519 0.9189 
325 167 1676.5526339470 0.9192 
330 170 1671.0658522136 0.9222 
335 173 1671.0658522136 0.9222 
340 176 1669.1973672103 0.9233 
345 178 1669.1973672103 0.9233 
350 181 1669.1973672103 0.9233 
355 184 1669.1844580046 0.9233 
360 186 1666.4254645938 0.9248 
365 189 1666.0402997866 0.9250 
370 192 1665.0124408854 0.9256 
375 195 1665.0124408854 0.9256 
380 198 1663.7726605220 0.9263 
385 201 1663.7726605220 0.9263 
390 204 1663.7726605220 0.9263 
395 207 1663.7726605220 0.9263 
400 210 1663.7726605220 0.9263 
405 213 1662.1266888765 0.9272 
410 216 1661.3537106025 0.9276 
415 219 1660.9819531646 0.9278 
420 222 1660.9819531646 0.9278 
425 225 1660.9819531646 0.9278 
430 228 1660.9819531646 0.9278 
435 231 1660.9819531646 0.9278 
440 234 1660.9819531646 0.9278 
445 237 1660.9819531646 0.9278 
450 240 1660.9819531646 0.9278 
455 243 1660.9819531646 0.9278 
460 246 1660.9819531646 0.9278 
465 250 1660.9819531646 0.9278 
470 253 1660.9819531646 0.9278 
475 256 1660.9819531646 0.9278 
480 259 1660.9819531646 0.9278 
485 262 1659.5222574633 0.9287 
490 265 1658.7551295495 0.9291 
495 269 1657.9096763183 0.9296 
500 272 1656.8939583512 0.9301 
505 275 1656.8939583512 0.9301 
510 278 1656.8939583512 0.9301 
515 282 1652.3995347000 0.9327 
520 285 1652.3995347000 0.9327 
525 288 1652.3995347000 0.9327 
530 292 1652.3995347000 0.9327 
535 295 1652.3995347000 0.9327 
540 298 1652.3995347000 0.9327 
545 301 1652.3995347000 0.9327 
550 304 1652.3995347000 0.9327 
555 307 1652.3995347000 0.9327 
560 311 1652.3995347000 0.9327 
565 314 1652.3995347000 0.9327 
570 318 1652.3995347000 0.9327 
575 321 1652.3995347000 0.9327 
580 324 1649.7927752149 0.9341 
585 328 1648.3699660878 0.9349 
590 331 1648.3699660878 0.9349 
595 335 1648.3699660878 0.9349 
600 339 1646.4861515299 0.9360 
605 342 1644.8011511607 0.9370 
610 346 1643.4520492028 0.9377 
615 349 1643.4520492028 0.9377 
620 353 1643.4520492028 0.9377 
625 357 1643.4520492028 0.9377 
630 360 1643.4520492028 0.9377 
635 364 1643.4520492028 0.9377 
640 368 1643.4520492028 0.9377 
645 372 1643.4520492028 0.9377 
650 375 1643.4520492028 0.9377 
655 379 1643.4520492028 0.9377 
660 383 1640.7177261015 0.9393 
665 387 1639.4953159808 0.9400 
670 391 1636.4059004012 0.9418 
675 394 1636.4059004012 0.9418 
680 398 1636.4059004012 0.9418 
685 402 1636.4059004012 0.9418 
690 406 1636.1378044958 0.9419 
695 410 1636.1378044958 0.9419 
700 413 1636.1378044958 0.9419 
705 416 1632.8344616839 0.9438 
710 420 1630.8132598029 0.9450 
715 425 1630.4316088895 0.9452 
720 429 1630.4316088895 0.9452 
725 433 1630.4316088895 0.9452 
730 437 1630.4316088895 0.9452 
735 441 1630.4316088895 0.9452 
740 446 1630.4316088895 0.9452 
745 450 1630.4316088895 0.9452 
750 454 1630.4316088895 0.9452 
755 459 1630.4316088895 0.9452 
760 463 1630.4316088895 0.9452 
765 467 1630.4316088895 0.9452 
770 472 1630.4316088895 0.9452 
775 476 1630.2345966394 0.9453 
780 481 1629.1510446927 0.9460 
785 485 1629.1510446927 0.9460 
790 490 1629.1510446927 0.9460 
795 495 1629.1510446927 0.9460 
800 499 1629.1510446927 0.9460 
805 504 1629.1510446927 0.9460 
810 509 1625.0949899080 0.9483 
815 513 1625.0949899080 0.9483 
820 518 1625.0949899080 0.9483 
825 523 1625.0322004381 0.9484 
830 528 1621.8265964625 0.9502 
835 533 1621.8265964625 0.9502 
840 538 1621.8265964625 0.9502 
845 543 1621.8265964625 0.9502 
850 549 1621.8265964625 0.9502 
855 554 1621.8265964625 0.9502 
860 559 1621.6852356019 0.9503 
865 565 1621.6852356019 0.9503 
870 570 1621.5722732500 0.9504 
875 576 1621.5722732500 0.9504 
880 579 1621.5722732500 0.9504 
885 584 1621.5722732500 0.9504 
890 590 1621.5722732500 0.9504 
895 596 1621.5722732500 0.9504 
900 601 1621.5722732500 0.9504 
905 607 1621.5722732500 0.9504 
910 613 1621.5722732500 0.9504 
915 620 1621.5722732500 0.9504 
920 626 1621.5722732500 0.9504 
925 632 1621.5722732500 0.9504 
930 638 1621.5722732500 0.9504 
935 645 1621.5722732500 0.9504 
940 651 1621.5722732500 0.9504 
945 658 1621.5722732500 0.9504 
950 665 1621.3140533500 0.9505 
955 672 1621.3140533500 0.9505 
960 680 1621.3140533500 0.9505 
965 687 1621.3140533500 0.9505 
970 695 1621.3140533500 0.9505 
975 702 1621.3140533500 0.9505 
980 710 1621.3140533500 0.9505 
985 718 1621.3140533500 0.9505 
990 727 1621.3140533500 0.9505 
995 736 1619.6471680964 0.9515 
1000 745 1619.4573726601 0.9516 
1005 754 1619.4573726601 0.9516 
1010 764 1619.4573726601 0.9516 
1015 774 1618.1713374152 0.9524 
1020 784 1618.1713374152 0.9524 
1025 795 1618.1713374152 0.9524 
1030 807 1618.1713374152 0.9524 
1035 819 1617.7124807086 0.9527 
1040 833 1617.7124807086 0.9527 
1045 847 1617.7124807086 0.9527 
1050 863 1617.7124807086 0.9527 
1055 881 1617.7124807086 0.9527 
1060 902 1617.7124807086 0.9527 
1065 931 1583.9404357554 0.9730 
1070 988 1579.2842429877 0.9758 
1075 1124 1572.1878177506 0.9803 
1080 1257 1568.6136462820 0.9825 
1085 1389 1568.6136462820 0.9825 
1090 1526 1566.8409545230 0.9836 
1095 1656 1566.8409545230 0.9836 
1100 1788 1566.8409545230 0.9836 
1105 1927 1566.7569672252 0.9836 
1110 2061 1566.7569672252 0.9836 
1115 2199 1565.7250628157 0.9843 
1120 2332 1565.7250628157 0.9843 
1125 2467 1562.5766236136 0.9863 
1130 2604 1562.1205613713 0.9866 
1135 2735 1561.7249922672 0.9868 
1140 2870 1561.7249922672 0.9868 
1145 3001 1561.7249922672 0.9868 
1150 3134 1561.7249922672 0.9868 
1155 3269 1561.7249922672 0.9868 
1160 3400 1561.7249922672 0.9868 
1165 3536 1561.7249922672 0.9868 
1170 3669 1561.0862743181 0.9872 
1175 3800 1561.0862743181 0.9872 
1180 3939 1561.0862743181 0.9872 
1185 4071 1561.0862743181 0.9872 
1190 4202 1561.0862743181 0.9872 
1195 4334 1561.0862743181 0.9872 
1200 4470 1561.0862743181 0.9872 
1205 4604 1561.0862743181 0.9872 
1210 4740 1561.0862743181 0.9872 
1215 4877 1561.0862743181 0.9872 
1220 5012 1561.0862743181 0.9872 
1225 5145 1561.0862743181 0.9872 
1230 5278 1561.0862743181 0.9872 
1235 5410 1561.0862743181 0.9872 
1240 5542 1561.0862743181 0.9872 
1245 5676 1561.0862743181 0.9872 
1250 5810 1561.0862743181 0.9872 
1255 5945 1561.0862743181 0.9872 
1260 6079 1561.0862743181 0.9872 
1265 6215 1561.0862743181 0.9872 
1270 6349 1561.0862743181 0.9872 
1275 6484 1561.0862743181 0.9872 
1280 6618 1561.0862743181 0.9872 
1285 6749 1561.0862743181 0.9872 
1290 6886 1561.0862743181 0.9872 
1295 7021 1561.0862743181 0.9872 
1300 7154 1561.0862743181 0.9872 
1305 7291 1561.0862743181 0.9872 
1310 7427 1560.8562237093 0.9874 
1315 7556 1560.8562237093 0.9874 
1320 7693 1560.8562237093 0.9874 
1325 7823 1560.8562237093 0.9874 
1330 7958 1560.8562237093 0.9874 
1335 8092 1560.8562237093 0.9874 
1340 8228 1560.8562237093 0.9874 
1345 8361 1560.8562237093 0.9874 
1350 8495 1560.8562237093 0.9874 
1355 8629 1560.8562237093 0.9874 
1360 8762 1560.8562237093 0.9874 
1365 8896 1560.8562237093 0.9874 
1370 9028 1560.8562237093 0.9874 
1375 9163 1560.8562237093 0.9874 
1380 9297 1560.8562237093 0.9874 
1385 9432 1560.8562237093 0.9874 
1390 9564 1560.8562237093 0.9874 
1395 9699 1560.8562237093 0.9874 
1400 9833 1560.7083037925 0.9875 
1405 9967 1560.7083037925 0.9875 
1410 10101 1560.7083037925 0.9875 
1415 10235 1560.7083037925 0.9875 
1420 10368 1560.7083037925 0.9875 
1425 10501 1560.7083037925 0.9875 
1430 10634 1560.7083037925 0.9875 
1435 10770 1560.7083037925 0.9875 
1440 10905 1560.7083037925 0.9875 
1445 11040 1560.7083037925 0.9875 
1450 11178 1560.7083037925 0.9875 
1455 11315 1560.7083037925 0.9875 
1460 11446 1560.7083037925 0.9875 
1465 11578 1560.7083037925 0.9875 
1470 11717 1559.9804759513 0.9879 
1475 11849 1559.9804759513 0.9879 
1480 11983 1559.9804759513 0.9879 
1485 12120 1559.9804759513 0.9879 
1490 12252 1559.9804759513 0.9879 
1495 12385 1559.9804759513 0.9879 
1500 12520 1559.9804759513 0.9879 
1505 12659 1559.9804759513 0.9879 
1510 12791 1559.9804759513 0.9879 
1515 12924 1559.9804759513 0.9879 
1520 13059 1559.9804759513 0.9879 
1525 13191 1559.9804759513 0.9879 
1530 13327 1559.9804759513 0.9879 
1535 13462 1559.9804759513 0.9879 
1540 13598 1559.9804759513 0.9879 
1545 13734 1559.9804759513 0.9879 
1550 13870 1559.8746925432 0.9880 
1555 14008 1559.4259061318 0.9883 
1560 14141 1559.4259061318 0.9883 
1565 14272 1559.4259061318 0.9883 
1570 14409 1559.4259061318 0.9883 
1575 14544 1559.4259061318 0.9883 
1580 14679 1559.4259061318 0.9883 
1585 14814 1559.4259061318 0.9883 
1590 14945 1559.3145865477 0.9883 
1595 15080 1559.2299961180 0.9884 
1600 15207 1559.2299961180 0.9884 
1605 15339 1559.2299961180 0.9884 
1610 15475 1559.2299961180 0.9884 
1615 15614 1559.2299961180 0.9884 
1620 15747 1559.2299961180 0.9884 
1625 15884 1559.2299961180 0.9884 
1630 16022 1559.1374867347 0.9885 
1635 16158 1559.1374867347 0.9885 
1640 16293 1559.1374867347 0.9885 
1645 16427 1559.1374867347 0.9885 
1650 16565 1559.1374867347 0.9885 
1655 16698 1559.1374867347 0.9885 
1660 16830 1559.1374867347 0.9885 
1665 16964 1559.1374867347 0.9885 
1670 17098 1559.1374867347 0.9885 
1675 17233 1559.1374867347 0.9885 
1680 17368 1558.9911156067 0.9885 
1685 17502 1558.9911156067 0.9885 
1690 17641 1558.9911156067 0.9885 
1695 17774 1558.9911156067 0.9885 
1700 17910 1558.9911156067 0.9885 
1705 18050 1558.9911156067 0.9885 
1710 18183 1558.9911156067 0.9885 
1715 18320 1558.9911156067 0.9885 
1720 18457 1558.9911156067 0.9885 
1725 18590 1558.9911156067 0.9885 
1730 18721 1558.9911156067 0.9885 
1735 18854 1558.9911156067 0.9885 
1740 18987 1558.9911156067 0.9885 
1745 19118 1558.9911156067 0.9885 
1750 19252 1558.9911156067 0.9885 
1755 19388 1558.9911156067 0.9885 
1760 19523 1558.9911156067 0.9885 
1765 19657 1558.9911156067 0.9885 
1770 19791 1558.9911156067 0.9885 
1775 19924 1558.9911156067 0.9885 
1780 20055 1558.9911156067 0.9885 
1785 20188 1558.9911156067 0.9885 
1790 20323 1558.9911156067 0.9885 
1795 20457 1558.9911156067 0.9885 
1800 20595 1558.9911156067 0.9885 
