0 0 1108.7494145987 0.0000 
5 4 1022.8549470570 0.8470 
10 8 1003.2168587777 0.8636 
15 11 975.0377581829 0.8886 
20 15 955.6497635958 0.9066 
25 18 945.4791915486 0.9163 
30 22 930.0691343036 0.9315 
35 25 929.7031863750 0.9319 
40 29 927.8936079000 0.9337 
45 33 922.8473947364 0.9388 
50 36 917.5606984708 0.9442 
55 38 917.5606984708 0.9442 
60 42 899.0323010579 0.9637 
65 46 899.0323010579 0.9637 
70 49 896.8526210987 0.9660 
75 53 896.5809647584 0.9663 
80 57 896.2714753102 0.9666 
85 61 890.9296928228 0.9724 
90 64 890.9296928228 0.9724 
95 68 889.6273726105 0.9739 
100 72 889.6273726105 0.9739 
105 76 889.6273726105 0.9739 
110 80 889.2924574262 0.9742 
115 84 889.2924574262 0.9742 
120 87 889.2924574262 0.9742 
125 91 889.2924574262 0.9742 
130 95 889.2924574262 0.9742 
135 99 888.2968212191 0.9753 
140 103 887.6707153719 0.9760 
145 107 884.0918123745 0.9800 
150 111 883.5543156310 0.9806 
155 115 883.5543156310 0.9806 
160 119 882.2667534866 0.9820 
165 122 882.2667534866 0.9820 
170 126 882.2667534866 0.9820 
175 130 882.2667534866 0.9820 
180 134 882.2667534866 0.9820 
185 138 882.2667534866 0.9820 
190 143 881.0706345181 0.9833 
195 147 881.0706345181 0.9833 
200 151 881.0706345181 0.9833 
205 155 881.0706345181 0.9833 
210 159 881.0706345181 0.9833 
215 163 881.0706345181 0.9833 
220 167 881.0390609928 0.9834 
225 171 870.9641344966 0.9947 
230 176 870.9641344966 0.9947 
235 180 870.9641344966 0.9947 
240 184 870.9641344966 0.9947 
245 188 870.9641344966 0.9947 
250 193 870.9641344966 0.9947 
255 197 870.9641344966 0.9947 
260 201 870.5657888590 0.9952 
265 206 870.5657888590 0.9952 
270 210 870.5657888590 0.9952 
275 214 870.5657888590 0.9952 
280 219 870.5657888590 0.9952 
285 223 870.5657888590 0.9952 
290 228 870.5657888590 0.9952 
295 232 870.5657888590 0.9952 
300 237 870.5657888590 0.9952 
305 241 870.5657888590 0.9952 
310 246 870.5657888590 0.9952 
315 250 870.5657888590 0.9952 
320 255 870.5657888590 0.9952 
325 260 870.5657888590 0.9952 
330 264 870.5657888590 0.9952 
335 269 870.5657888590 0.9952 
340 274 870.5657888590 0.9952 
345 279 870.5657888590 0.9952 
350 283 870.5657888590 0.9952 
355 288 870.5657888590 0.9952 
360 293 870.5657888590 0.9952 
365 298 870.5657888590 0.9952 
370 303 870.5657888590 0.9952 
375 308 870.5657888590 0.9952 
380 313 870.5657888590 0.9952 
385 318 870.5657888590 0.9952 
390 323 870.5657888590 0.9952 
395 328 870.5657888590 0.9952 
400 333 870.5657888590 0.9952 
405 338 870.5657888590 0.9952 
410 344 870.5657888590 0.9952 
415 349 870.5657888590 0.9952 
420 354 870.5657888590 0.9952 
425 360 870.5657888590 0.9952 
430 365 870.5657888590 0.9952 
435 370 870.5657888590 0.9952 
440 376 870.5657888590 0.9952 
445 382 870.5657888590 0.9952 
450 387 870.5657888590 0.9952 
455 393 870.4082046667 0.9954 
460 399 870.4082046667 0.9954 
465 404 870.4082046667 0.9954 
470 410 870.4082046667 0.9954 
475 416 870.4082046667 0.9954 
480 419 870.4082046667 0.9954 
485 425 870.4082046667 0.9954 
490 431 870.4082046667 0.9954 
495 437 870.4082046667 0.9954 
500 443 870.4082046667 0.9954 
505 449 870.4082046667 0.9954 
510 456 870.4082046667 0.9954 
515 462 869.8212473299 0.9960 
520 469 869.8212473299 0.9960 
525 475 869.8212473299 0.9960 
530 482 869.8212473299 0.9960 
535 489 869.8212473299 0.9960 
540 495 869.8212473299 0.9960 
545 502 869.8212473299 0.9960 
550 509 869.8212473299 0.9960 
555 516 869.8212473299 0.9960 
560 524 869.8212473299 0.9960 
565 531 869.8212473299 0.9960 
570 538 869.8212473299 0.9960 
575 546 869.0536619560 0.9969 
580 553 869.0536619560 0.9969 
585 561 869.0536619560 0.9969 
590 569 869.0536619560 0.9969 
595 577 869.0536619560 0.9969 
600 585 869.0536619560 0.9969 
605 594 869.0536619560 0.9969 
610 602 869.0536619560 0.9969 
615 611 869.0536619560 0.9969 
620 620 869.0536619560 0.9969 
625 630 869.0536619560 0.9969 
630 639 869.0536619560 0.9969 
635 649 869.0536619560 0.9969 
640 658 869.0536619560 0.9969 
645 669 869.0536619560 0.9969 
650 679 869.0536619560 0.9969 
655 690 869.0536619560 0.9969 
660 701 869.0536619560 0.9969 
665 713 869.0536619560 0.9969 
670 725 869.0536619560 0.9969 
675 739 869.0536619560 0.9969 
680 752 869.0536619560 0.9969 
685 766 869.0536619560 0.9969 
690 781 869.0536619560 0.9969 
695 798 869.0536619560 0.9969 
700 815 869.0536619560 0.9969 
705 835 869.0536619560 0.9969 
710 857 869.0536619560 0.9969 
715 884 869.0536619560 0.9969 
720 919 869.0536619560 0.9969 
725 991 869.0536619560 0.9969 
730 1196 869.0536619560 0.9969 
735 1400 869.0536619560 0.9969 
740 1602 869.0536619560 0.9969 
745 1803 869.0536619560 0.9969 
750 2002 869.0536619560 0.9969 
755 2207 869.0536619560 0.9969 
760 2409 869.0536619560 0.9969 
765 2614 869.0536619560 0.9969 
770 2820 869.0536619560 0.9969 
775 3023 869.0536619560 0.9969 
780 3226 869.0536619560 0.9969 
785 3431 869.0536619560 0.9969 
790 3633 869.0536619560 0.9969 
795 3837 869.0536619560 0.9969 
800 4039 869.0536619560 0.9969 
805 4244 869.0536619560 0.9969 
810 4440 869.0536619560 0.9969 
815 4642 869.0536619560 0.9969 
820 4843 869.0536619560 0.9969 
825 5045 869.0536619560 0.9969 
830 5244 869.0536619560 0.9969 
835 5446 869.0536619560 0.9969 
840 5650 869.0536619560 0.9969 
845 5851 869.0536619560 0.9969 
850 6052 868.9656160027 0.9970 
855 6250 868.6814223768 0.9973 
860 6456 868.6814223768 0.9973 
865 6654 868.3603225800 0.9977 
870 6853 868.3603225800 0.9977 
875 7052 867.7733652432 0.9984 
880 7253 867.7733652432 0.9984 
885 7451 867.7733652432 0.9984 
890 7650 867.7733652432 0.9984 
895 7849 867.7733652432 0.9984 
900 8048 867.7733652432 0.9984 
905 8247 867.7733652432 0.9984 
910 8445 867.7733652432 0.9984 
915 8646 867.7733652432 0.9984 
920 8840 867.7733652432 0.9984 
925 9040 867.7733652432 0.9984 
930 9235 867.7733652432 0.9984 
935 9436 867.7733652432 0.9984 
940 9632 867.7733652432 0.9984 
945 9833 867.7733652432 0.9984 
950 10033 867.7733652432 0.9984 
955 10235 867.7733652432 0.9984 
960 10433 867.6374454720 0.9985 
965 10635 867.1290533828 0.9991 
970 10834 867.1290533828 0.9991 
975 11031 866.9655377782 0.9993 
980 11229 866.9655377782 0.9993 
985 11425 866.9655377782 0.9993 
990 11622 866.9655377782 0.9993 
995 11822 866.9655377782 0.9993 
1000 12022 866.9655377782 0.9993 
1005 12220 866.9655377782 0.9993 
1010 12418 866.9655377782 0.9993 
1015 12617 866.9655377782 0.9993 
1020 12812 866.9655377782 0.9993 
1025 13009 866.9655377782 0.9993 
1030 13203 866.9655377782 0.9993 
1035 13399 866.9655377782 0.9993 
1040 13595 866.9655377782 0.9993 
1045 13798 866.9655377782 0.9993 
1050 13995 866.9655377782 0.9993 
1055 14191 866.9655377782 0.9993 
1060 14388 866.9655377782 0.9993 
1065 14588 866.9655377782 0.9993 
1070 14783 866.9655377782 0.9993 
1075 14977 866.9655377782 0.9993 
1080 15170 866.9655377782 0.9993 
1085 15370 866.9655377782 0.9993 
1090 15569 866.9655377782 0.9993 
1095 15761 866.9655377782 0.9993 
1100 15957 866.9655377782 0.9993 
1105 16155 866.9655377782 0.9993 
1110 16351 866.9655377782 0.9993 
1115 16549 866.9655377782 0.9993 
1120 16748 866.9655377782 0.9993 
1125 16946 866.9655377782 0.9993 
1130 17143 866.9655377782 0.9993 
1135 17342 866.9655377782 0.9993 
1140 17535 866.9655377782 0.9993 
1145 17730 866.9655377782 0.9993 
1150 17927 866.9655377782 0.9993 
1155 18124 866.9655377782 0.9993 
1160 18321 866.9655377782 0.9993 
1165 18517 866.9655377782 0.9993 
1170 18717 866.9655377782 0.9993 
1175 18918 866.9655377782 0.9993 
1180 19116 866.9655377782 0.9993 
1185 19317 866.9655377782 0.9993 
1190 19517 866.9655377782 0.9993 
1195 19720 866.9655377782 0.9993 
1200 19921 866.9655377782 0.9993 
1205 20121 866.9655377782 0.9993 
1210 20320 866.9655377782 0.9993 
1215 20518 866.9655377782 0.9993 
1220 20715 866.9655377782 0.9993 
1225 20912 866.9655377782 0.9993 
1230 21112 866.9655377782 0.9993 
1235 21311 866.9655377782 0.9993 
1240 21508 866.9655377782 0.9993 
1245 21706 866.9655377782 0.9993 
1250 21902 866.9655377782 0.9993 
1255 22100 866.9655377782 0.9993 
1260 22298 866.9655377782 0.9993 
1265 22497 866.9655377782 0.9993 
1270 22696 866.9655377782 0.9993 
1275 22891 866.9655377782 0.9993 
1280 23087 866.9655377782 0.9993 
1285 23287 866.9655377782 0.9993 
1290 23483 866.9655377782 0.9993 
1295 23677 866.9655377782 0.9993 
1300 23874 866.9655377782 0.9993 
1305 24075 866.9655377782 0.9993 
1310 24273 866.9655377782 0.9993 
1315 24469 866.9655377782 0.9993 
1320 24667 866.9655377782 0.9993 
1325 24862 866.9655377782 0.9993 
1330 25058 866.9655377782 0.9993 
1335 25253 866.9655377782 0.9993 
1340 25452 866.9655377782 0.9993 
1345 25650 866.9655377782 0.9993 
1350 25842 866.9655377782 0.9993 
1355 26044 866.9655377782 0.9993 
1360 26242 866.9655377782 0.9993 
1365 26438 866.9655377782 0.9993 
1370 26638 866.9655377782 0.9993 
1375 26832 866.9655377782 0.9993 
1380 27030 866.9655377782 0.9993 
1385 27227 866.9655377782 0.9993 
1390 27423 866.9655377782 0.9993 
1395 27620 866.9655377782 0.9993 
1400 27821 866.9655377782 0.9993 
1405 28018 866.9655377782 0.9993 
1410 28215 866.9655377782 0.9993 
1415 28409 866.9655377782 0.9993 
1420 28607 866.9655377782 0.9993 
1425 28806 866.9655377782 0.9993 
1430 29002 866.9655377782 0.9993 
1435 29199 866.9655377782 0.9993 
1440 29402 866.9655377782 0.9993 
1445 29600 866.9655377782 0.9993 
1450 29801 866.9655377782 0.9993 
1455 29998 866.9655377782 0.9993 
1460 30196 866.9655377782 0.9993 
1465 30392 866.9655377782 0.9993 
1470 30590 866.9655377782 0.9993 
1475 30788 866.9655377782 0.9993 
1480 30985 866.9655377782 0.9993 
1485 31183 866.9655377782 0.9993 
1490 31382 866.9655377782 0.9993 
1495 31584 866.9655377782 0.9993 
1500 31783 866.9655377782 0.9993 
1505 31979 866.9655377782 0.9993 
1510 32178 866.9655377782 0.9993 
1515 32379 866.9655377782 0.9993 
1520 32580 866.9655377782 0.9993 
1525 32779 866.9655377782 0.9993 
1530 32976 866.9655377782 0.9993 
1535 33174 866.9655377782 0.9993 
1540 33375 866.9655377782 0.9993 
1545 33572 866.9655377782 0.9993 
1550 33772 866.9655377782 0.9993 
1555 33970 866.9655377782 0.9993 
1560 34166 866.9655377782 0.9993 
1565 34366 866.9655377782 0.9993 
1570 34567 866.9655377782 0.9993 
1575 34764 866.9655377782 0.9993 
1580 34963 866.9655377782 0.9993 
1585 35159 866.9655377782 0.9993 
1590 35355 866.9655377782 0.9993 
1595 35551 866.9655377782 0.9993 
1600 35749 866.9655377782 0.9993 
1605 35949 866.9655377782 0.9993 
1610 36146 866.9655377782 0.9993 
1615 36343 866.9655377782 0.9993 
1620 36539 866.9655377782 0.9993 
1625 36740 866.9655377782 0.9993 
1630 36936 866.9655377782 0.9993 
1635 37133 866.9655377782 0.9993 
1640 37331 866.9655377782 0.9993 
1645 37525 866.9655377782 0.9993 
1650 37718 866.9655377782 0.9993 
1655 37917 866.9655377782 0.9993 
1660 38115 866.9655377782 0.9993 
1665 38310 866.9655377782 0.9993 
1670 38505 866.9655377782 0.9993 
1675 38698 866.9655377782 0.9993 
1680 38891 866.9655377782 0.9993 
1685 39090 866.9655377782 0.9993 
1690 39279 866.9655377782 0.9993 
1695 39473 866.9655377782 0.9993 
1700 39665 866.9655377782 0.9993 
1705 39864 866.9655377782 0.9993 
1710 40057 866.9655377782 0.9993 
1715 40256 866.9655377782 0.9993 
1720 40450 866.9655377782 0.9993 
1725 40644 866.9655377782 0.9993 
1730 40839 866.9655377782 0.9993 
1735 41031 866.9655377782 0.9993 
1740 41223 866.9655377782 0.9993 
1745 41418 866.9655377782 0.9993 
1750 41617 866.9655377782 0.9993 
1755 41814 866.9655377782 0.9993 
1760 42012 866.9655377782 0.9993 
1765 42211 866.9655377782 0.9993 
1770 42408 866.9655377782 0.9993 
1775 42607 866.9655377782 0.9993 
1780 42807 866.9655377782 0.9993 
1785 43008 866.9655377782 0.9993 
1790 43207 866.9655377782 0.9993 
1795 43400 866.9655377782 0.9993 
1800 43600 866.9655377782 0.9993 
