0 0 2129.4116504577 0.0000 
5 3 2129.4116504577 0.0000 
10 7 1763.2448593971 0.7324 
15 10 1638.9477821786 0.7880 
20 14 1581.8951805743 0.8164 
25 18 1553.3759547021 0.8314 
30 22 1526.7505915076 0.8459 
35 25 1509.0740312460 0.8558 
40 29 1494.7774569313 0.8640 
45 33 1476.2071985389 0.8748 
50 37 1475.4088490048 0.8753 
55 42 1475.4088490048 0.8753 
60 46 1470.4618208798 0.8783 
65 50 1470.4546695949 0.8783 
70 55 1459.1187515044 0.8851 
75 59 1458.7472405302 0.8853 
80 64 1458.1705914348 0.8857 
85 68 1450.4424693264 0.8904 
90 73 1446.9349577111 0.8925 
95 78 1446.0619655287 0.8931 
100 83 1441.9529285341 0.8956 
105 88 1441.8521654946 0.8957 
110 94 1429.3634135317 0.9035 
115 100 1429.3634135317 0.9035 
120 105 1421.4887082248 0.9085 
125 112 1417.3867842108 0.9111 
130 118 1410.5197368206 0.9156 
135 125 1405.9579006254 0.9186 
140 132 1403.1191350753 0.9204 
145 140 1395.2251059464 0.9256 
150 148 1392.7936952757 0.9272 
155 158 1392.3367093873 0.9275 
160 168 1390.9944393399 0.9284 
165 180 1385.4108820495 0.9322 
170 194 1383.2102564011 0.9337 
175 215 1381.7069312565 0.9347 
180 244 1378.3558927813 0.9369 
185 273 1373.2779486548 0.9404 
190 301 1368.8590587579 0.9434 
195 328 1363.8992160703 0.9469 
200 356 1357.4239089288 0.9514 
205 384 1354.8354918850 0.9532 
210 413 1353.6164076555 0.9541 
215 441 1353.6164076555 0.9541 
220 470 1353.6164076555 0.9541 
225 495 1353.6164076555 0.9541 
230 523 1353.6164076555 0.9541 
235 549 1353.6164076555 0.9541 
240 576 1353.4079053857 0.9542 
245 603 1351.9821266142 0.9552 
250 628 1351.2226550863 0.9558 
255 656 1351.2226550863 0.9558 
260 683 1351.2226550863 0.9558 
265 710 1351.2226550863 0.9558 
270 738 1351.2226550863 0.9558 
275 764 1351.2226550863 0.9558 
280 788 1351.2226550863 0.9558 
285 817 1349.8196191834 0.9568 
290 845 1349.1455892309 0.9572 
295 872 1348.5707521432 0.9576 
300 900 1347.4920944586 0.9584 
305 927 1347.4920944586 0.9584 
310 956 1347.1600645359 0.9586 
315 984 1347.0463022981 0.9587 
320 1012 1346.4879837534 0.9591 
325 1040 1346.4879837534 0.9591 
330 1069 1344.9610761343 0.9602 
335 1096 1344.9506787892 0.9602 
340 1124 1344.9506787892 0.9602 
345 1151 1342.6758128095 0.9618 
350 1179 1342.3762993795 0.9621 
355 1207 1342.3762993795 0.9621 
360 1235 1342.3499817140 0.9621 
365 1263 1342.3499817140 0.9621 
370 1291 1341.6500968951 0.9626 
375 1320 1340.9957271533 0.9631 
380 1347 1340.9957271533 0.9631 
385 1374 1340.9957271533 0.9631 
390 1401 1340.9957271533 0.9631 
395 1429 1340.9957271533 0.9631 
400 1456 1340.9957271533 0.9631 
405 1484 1340.9957271533 0.9631 
410 1512 1340.9957271533 0.9631 
415 1540 1340.9957271533 0.9631 
420 1567 1340.9957271533 0.9631 
425 1593 1340.9957271533 0.9631 
430 1619 1340.9957271533 0.9631 
435 1647 1340.9957271533 0.9631 
440 1676 1340.9957271533 0.9631 
445 1704 1340.9957271533 0.9631 
450 1732 1339.8939514451 0.9638 
455 1759 1339.8939514451 0.9638 
460 1786 1339.8939514451 0.9638 
465 1814 1339.8939514451 0.9638 
470 1842 1339.8939514451 0.9638 
475 1869 1339.8939514451 0.9638 
480 1897 1339.6180821472 0.9640 
485 1924 1339.6180821472 0.9640 
490 1952 1339.6180821472 0.9640 
495 1979 1339.6180821472 0.9640 
500 2005 1339.6180821472 0.9640 
505 2032 1339.6180821472 0.9640 
510 2059 1339.6180821472 0.9640 
515 2085 1339.6180821472 0.9640 
520 2111 1339.6180821472 0.9640 
525 2139 1339.6180821472 0.9640 
530 2166 1339.6180821472 0.9640 
535 2194 1339.6180821472 0.9640 
540 2221 1339.6180821472 0.9640 
545 2249 1339.6180821472 0.9640 
550 2277 1339.6180821472 0.9640 
555 2305 1337.3318345114 0.9657 
560 2333 1336.8019902745 0.9661 
565 2360 1336.8019902745 0.9661 
570 2387 1336.8019902745 0.9661 
575 2411 1336.8019902745 0.9661 
580 2436 1336.8019902745 0.9661 
585 2461 1336.8019902745 0.9661 
590 2486 1336.8019902745 0.9661 
595 2514 1336.8019902745 0.9661 
600 2542 1336.8019902745 0.9661 
605 2570 1336.8019902745 0.9661 
610 2597 1336.8019902745 0.9661 
615 2624 1336.8019902745 0.9661 
620 2651 1334.8825116193 0.9675 
625 2678 1334.8825116193 0.9675 
630 2707 1334.8825116193 0.9675 
635 2733 1334.8825116193 0.9675 
640 2760 1334.8825116193 0.9675 
645 2787 1334.8825116193 0.9675 
650 2816 1334.8825116193 0.9675 
655 2843 1334.8825116193 0.9675 
660 2871 1334.8825116193 0.9675 
665 2898 1334.8825116193 0.9675 
670 2925 1334.8825116193 0.9675 
675 2952 1334.8825116193 0.9675 
680 2981 1334.8825116193 0.9675 
685 3009 1334.8825116193 0.9675 
690 3037 1334.8825116193 0.9675 
695 3066 1334.8825116193 0.9675 
700 3094 1334.8825116193 0.9675 
705 3120 1334.8825116193 0.9675 
710 3148 1334.8825116193 0.9675 
715 3175 1334.8825116193 0.9675 
720 3202 1334.8825116193 0.9675 
725 3228 1334.8825116193 0.9675 
730 3254 1334.8825116193 0.9675 
735 3282 1334.8825116193 0.9675 
740 3309 1334.8825116193 0.9675 
745 3335 1334.8825116193 0.9675 
750 3361 1334.8825116193 0.9675 
755 3384 1334.8825116193 0.9675 
760 3405 1334.8825116193 0.9675 
765 3431 1333.7451678236 0.9683 
770 3458 1333.7451678236 0.9683 
775 3484 1333.7451678236 0.9683 
780 3511 1332.8255487751 0.9690 
785 3538 1332.2323674461 0.9694 
790 3567 1332.2323674461 0.9694 
795 3594 1332.2323674461 0.9694 
800 3621 1332.2323674461 0.9694 
805 3648 1332.2323674461 0.9694 
810 3676 1332.2323674461 0.9694 
815 3703 1330.5543857526 0.9706 
820 3731 1330.5543857526 0.9706 
825 3757 1330.5543857526 0.9706 
830 3784 1330.5543857526 0.9706 
835 3811 1330.5543857526 0.9706 
840 3838 1330.5543857526 0.9706 
845 3864 1330.5543857526 0.9706 
850 3891 1330.5543857526 0.9706 
855 3918 1330.5543857526 0.9706 
860 3945 1330.5543857526 0.9706 
865 3971 1330.5543857526 0.9706 
870 3996 1330.5543857526 0.9706 
875 4023 1330.5543857526 0.9706 
880 4051 1330.5543857526 0.9706 
885 4078 1330.5543857526 0.9706 
890 4106 1330.5543857526 0.9706 
895 4134 1330.5543857526 0.9706 
900 4162 1330.5543857526 0.9706 
905 4189 1330.5543857526 0.9706 
910 4216 1330.5543857526 0.9706 
915 4243 1330.5543857526 0.9706 
920 4272 1330.5543857526 0.9706 
925 4297 1330.5543857526 0.9706 
930 4326 1330.5543857526 0.9706 
935 4353 1330.5543857526 0.9706 
940 4380 1330.5543857526 0.9706 
945 4407 1330.5543857526 0.9706 
950 4434 1330.5543857526 0.9706 
955 4462 1330.5543857526 0.9706 
960 4489 1330.5543857526 0.9706 
965 4516 1330.5543857526 0.9706 
970 4543 1330.5543857526 0.9706 
975 4570 1330.5543857526 0.9706 
980 4597 1330.5543857526 0.9706 
985 4624 1330.5543857526 0.9706 
990 4652 1330.5543857526 0.9706 
995 4679 1330.5543857526 0.9706 
1000 4707 1330.5543857526 0.9706 
1005 4733 1330.5543857526 0.9706 
1010 4759 1330.5543857526 0.9706 
1015 4786 1330.5543857526 0.9706 
1020 4812 1330.5543857526 0.9706 
1025 4837 1330.5543857526 0.9706 
1030 4863 1330.5543857526 0.9706 
1035 4889 1330.5543857526 0.9706 
1040 4915 1330.5543857526 0.9706 
1045 4940 1330.5543857526 0.9706 
1050 4964 1330.5543857526 0.9706 
1055 4990 1330.5543857526 0.9706 
1060 5016 1330.5543857526 0.9706 
1065 5042 1330.5543857526 0.9706 
1070 5068 1330.5543857526 0.9706 
1075 5093 1330.5543857526 0.9706 
1080 5119 1330.5543857526 0.9706 
1085 5144 1330.5543857526 0.9706 
1090 5168 1330.5543857526 0.9706 
1095 5190 1330.5543857526 0.9706 
1100 5213 1330.5543857526 0.9706 
1105 5234 1330.5543857526 0.9706 
1110 5258 1330.5543857526 0.9706 
1115 5282 1330.5543857526 0.9706 
1120 5307 1330.5543857526 0.9706 
1125 5333 1330.5543857526 0.9706 
1130 5359 1330.5543857526 0.9706 
1135 5386 1330.5543857526 0.9706 
1140 5409 1330.5543857526 0.9706 
1145 5432 1330.5543857526 0.9706 
1150 5452 1330.5543857526 0.9706 
1155 5476 1330.5543857526 0.9706 
1160 5503 1330.5543857526 0.9706 
1165 5527 1330.5543857526 0.9706 
1170 5550 1330.5543857526 0.9706 
1175 5574 1330.5543857526 0.9706 
1180 5601 1330.5543857526 0.9706 
1185 5629 1330.5543857526 0.9706 
1190 5655 1330.5543857526 0.9706 
1195 5678 1330.5543857526 0.9706 
1200 5699 1330.5543857526 0.9706 
1205 5723 1330.5543857526 0.9706 
1210 5749 1330.5543857526 0.9706 
1215 5777 1330.5543857526 0.9706 
1220 5804 1330.5543857526 0.9706 
1225 5830 1330.5543857526 0.9706 
1230 5854 1330.5543857526 0.9706 
1235 5875 1330.5543857526 0.9706 
1240 5894 1330.5543857526 0.9706 
1245 5919 1330.5543857526 0.9706 
1250 5946 1330.5543857526 0.9706 
1255 5972 1330.5543857526 0.9706 
1260 5999 1330.5543857526 0.9706 
1265 6025 1330.5543857526 0.9706 
1270 6053 1330.5543857526 0.9706 
1275 6080 1330.5543857526 0.9706 
1280 6105 1330.5543857526 0.9706 
1285 6133 1330.5543857526 0.9706 
1290 6160 1330.5543857526 0.9706 
1295 6188 1330.5543857526 0.9706 
1300 6215 1330.5543857526 0.9706 
1305 6242 1330.5543857526 0.9706 
1310 6268 1330.5543857526 0.9706 
1315 6295 1330.5543857526 0.9706 
1320 6320 1330.5543857526 0.9706 
1325 6342 1330.5543857526 0.9706 
1330 6364 1330.5543857526 0.9706 
1335 6385 1330.5543857526 0.9706 
1340 6410 1330.5543857526 0.9706 
1345 6437 1330.5543857526 0.9706 
1350 6464 1330.5543857526 0.9706 
1355 6491 1330.5543857526 0.9706 
1360 6518 1330.5543857526 0.9706 
1365 6546 1330.5543857526 0.9706 
1370 6574 1330.5543857526 0.9706 
1375 6600 1330.5543857526 0.9706 
1380 6627 1330.5543857526 0.9706 
1385 6654 1330.5543857526 0.9706 
1390 6680 1330.5543857526 0.9706 
1395 6706 1330.5543857526 0.9706 
1400 6728 1330.5543857526 0.9706 
1405 6751 1330.5543857526 0.9706 
1410 6773 1330.5543857526 0.9706 
1415 6800 1330.5543857526 0.9706 
1420 6824 1330.5543857526 0.9706 
1425 6850 1330.5543857526 0.9706 
1430 6878 1330.5543857526 0.9706 
1435 6905 1330.5543857526 0.9706 
1440 6933 1330.5543857526 0.9706 
1445 6960 1330.5543857526 0.9706 
1450 6986 1330.5543857526 0.9706 
1455 7013 1330.5543857526 0.9706 
1460 7040 1330.5543857526 0.9706 
1465 7066 1330.5543857526 0.9706 
1470 7088 1330.5543857526 0.9706 
1475 7109 1330.5543857526 0.9706 
1480 7129 1330.5543857526 0.9706 
1485 7155 1330.5543857526 0.9706 
1490 7181 1330.5543857526 0.9706 
1495 7208 1330.5543857526 0.9706 
1500 7235 1330.5543857526 0.9706 
1505 7262 1330.5543857526 0.9706 
1510 7289 1330.5543857526 0.9706 
1515 7316 1330.5543857526 0.9706 
1520 7343 1330.5543857526 0.9706 
1525 7371 1330.5543857526 0.9706 
1530 7397 1330.5543857526 0.9706 
1535 7423 1330.5543857526 0.9706 
1540 7448 1330.5543857526 0.9706 
1545 7474 1330.5543857526 0.9706 
1550 7499 1330.5543857526 0.9706 
1555 7526 1330.5543857526 0.9706 
1560 7554 1330.5543857526 0.9706 
1565 7580 1330.5543857526 0.9706 
1570 7608 1330.5543857526 0.9706 
1575 7634 1330.5543857526 0.9706 
1580 7660 1330.5543857526 0.9706 
1585 7686 1330.5543857526 0.9706 
1590 7712 1330.5543857526 0.9706 
1595 7739 1330.5543857526 0.9706 
1600 7767 1330.5543857526 0.9706 
1605 7794 1330.5543857526 0.9706 
1610 7821 1330.5543857526 0.9706 
1615 7847 1330.5543857526 0.9706 
1620 7874 1330.5543857526 0.9706 
1625 7900 1330.5543857526 0.9706 
1630 7927 1330.5543857526 0.9706 
1635 7953 1330.5543857526 0.9706 
1640 7981 1330.5543857526 0.9706 
1645 8007 1330.5543857526 0.9706 
1650 8035 1330.5543857526 0.9706 
1655 8060 1330.5543857526 0.9706 
1660 8087 1330.5543857526 0.9706 
1665 8115 1330.5543857526 0.9706 
1670 8141 1330.5543857526 0.9706 
1675 8168 1330.5543857526 0.9706 
1680 8195 1330.5543857526 0.9706 
1685 8221 1330.5543857526 0.9706 
1690 8243 1330.5543857526 0.9706 
1695 8267 1330.5543857526 0.9706 
1700 8290 1330.5543857526 0.9706 
1705 8309 1330.5543857526 0.9706 
1710 8330 1330.5543857526 0.9706 
1715 8354 1330.5543857526 0.9706 
1720 8375 1330.5543857526 0.9706 
1725 8397 1330.5543857526 0.9706 
1730 8415 1330.5543857526 0.9706 
1735 8434 1330.5543857526 0.9706 
1740 8456 1330.5543857526 0.9706 
1745 8478 1330.5543857526 0.9706 
1750 8496 1330.5543857526 0.9706 
1755 8518 1330.5543857526 0.9706 
1760 8542 1330.5543857526 0.9706 
1765 8568 1330.5543857526 0.9706 
1770 8591 1330.5543857526 0.9706 
1775 8612 1330.5543857526 0.9706 
1780 8634 1330.5543857526 0.9706 
1785 8655 1330.5543857526 0.9706 
1790 8675 1330.5543857526 0.9706 
1795 8696 1330.5543857526 0.9706 
1800 8714 1330.5543857526 0.9706 
