0 0 2129.5367318135 0.0000 
5 4 2129.5367318135 0.0000 
10 8 2129.5367318135 0.0000 
15 11 2129.5367318135 0.0000 
20 15 2129.5367318135 0.0000 
25 19 2129.5367318135 0.0000 
30 23 2129.5367318135 0.0000 
35 26 2129.5367318135 0.0000 
40 31 1634.2726720847 0.8541 
45 35 1628.0740324143 0.8574 
50 39 1605.1630638853 0.8696 
55 43 1581.7109983806 0.8825 
60 47 1581.6605175692 0.8825 
65 51 1581.6605175692 0.8825 
70 56 1581.6605175692 0.8825 
75 60 1581.6605175692 0.8825 
80 65 1581.6605175692 0.8825 
85 70 1581.6605175692 0.8825 
90 75 1581.6605175692 0.8825 
95 80 1581.6605175692 0.8825 
100 85 1581.6605175692 0.8825 
105 91 1546.1987646763 0.9028 
110 96 1546.1987646763 0.9028 
115 102 1538.0786589283 0.9075 
120 108 1531.5784043650 0.9114 
125 115 1531.5467473420 0.9114 
130 122 1531.5467473420 0.9114 
135 129 1528.7759228181 0.9131 
140 137 1527.6149446619 0.9137 
145 145 1522.9353352028 0.9166 
150 154 1518.8406724216 0.9190 
155 164 1512.5096603143 0.9229 
160 175 1512.4230626177 0.9229 
165 188 1511.6472978762 0.9234 
170 204 1511.0332240074 0.9238 
175 231 1511.0332240074 0.9238 
180 260 1511.0332240074 0.9238 
185 288 1487.7286460801 0.9382 
190 317 1484.8530915138 0.9401 
195 345 1477.8133788833 0.9445 
200 372 1473.4695694621 0.9473 
205 402 1473.2844831552 0.9474 
210 429 1468.8270128299 0.9503 
215 457 1468.5797497916 0.9505 
220 484 1468.5797497916 0.9505 
225 512 1468.0369747627 0.9508 
230 538 1467.1757550944 0.9514 
235 566 1466.9378932461 0.9515 
240 594 1466.9378932461 0.9515 
245 622 1466.9378932461 0.9515 
250 649 1466.7807123460 0.9516 
255 677 1466.7807123460 0.9516 
260 705 1466.7807123460 0.9516 
265 731 1466.7807123460 0.9516 
270 758 1466.7807123460 0.9516 
275 785 1465.7056524615 0.9523 
280 813 1465.6575281637 0.9524 
285 843 1464.7584319153 0.9530 
290 871 1464.2615393116 0.9533 
295 900 1464.2615393116 0.9533 
300 928 1464.2615393116 0.9533 
305 957 1464.2615393116 0.9533 
310 984 1464.2615393116 0.9533 
315 1013 1464.2615393116 0.9533 
320 1042 1464.2615393116 0.9533 
325 1071 1464.2615393116 0.9533 
330 1099 1464.2615393116 0.9533 
335 1127 1464.2615393116 0.9533 
340 1154 1464.2615393116 0.9533 
345 1182 1464.2615393116 0.9533 
350 1211 1464.2615393116 0.9533 
355 1238 1464.2615393116 0.9533 
360 1267 1464.2615393116 0.9533 
365 1295 1464.2615393116 0.9533 
370 1324 1464.2615393116 0.9533 
375 1352 1464.2615393116 0.9533 
380 1381 1464.2615393116 0.9533 
385 1409 1464.2615393116 0.9533 
390 1438 1464.2615393116 0.9533 
395 1465 1464.2615393116 0.9533 
400 1493 1464.2615393116 0.9533 
405 1523 1464.2615393116 0.9533 
410 1551 1464.2615393116 0.9533 
415 1581 1464.2615393116 0.9533 
420 1609 1463.6782375180 0.9537 
425 1638 1463.6782375180 0.9537 
430 1666 1463.6782375180 0.9537 
435 1694 1463.6782375180 0.9537 
440 1721 1463.6782375180 0.9537 
445 1749 1463.6782375180 0.9537 
450 1776 1463.6782375180 0.9537 
455 1803 1463.6782375180 0.9537 
460 1830 1463.6782375180 0.9537 
465 1857 1463.6782375180 0.9537 
470 1884 1463.6782375180 0.9537 
475 1913 1463.6782375180 0.9537 
480 1941 1463.6782375180 0.9537 
485 1970 1463.6782375180 0.9537 
490 1997 1463.6782375180 0.9537 
495 2025 1463.6782375180 0.9537 
500 2053 1463.6782375180 0.9537 
505 2081 1463.6782375180 0.9537 
510 2107 1463.6782375180 0.9537 
515 2135 1463.6782375180 0.9537 
520 2162 1463.6782375180 0.9537 
525 2189 1463.6782375180 0.9537 
530 2216 1463.6782375180 0.9537 
535 2243 1463.6782375180 0.9537 
540 2269 1463.6782375180 0.9537 
545 2294 1463.6782375180 0.9537 
550 2321 1463.6782375180 0.9537 
555 2348 1463.6782375180 0.9537 
560 2375 1463.6782375180 0.9537 
565 2400 1463.6782375180 0.9537 
570 2425 1463.6782375180 0.9537 
575 2448 1463.6782375180 0.9537 
580 2473 1463.6782375180 0.9537 
585 2496 1463.6782375180 0.9537 
590 2525 1463.6782375180 0.9537 
595 2552 1463.6782375180 0.9537 
600 2580 1463.6782375180 0.9537 
605 2607 1463.6782375180 0.9537 
610 2633 1463.6782375180 0.9537 
615 2659 1463.6782375180 0.9537 
620 2687 1463.5717472108 0.9537 
625 2715 1463.5717472108 0.9537 
630 2743 1463.5717472108 0.9537 
635 2769 1463.5717472108 0.9537 
640 2797 1463.5717472108 0.9537 
645 2827 1463.5717472108 0.9537 
650 2856 1463.5717472108 0.9537 
655 2884 1463.5717472108 0.9537 
660 2912 1463.5717472108 0.9537 
665 2940 1463.0124467430 0.9541 
670 2967 1463.0124467430 0.9541 
675 2995 1463.0124467430 0.9541 
680 3024 1463.0124467430 0.9541 
685 3052 1463.0124467430 0.9541 
690 3081 1463.0124467430 0.9541 
695 3110 1462.6484184229 0.9543 
700 3137 1462.6484184229 0.9543 
705 3164 1462.6484184229 0.9543 
710 3192 1462.6484184229 0.9543 
715 3221 1459.4000344262 0.9565 
720 3247 1459.4000344262 0.9565 
725 3274 1459.4000344262 0.9565 
730 3300 1459.4000344262 0.9565 
735 3328 1459.4000344262 0.9565 
740 3357 1457.4956181952 0.9577 
745 3386 1457.4956181952 0.9577 
750 3414 1457.4956181952 0.9577 
755 3441 1457.4956181952 0.9577 
760 3470 1457.4956181952 0.9577 
765 3499 1457.4956181952 0.9577 
770 3527 1457.4956181952 0.9577 
775 3555 1457.4956181952 0.9577 
780 3583 1457.4956181952 0.9577 
785 3611 1457.4956181952 0.9577 
790 3639 1457.4956181952 0.9577 
795 3668 1457.4956181952 0.9577 
800 3697 1457.4956181952 0.9577 
805 3726 1457.4956181952 0.9577 
810 3755 1457.4956181952 0.9577 
815 3783 1457.4956181952 0.9577 
820 3814 1457.4956181952 0.9577 
825 3844 1457.4956181952 0.9577 
830 3873 1457.4956181952 0.9577 
835 3904 1457.4956181952 0.9577 
840 3934 1457.4956181952 0.9577 
845 3963 1457.4956181952 0.9577 
850 3991 1457.4956181952 0.9577 
855 4018 1457.4956181952 0.9577 
860 4047 1457.4956181952 0.9577 
865 4078 1457.4956181952 0.9577 
870 4106 1457.4956181952 0.9577 
875 4136 1457.4956181952 0.9577 
880 4165 1457.4956181952 0.9577 
885 4194 1457.4956181952 0.9577 
890 4223 1457.4956181952 0.9577 
895 4253 1457.4956181952 0.9577 
900 4283 1451.0978341349 0.9619 
905 4312 1451.0978341349 0.9619 
910 4343 1451.0978341349 0.9619 
915 4372 1450.8741828129 0.9621 
920 4402 1450.8741828129 0.9621 
925 4431 1450.8741828129 0.9621 
930 4461 1450.7333114744 0.9622 
935 4490 1450.7333114744 0.9622 
940 4520 1450.7333114744 0.9622 
945 4549 1450.7333114744 0.9622 
950 4579 1450.7333114744 0.9622 
955 4607 1450.7333114744 0.9622 
960 4635 1450.7333114744 0.9622 
965 4664 1450.7333114744 0.9622 
970 4695 1450.7333114744 0.9622 
975 4723 1450.7333114744 0.9622 
980 4752 1450.7333114744 0.9622 
985 4780 1450.7333114744 0.9622 
990 4810 1450.7333114744 0.9622 
995 4840 1450.7333114744 0.9622 
1000 4868 1450.7333114744 0.9622 
1005 4897 1450.7333114744 0.9622 
1010 4925 1450.7333114744 0.9622 
1015 4954 1450.7333114744 0.9622 
1020 4981 1450.7333114744 0.9622 
1025 5010 1450.7333114744 0.9622 
1030 5038 1450.7333114744 0.9622 
1035 5066 1450.7333114744 0.9622 
1040 5091 1450.7333114744 0.9622 
1045 5119 1450.7333114744 0.9622 
1050 5146 1450.7333114744 0.9622 
1055 5172 1450.7333114744 0.9622 
1060 5202 1450.7333114744 0.9622 
1065 5231 1450.7333114744 0.9622 
1070 5261 1450.7333114744 0.9622 
1075 5290 1450.7333114744 0.9622 
1080 5319 1450.7333114744 0.9622 
1085 5350 1450.7333114744 0.9622 
1090 5380 1450.7333114744 0.9622 
1095 5408 1450.7333114744 0.9622 
1100 5436 1450.7333114744 0.9622 
1105 5465 1450.7333114744 0.9622 
1110 5494 1450.7333114744 0.9622 
1115 5520 1450.7333114744 0.9622 
1120 5549 1450.7333114744 0.9622 
1125 5577 1450.7333114744 0.9622 
1130 5606 1450.7333114744 0.9622 
1135 5633 1450.7333114744 0.9622 
1140 5660 1450.7333114744 0.9622 
1145 5686 1450.7333114744 0.9622 
1150 5714 1450.7333114744 0.9622 
1155 5742 1450.7333114744 0.9622 
1160 5770 1450.7333114744 0.9622 
1165 5798 1450.7333114744 0.9622 
1170 5826 1450.7333114744 0.9622 
1175 5854 1450.7333114744 0.9622 
1180 5883 1450.7333114744 0.9622 
1185 5912 1450.7333114744 0.9622 
1190 5940 1450.7333114744 0.9622 
1195 5971 1450.7333114744 0.9622 
1200 6000 1450.7333114744 0.9622 
1205 6029 1450.7333114744 0.9622 
1210 6057 1450.7333114744 0.9622 
1215 6087 1450.7333114744 0.9622 
1220 6116 1450.7333114744 0.9622 
1225 6145 1450.7333114744 0.9622 
1230 6174 1450.7333114744 0.9622 
1235 6203 1450.7333114744 0.9622 
1240 6231 1450.7333114744 0.9622 
1245 6257 1450.7333114744 0.9622 
1250 6284 1450.7333114744 0.9622 
1255 6313 1450.7333114744 0.9622 
1260 6343 1450.7333114744 0.9622 
1265 6371 1450.7333114744 0.9622 
1270 6400 1450.7333114744 0.9622 
1275 6429 1450.7333114744 0.9622 
1280 6457 1450.7333114744 0.9622 
1285 6485 1450.7333114744 0.9622 
1290 6515 1450.7333114744 0.9622 
1295 6545 1450.7333114744 0.9622 
1300 6574 1450.7333114744 0.9622 
1305 6604 1450.7333114744 0.9622 
1310 6635 1450.7333114744 0.9622 
1315 6665 1450.7333114744 0.9622 
1320 6694 1450.7333114744 0.9622 
1325 6723 1450.7333114744 0.9622 
1330 6752 1450.7333114744 0.9622 
1335 6781 1450.7333114744 0.9622 
1340 6810 1450.7333114744 0.9622 
1345 6839 1450.7333114744 0.9622 
1350 6868 1450.7333114744 0.9622 
1355 6897 1450.7333114744 0.9622 
1360 6925 1450.7333114744 0.9622 
1365 6954 1450.7333114744 0.9622 
1370 6984 1450.7333114744 0.9622 
1375 7011 1450.7333114744 0.9622 
1380 7040 1450.7333114744 0.9622 
1385 7068 1450.7333114744 0.9622 
1390 7097 1450.7333114744 0.9622 
1395 7127 1450.7333114744 0.9622 
1400 7156 1450.7333114744 0.9622 
1405 7184 1450.7333114744 0.9622 
1410 7213 1450.7333114744 0.9622 
1415 7243 1450.7333114744 0.9622 
1420 7271 1450.7333114744 0.9622 
1425 7300 1450.7333114744 0.9622 
1430 7329 1450.7333114744 0.9622 
1435 7358 1450.7333114744 0.9622 
1440 7387 1450.7333114744 0.9622 
1445 7418 1450.7333114744 0.9622 
1450 7446 1450.7333114744 0.9622 
1455 7474 1450.7333114744 0.9622 
1460 7503 1450.7333114744 0.9622 
1465 7532 1450.7333114744 0.9622 
1470 7562 1450.7333114744 0.9622 
1475 7591 1450.7333114744 0.9622 
1480 7620 1450.7333114744 0.9622 
1485 7650 1450.7333114744 0.9622 
1490 7680 1450.7333114744 0.9622 
1495 7710 1450.7333114744 0.9622 
1500 7739 1450.7333114744 0.9622 
1505 7769 1450.7333114744 0.9622 
1510 7798 1450.7333114744 0.9622 
1515 7827 1450.7333114744 0.9622 
1520 7854 1450.7333114744 0.9622 
1525 7884 1450.7333114744 0.9622 
1530 7911 1450.7333114744 0.9622 
1535 7939 1450.7333114744 0.9622 
1540 7968 1450.7333114744 0.9622 
1545 7997 1450.7333114744 0.9622 
1550 8026 1450.7333114744 0.9622 
1555 8056 1450.7333114744 0.9622 
1560 8086 1450.7333114744 0.9622 
1565 8117 1450.7333114744 0.9622 
1570 8148 1450.7333114744 0.9622 
1575 8178 1450.7333114744 0.9622 
1580 8208 1450.7333114744 0.9622 
1585 8238 1450.7333114744 0.9622 
1590 8268 1450.7333114744 0.9622 
1595 8298 1450.7333114744 0.9622 
1600 8326 1450.7333114744 0.9622 
1605 8356 1450.7333114744 0.9622 
1610 8385 1450.7333114744 0.9622 
1615 8414 1450.7333114744 0.9622 
1620 8443 1450.7333114744 0.9622 
1625 8472 1450.7333114744 0.9622 
1630 8501 1450.7333114744 0.9622 
1635 8532 1450.7333114744 0.9622 
1640 8563 1450.7333114744 0.9622 
1645 8591 1450.7333114744 0.9622 
1650 8619 1450.7333114744 0.9622 
1655 8649 1450.7333114744 0.9622 
1660 8677 1450.7333114744 0.9622 
1665 8707 1450.7333114744 0.9622 
1670 8738 1450.7333114744 0.9622 
1675 8770 1450.7333114744 0.9622 
1680 8800 1450.7333114744 0.9622 
1685 8827 1450.7333114744 0.9622 
1690 8856 1450.7333114744 0.9622 
1695 8885 1450.7333114744 0.9622 
1700 8915 1450.7333114744 0.9622 
1705 8945 1450.7333114744 0.9622 
1710 8973 1450.7333114744 0.9622 
1715 9002 1450.7333114744 0.9622 
1720 9031 1450.7333114744 0.9622 
1725 9062 1450.7333114744 0.9622 
1730 9092 1450.7333114744 0.9622 
1735 9121 1450.7333114744 0.9622 
1740 9149 1450.7333114744 0.9622 
1745 9180 1450.7333114744 0.9622 
1750 9208 1450.7333114744 0.9622 
1755 9239 1450.7333114744 0.9622 
1760 9269 1450.7333114744 0.9622 
1765 9298 1450.7333114744 0.9622 
1770 9327 1450.7333114744 0.9622 
1775 9356 1450.7333114744 0.9622 
1780 9386 1450.7333114744 0.9622 
1785 9414 1450.7333114744 0.9622 
1790 9444 1450.7333114744 0.9622 
1795 9473 1450.7333114744 0.9622 
1800 9503 1450.7333114744 0.9622 
