0 0 781.7525382494 0.0000 0 1153.7907658887 0.0000 0 1346.1522967625 0.0000 0 1780.3958227116 0.0000 0 2024.9162746952 0.0000 0 804.8699256412 0.0000 0 1162.7313859105 0.0000 0 1341.0869097225 0.0000 0 1734.5070861484 0.0000 0 2195.7613604560 0.0000 0 1258.3362444362 0.0000 0 1098.3633372336 0.0000 0 1682.1864102304 0.0000 0 1179.8134221328 0.0000
55 2531 524.6111466425 1.0000 61 904.0268582525 0.9239 23 842.0242576265 0.9811 8 1288.1149388326 0.7984 4 1944.4210983583 0.6642 2855 555.4302364991 1.0000 63 925.9738184127 0.9824 23 900.1546798908 0.9620 8 1734.5070861484 0.0000 4 2195.7613604560 0.0000 13 1258.3362444362 0.0000 24 866.6673866502 0.9456 15 1682.1864102304 0.0000 25 903.4070109351 0.9590
70 3875 524.6111466425 1.0000 423 862.8043893333 0.9681 30 841.2548086250 0.9820 10 1239.7098498075 0.8296 5 1944.4210983583 0.6642 4401 555.4302364991 1.0000 527 916.9163443734 0.9921 31 887.0336621132 0.9762 11 1734.5070861484 0.0000 5 2195.7613604560 0.0000 17 1161.4462244302 0.8973 32 848.6439197435 0.9657 20 1733.4817429737 0.8890 33 903.4070109351 0.9590
80 4699 524.6111466425 1.0000 1169 855.3168269611 0.9766 35 841.2548086250 0.9820 12 1205.8416507860 0.8529 6 1830.6462999142 0.7055 5341 555.4302364991 1.0000 1261 916.9163443734 0.9921 36 883.2197428255 0.9804 12 1734.5070861484 0.0000 6 2195.7613604560 0.0000 19 1150.1777870711 0.9060 37 833.9284275386 0.9828 23 1699.7621974054 0.9067 39 899.2529049754 0.9634
95 5801 524.6111466425 1.0000 2286 845.5051652901 0.9879 43 838.1136731541 0.9857 14 1190.2669255122 0.8640 7 1705.7470631773 0.7571 6583 555.4302364991 1.0000 2194 916.9163443734 0.9921 45 880.0336267015 0.9840 15 1384.6674832229 0.8396 7 2195.7613604560 0.0000 24 1147.4238066640 0.9082 47 831.1327590669 0.9861 28 1699.7621974054 0.9067 49 894.1947334349 0.9689
110 6836 524.6111466425 1.0000 3310 845.5051652901 0.9879 52 836.6175598213 0.9875 16 1171.4338028484 0.8779 8 1679.3854970789 0.7690 7755 555.4302364991 1.0000 3030 916.9163443734 0.9921 56 876.3830826097 0.9881 17 1384.6674832229 0.8396 8 2195.7613604560 0.0000 28 1142.1005619613 0.9125 58 825.6486929660 0.9926 33 1665.3726797956 0.9254 61 891.9395292383 0.9713
150 9283 524.6111466425 1.0000 5496 845.5051652901 0.9879 226 829.9180789223 0.9954 23 1151.4029906986 0.8932 11 1632.3678763830 0.7912 10546 555.4302364991 1.0000 5434 915.0745512394 0.9941 453 870.6344590453 0.9946 24 1304.3088385063 0.8913 11 2195.7613604560 0.0000 41 1123.7749983149 0.9273 558 825.6486929660 0.9926 49 1653.1260709439 0.9323 789 873.5489042924 0.9918
175 10660 524.6111466425 1.0000 6663 845.5051652901 0.9879 1058 829.9180789223 0.9954 27 1126.3572544115 0.9130 13 1582.0869360302 0.8163 12066 555.4302364991 1.0000 7103 914.3821854338 0.9949 1272 865.9445056376 1.0000 29 1280.4565008233 0.9079 13 2195.7613604560 0.0000 50 1118.9266911005 0.9313 1421 825.3770366257 0.9930 63 1623.5338098066 0.9493 1721 868.4902214438 0.9976
200 11946 524.6111466425 1.0000 7743 845.5051652901 0.9879 1753 829.6250357940 0.9958 32 1110.9580117686 0.9257 15 1547.2625703042 0.8347 13491 555.4302364991 1.0000 8908 914.1321107105 0.9951 1994 865.9445056376 1.0000 34 1261.5156780795 0.9216 15 2195.7613604560 0.0000 62 1116.1965579505 0.9336 2274 824.7767082213 0.9937 87 1616.5851907242 0.9533 2644 866.3652093738 1.0000
225 13135 524.6111466425 1.0000 8749 845.5051652901 0.9879 2602 829.6250357940 0.9958 37 1099.7488288666 0.9351 17 1547.2625703042 0.8347 14793 555.4302364991 1.0000 10491 912.4747474015 0.9969 2642 865.9445056376 1.0000 39 1247.5336975113 0.9319 17 2195.7613604560 0.0000 81 1112.8026791965 0.9365 3056 824.7767082213 0.9937 631 1575.5127943494 0.9782 3539 866.3652093738 1.0000
250 14274 524.6111466425 1.0000 9670 845.5051652901 0.9879 3320 829.6250357940 0.9958 43 1092.3743325605 0.9415 19 1531.3233433953 0.8434 16069 555.4302364991 1.0000 12339 912.4747474015 0.9969 3220 865.9445056376 1.0000 45 1241.0876327226 0.9367 19 1632.6771846039 0.8549 437 1076.9357763427 0.9677 3762 824.7767082213 0.9937 1246 1568.7666323906 0.9824 4317 866.3652093738 1.0000
285 15788 524.6111466425 1.0000 10911 845.5051652901 0.9879 4237 829.6250357940 0.9958 51 1083.1071756002 0.9495 22 1518.5566844930 0.8504 17675 555.4302364991 1.0000 14367 912.4747474015 0.9969 3984 865.9445056376 1.0000 55 1240.0113624825 0.9375 22 1631.4035232972 0.8556 1187 1063.8273009379 0.9796 4657 824.7767082213 0.9937 2104 1564.1193472222 0.9853 5308 866.3652093738 1.0000
330 17524 524.6111466425 1.0000 12343 845.5051652901 0.9879 5297 829.6250357940 0.9958 66 1073.1539424753 0.9583 26 1492.1251985617 0.8655 19619 555.4302364991 1.0000 16533 912.4747474015 0.9969 4890 865.9445056376 1.0000 71 1217.0805726217 0.9552 26 1606.5729196051 0.8688 2137 1063.8273009379 0.9796 5704 824.7767082213 0.9937 3220 1563.6313420993 0.9856 6476 866.3652093738 1.0000
435 21276 524.6111466425 1.0000 15263 845.5051652901 0.9879 7440 829.6250357940 0.9958 844 1050.1414949506 0.9793 36 1460.5157471921 0.8842 23642 555.4302364991 1.0000 20477 912.4747474015 0.9969 6751 865.9445056376 1.0000 1145 1190.3764869934 0.9766 37 1578.6356018285 0.8842 4331 1061.2749475272 0.9819 7844 824.7767082213 0.9937 5779 1549.7106222621 0.9945 8802 866.3652093738 1.0000
445 21600 524.6111466425 1.0000 15506 845.5051652901 0.9879 7626 829.6250357940 0.9958 970 1049.4340274497 0.9800 37 1460.5157471921 0.8842 23993 555.4302364991 1.0000 20818 912.4747474015 0.9969 6910 865.9445056376 1.0000 1292 1190.3764869934 0.9766 38 1578.2722850129 0.8844 4544 1061.2749475272 0.9819 8019 824.7767082213 0.9937 6033 1549.7106222621 0.9945 9006 866.3652093738 1.0000
455 21906 524.6111466425 1.0000 15785 845.5051652901 0.9879 7808 829.6250357940 0.9958 1096 1049.4340274497 0.9800 38 1460.5157471921 0.8842 24348 555.4302364991 1.0000 21154 912.4747474015 0.9969 7070 865.9445056376 1.0000 1433 1190.3764869934 0.9766 39 1578.2722850129 0.8844 4741 1061.2748692191 0.9819 8201 824.7767082213 0.9937 6285 1549.7106222621 0.9945 9199 866.3652093738 1.0000
465 22218 524.6111466425 1.0000 16022 845.5051652901 0.9879 7979 829.6250357940 0.9958 1222 1047.9836770981 0.9813 39 1460.5157471921 0.8842 24687 555.4302364991 1.0000 21481 912.4747474015 0.9969 7232 865.9445056376 1.0000 1579 1190.3764869934 0.9766 40 1578.2722850129 0.8844 4952 1061.2748692191 0.9819 8384 824.7767082213 0.9937 6530 1549.7106222621 0.9945 9398 866.3652093738 1.0000
480 22700 524.6111466425 1.0000 16383 845.5051652901 0.9879 8242 829.6250357940 0.9958 1417 1046.9113496244 0.9823 41 1459.0658891649 0.8851 25193 555.4302364991 1.0000 21930 912.4747474015 0.9969 7468 865.9445056376 1.0000 1795 1190.3764869934 0.9766 42 1578.2722850129 0.8844 5275 1055.9016049239 0.9869 8658 824.7767082213 0.9937 6881 1549.7106222621 0.9945 9691 866.3652093738 1.0000
490 23028 524.6111466425 1.0000 16611 845.5051652901 0.9879 8417 829.6250357940 0.9958 1545 1046.9113496244 0.9823 42 1459.0658891649 0.8851 25543 555.4302364991 1.0000 22219 912.4747474015 0.9969 7623 865.9445056376 1.0000 1938 1190.2158881230 0.9768 43 1575.1804616001 0.8862 5488 1055.2065931196 0.9876 8833 824.7767082213 0.9937 7106 1549.7106222621 0.9945 9886 866.3652093738 1.0000
500 23333 524.6111466425 1.0000 16845 845.5051652901 0.9879 8602 829.6250357940 0.9958 1672 1046.9113496244 0.9823 43 1459.0658891649 0.8851 25892 555.4302364991 1.0000 22510 912.4747474015 0.9969 7773 865.9445056376 1.0000 2081 1190.2158881230 0.9768 44 1568.1704769374 0.8901 5700 1055.2065931196 0.9876 9000 824.7767082213 0.9937 7337 1549.7106222621 0.9945 10077 866.3652093738 1.0000
505 23485 524.6111466425 1.0000 16954 845.5051652901 0.9879 8699 829.6250357940 0.9958 1736 1046.9113496244 0.9823 44 1459.0658891649 0.8851 26062 555.4302364991 1.0000 22637 912.4747474015 0.9969 7846 865.9445056376 1.0000 2152 1190.2158881230 0.9768 45 1568.1704769374 0.8901 5809 1055.2065931196 0.9876 9088 824.7767082213 0.9937 7447 1549.7106222621 0.9945 10172 866.3652093738 1.0000
515 23775 524.6111466425 1.0000 17192 845.5051652901 0.9879 8872 829.6250357940 0.9958 1864 1046.9113496244 0.9823 45 1457.6442568207 0.8860 26395 555.4302364991 1.0000 22923 912.4747474015 0.9969 8000 865.9445056376 1.0000 2297 1190.2158881230 0.9768 46 1568.1704769374 0.8901 6028 1055.2065931196 0.9876 9259 824.7767082213 0.9937 7668 1549.7106222621 0.9945 10354 866.3652093738 1.0000
530 24226 524.6111466425 1.0000 17571 845.5051652901 0.9879 9110 829.6250357940 0.9958 2054 1046.9113496244 0.9823 47 1454.9045086613 0.8877 26888 555.4302364991 1.0000 23339 912.4747474015 0.9969 8216 865.9445056376 1.0000 2512 1190.2158881230 0.9768 48 1568.1704769374 0.8901 6357 1055.2065931196 0.9876 9509 824.7767082213 0.9937 7982 1549.7106222621 0.9945 10612 866.3652093738 1.0000
540 24508 524.6111466425 1.0000 17799 845.5051652901 0.9879 9271 829.6250357940 0.9958 2181 1046.9113496244 0.9823 48 1450.1627561502 0.8906 27228 555.4302364991 1.0000 23624 912.4747474015 0.9969 8365 865.9445056376 1.0000 2655 1190.2158881230 0.9768 49 1568.1704769374 0.8901 6558 1055.2065931196 0.9876 9680 824.7767082213 0.9937 8191 1549.7106222621 0.9945 10788 866.3652093738 1.0000
545 24645 524.6111466425 1.0000 17919 845.5051652901 0.9879 9348 829.6250357940 0.9958 2242 1046.9113496244 0.9823 49 1445.8217870873 0.8932 27388 555.4302364991 1.0000 23750 912.4747474015 0.9969 8440 865.9445056376 1.0000 2728 1189.9710012033 0.9770 50 1568.1704769374 0.8901 6658 1055.2065931196 0.9876 9767 824.7767082213 0.9937 8293 1549.7106222621 0.9945 10877 866.3652093738 1.0000
555 24937 524.6111466425 1.0000 18145 845.5051652901 0.9879 9511 829.6250357940 0.9958 2348 1046.9113496244 0.9823 50 1441.2572403463 0.8961 27720 555.4302364991 1.0000 24017 912.4747474015 0.9969 8593 865.9445056376 1.0000 2873 1189.8355521130 0.9771 51 1560.0662127755 0.8947 6857 1055.2065931196 0.9876 9926 824.7767082213 0.9937 8507 1549.7106222621 0.9945 11038 866.3652093738 1.0000
560 25074 524.6111466425 1.0000 18255 845.5051652901 0.9879 9597 829.6250357940 0.9958 2401 1046.9113496244 0.9823 51 1440.1918268383 0.8967 27871 555.4302364991 1.0000 24154 912.4747474015 0.9969 8663 865.9445056376 1.0000 2946 1189.8355521130 0.9771 52 1560.0662127755 0.8947 6955 1055.2065931196 0.9876 10010 824.7767082213 0.9937 8613 1549.7106222621 0.9945 11121 866.3652093738 1.0000
570 25360 524.6111466425 1.0000 18468 845.5051652901 0.9879 9757 829.6250357940 0.9958 2508 1046.9113496244 0.9823 52 1440.0403654974 0.8968 28178 555.4302364991 1.0000 24436 912.4747474015 0.9969 8800 865.9445056376 1.0000 3091 1189.8355521130 0.9771 53 1559.6416287413 0.8950 7153 1055.2065931196 0.9876 10168 824.7767082213 0.9937 8810 1549.7106222621 0.9945 11299 866.3652093738 1.0000
575 25504 524.6111466425 1.0000 18590 845.5051652901 0.9879 9830 829.6250357940 0.9958 2558 1046.9113496244 0.9823 53 1439.1770850976 0.8974 28342 555.4302364991 1.0000 24571 912.4747474015 0.9969 8869 865.9445056376 1.0000 3162 1189.3862957933 0.9774 54 1559.6416287413 0.8950 7249 1055.2065931196 0.9876 10245 824.7767082213 0.9937 8908 1549.7106222621 0.9945 11389 866.3652093738 1.0000
590 25918 524.6111466425 1.0000 18962 845.5051652901 0.9879 10059 829.6250357940 0.9958 2720 1046.9113496244 0.9823 55 1431.0010631461 0.9025 28835 555.4302364991 1.0000 24965 912.4747474015 0.9969 9087 865.9445056376 1.0000 3380 1189.1244354955 0.9777 56 1558.4073930742 0.8957 7531 1055.2065931196 0.9876 10496 824.7767082213 0.9937 9199 1549.7106222621 0.9945 11655 866.3652093738 1.0000
595 26065 524.6111466425 1.0000 19067 845.5051652901 0.9879 10135 829.6250357940 0.9958 2774 1046.9113496244 0.9823 56 1431.0010631461 0.9025 29002 555.4302364991 1.0000 25089 912.4747474015 0.9969 9161 865.9445056376 1.0000 3452 1189.1244354955 0.9777 57 1558.4073930742 0.8957 7625 1055.2065931196 0.9876 10617 819.5575441875 1.0000 9298 1549.7106222621 0.9945 11748 866.3652093738 1.0000
605 26349 524.6111466425 1.0000 19312 845.5051652901 0.9879 10284 829.6250357940 0.9958 2881 1046.9113496244 0.9823 57 1431.0010631461 0.9025 29339 555.4302364991 1.0000 25336 912.4747474015 0.9969 9300 865.9445056376 1.0000 3596 1189.1244354955 0.9777 59 1552.7409686675 0.8990 7808 1055.2065931196 0.9876 10968 819.5575441875 1.0000 9488 1549.7106222621 0.9945 11913 866.3652093738 1.0000
615 26613 524.6111466425 1.0000 19515 845.5051652901 0.9879 10439 829.6250357940 0.9958 2991 1046.9113496244 0.9823 59 1431.0010631461 0.9025 29649 555.4302364991 1.0000 25599 912.4747474015 0.9969 9444 865.9445056376 1.0000 3740 1189.1244354955 0.9777 60 1552.7409686675 0.8990 7995 1055.2065931196 0.9876 11317 819.5575441875 1.0000 9682 1549.7106222621 0.9945 12082 866.3652093738 1.0000
620 26758 524.6111466425 1.0000 19624 845.5051652901 0.9879 10513 829.6250357940 0.9958 3044 1046.9113496244 0.9823 60 1426.6725958530 0.9052 29803 555.4302364991 1.0000 25721 912.4747474015 0.9969 9517 865.9445056376 1.0000 3811 1189.1244354955 0.9777 61 1552.7409686675 0.8990 8090 1055.2065931196 0.9876 11492 819.5575441875 1.0000 9774 1549.7106222621 0.9945 12171 866.3652093738 1.0000
625 26884 524.6111466425 1.0000 19733 845.5051652901 0.9879 10583 829.6250357940 0.9958 3097 1046.9113496244 0.9823 61 1426.6725958530 0.9052 29955 555.4302364991 1.0000 25840 912.4747474015 0.9969 9591 865.9445056376 1.0000 3886 1189.1244354955 0.9777 62 1552.7409686675 0.8990 8183 1055.2065931196 0.9876 11646 819.5575441875 1.0000 9868 1549.7106222621 0.9945 12264 866.3652093738 1.0000
635 27160 524.6111466425 1.0000 19946 845.5051652901 0.9879 10724 829.6250357940 0.9958 3204 1046.9113496244 0.9823 62 1426.6725958530 0.9052 30266 555.4302364991 1.0000 26095 912.4747474015 0.9969 9714 865.9445056376 1.0000 4028 1189.1244354955 0.9777 64 1552.2179858977 0.8993 8363 1055.2065931196 0.9876 11933 819.5575441875 1.0000 10041 1549.7106222621 0.9945 12433 866.3652093738 1.0000
640 27295 524.6111466425 1.0000 20054 845.5051652901 0.9879 10804 829.6250357940 0.9958 3257 1046.9113496244 0.9823 63 1426.6335350488 0.9052 30409 555.4302364991 1.0000 26220 912.4747474015 0.9969 9779 865.9445056376 1.0000 4101 1189.1244354955 0.9777 65 1549.0682134782 0.9011 8453 1055.2065931196 0.9876 12079 819.5575441875 1.0000 10128 1549.7106222621 0.9945 12524 866.3652093738 1.0000
645 27430 524.6111466425 1.0000 20165 845.5051652901 0.9879 10875 829.6250357940 0.9958 3303 1046.9113496244 0.9823 64 1425.7614189291 0.9058 30542 555.4302364991 1.0000 26341 912.4747474015 0.9969 9842 865.9445056376 1.0000 4175 1189.1244354955 0.9777 66 1549.0682134782 0.9011 8536 1055.2065931196 0.9876 12224 819.5575441875 1.0000 10217 1549.7106222621 0.9945 12610 866.3652093738 1.0000
650 27566 524.6111466425 1.0000 20291 845.5051652901 0.9879 10943 829.6250357940 0.9958 3351 1046.9113496244 0.9823 65 1425.7614189291 0.9058 30686 555.4302364991 1.0000 26461 912.4747474015 0.9969 9906 865.9445056376 1.0000 4246 1189.1244354955 0.9777 67 1549.0682134782 0.9011 8628 1055.2065931196 0.9876 12367 819.5575441875 1.0000 10308 1549.7106222621 0.9945 12697 866.3652093738 1.0000
655 27697 524.6111466425 1.0000 20398 845.5051652901 0.9879 11012 829.6250357940 0.9958 3398 1046.9113496244 0.9823 66 1425.7614189291 0.9058 30835 555.4302364991 1.0000 26581 912.4747474015 0.9969 9974 865.9445056376 1.0000 4320 1189.1244354955 0.9777 68 1549.0682134782 0.9011 8708 1055.2065931196 0.9876 12508 819.5575441875 1.0000 10392 1549.7106222621 0.9945 12771 866.3652093738 1.0000
660 27832 524.6111466425 1.0000 20507 845.5051652901 0.9879 11086 829.6250357940 0.9958 3449 1046.9113496244 0.9823 67 1425.7614189291 0.9058 30967 555.4302364991 1.0000 26688 912.4747474015 0.9969 10041 865.9445056376 1.0000 4390 1189.1244354955 0.9777 69 1549.0682134782 0.9011 8791 1055.2065931196 0.9876 12641 819.5575441875 1.0000 10484 1549.7106222621 0.9945 12852 866.3652093738 1.0000
665 27965 524.6111466425 1.0000 20620 845.5051652901 0.9879 11159 829.6250357940 0.9958 3499 1046.9113496244 0.9823 68 1425.2589422468 0.9061 31124 555.4302364991 1.0000 26796 912.4747474015 0.9969 10112 865.9445056376 1.0000 4456 1189.1244354955 0.9777 70 1549.0682134782 0.9011 8875 1055.2065931196 0.9876 12768 819.5575441875 1.0000 10573 1549.7106222621 0.9945 12934 866.3652093738 1.0000
670 28099 524.6111466425 1.0000 20718 845.5051652901 0.9879 11227 829.6250357940 0.9958 3545 1046.9113496244 0.9823 69 1424.1917862263 0.9068 31282 555.4302364991 1.0000 26910 912.4747474015 0.9969 10179 865.9445056376 1.0000 4524 1189.1244354955 0.9777 71 1549.0682134782 0.9011 8954 1055.2065931196 0.9876 12894 819.5575441875 1.0000 10660 1549.7106222621 0.9945 13022 866.3652093738 1.0000
675 28223 524.6111466425 1.0000 20836 845.5051652901 0.9879 11295 829.6250357940 0.9958 3591 1046.9113496244 0.9823 70 1424.1917862263 0.9068 31429 555.4302364991 1.0000 27032 912.4747474015 0.9969 10238 865.9445056376 1.0000 4590 1189.1244354955 0.9777 72 1549.0682134782 0.9011 9036 1055.2065931196 0.9876 13020 819.5575441875 1.0000 10745 1549.7106222621 0.9945 13098 866.3652093738 1.0000
680 28350 524.6111466425 1.0000 20934 845.5051652901 0.9879 11369 829.6250357940 0.9958 3644 1046.9113496244 0.9823 71 1423.4437277426 0.9073 31571 555.4302364991 1.0000 27141 912.4747474015 0.9969 10304 865.9445056376 1.0000 4655 1189.1244354955 0.9777 73 1549.0682134782 0.9011 9121 1055.2065931196 0.9876 13146 819.5575441875 1.0000 10820 1549.7106222621 0.9945 13180 866.3652093738 1.0000
685 28496 524.6111466425 1.0000 21035 845.5051652901 0.9879 11441 829.6250357940 0.9958 3693 1046.9113496244 0.9823 72 1423.2786012047 0.9074 31707 555.4302364991 1.0000 27258 912.4747474015 0.9969 10363 865.9445056376 1.0000 4719 1189.1244354955 0.9777 75 1549.0682134782 0.9011 9205 1055.2065931196 0.9876 13275 819.5575441875 1.0000 10911 1549.7106222621 0.9945 13251 866.3652093738 1.0000
690 28624 524.6111466425 1.0000 21124 845.5051652901 0.9879 11514 829.6250357940 0.9958 3741 1046.9113496244 0.9823 74 1423.2786012047 0.9074 31855 555.4302364991 1.0000 27360 912.4747474015 0.9969 10430 865.9445056376 1.0000 4783 1189.1244354955 0.9777 76 1549.0682134782 0.9011 9292 1055.2065931196 0.9876 13402 819.5575441875 1.0000 10996 1549.7106222621 0.9945 13335 866.3652093738 1.0000
695 28749 524.6111466425 1.0000 21233 845.5051652901 0.9879 11585 829.6250357940 0.9958 3788 1046.9113496244 0.9823 75 1420.4362514912 0.9092 31998 555.4302364991 1.0000 27473 912.4747474015 0.9969 10499 865.9445056376 1.0000 4845 1189.1244354955 0.9777 77 1549.0682134782 0.9011 9378 1055.2065931196 0.9876 13529 819.5575441875 1.0000 11086 1549.7106222621 0.9945 13408 866.3652093738 1.0000
700 28871 524.6111466425 1.0000 21342 845.5051652901 0.9879 11658 829.6250357940 0.9958 3839 1046.9113496244 0.9823 76 1420.4362514912 0.9092 32145 555.4302364991 1.0000 27585 912.4747474015 0.9969 10557 865.9445056376 1.0000 4908 1189.1244354955 0.9777 79 1549.0682134782 0.9011 9458 1055.2065931196 0.9876 13649 819.5575441875 1.0000 11178 1549.7106222621 0.9945 13487 866.3652093738 1.0000
705 29003 524.6111466425 1.0000 21435 845.5051652901 0.9879 11722 829.6250357940 0.9958 3885 1046.9113496244 0.9823 78 1420.4362514912 0.9092 32273 555.4302364991 1.0000 27690 912.4747474015 0.9969 10624 865.9445056376 1.0000 4973 1189.1244354955 0.9777 81 1549.0682134782 0.9011 9544 1055.2065931196 0.9876 13761 819.5575441875 1.0000 11269 1549.7106222621 0.9945 13562 866.3652093738 1.0000
710 29129 524.6111466425 1.0000 21529 845.5051652901 0.9879 11789 829.6250357940 0.9958 3932 1046.9113496244 0.9823 79 1420.4362514912 0.9092 32412 555.4302364991 1.0000 27811 912.4747474015 0.9969 10681 865.9445056376 1.0000 5041 1188.8907655020 0.9778 82 1549.0682134782 0.9011 9620 1055.2065931196 0.9876 13877 819.5575441875 1.0000 11356 1549.7106222621 0.9945 13633 866.3652093738 1.0000
715 29262 524.6111466425 1.0000 21627 845.5051652901 0.9879 11851 829.6250357940 0.9958 3980 1046.9113496244 0.9823 81 1419.9028398732 0.9095 32557 555.4302364991 1.0000 27923 912.4747474015 0.9969 10738 865.9445056376 1.0000 5114 1188.8907655020 0.9778 84 1549.0682134782 0.9011 9703 1055.2065931196 0.9876 13995 819.5575441875 1.0000 11437 1549.7106222621 0.9945 13712 866.3652093738 1.0000
720 29396 524.6111466425 1.0000 21732 845.5051652901 0.9879 11914 829.6250357940 0.9958 4026 1046.9113496244 0.9823 82 1419.9028398732 0.9095 32692 555.4302364991 1.0000 28043 912.4747474015 0.9969 10802 865.9445056376 1.0000 5186 1188.8907655020 0.9778 86 1549.0682134782 0.9011 9786 1055.2065931196 0.9876 14107 819.5575441875 1.0000 11525 1549.7106222621 0.9945 13784 866.3652093738 1.0000
725 29524 524.6111466425 1.0000 21832 845.5051652901 0.9879 11988 829.6250357940 0.9958 4073 1046.9113496244 0.9823 84 1419.9028398732 0.9095 32848 555.4302364991 1.0000 28143 912.4747474015 0.9969 10858 865.9445056376 1.0000 5260 1188.8907655020 0.9778 89 1542.0796419087 0.9052 9873 1055.2065931196 0.9876 14224 819.5575441875 1.0000 11597 1549.7106222621 0.9945 13866 866.3652093738 1.0000
730 29651 524.6111466425 1.0000 21931 845.5051652901 0.9879 12058 829.6250357940 0.9958 4121 1046.9113496244 0.9823 86 1419.9028398732 0.9095 32989 555.4302364991 1.0000 28265 912.4747474015 0.9969 10916 865.9445056376 1.0000 5334 1188.8907655020 0.9778 92 1542.0796419087 0.9052 9952 1055.2065931196 0.9876 14338 819.5575441875 1.0000 11681 1549.7106222621 0.9945 13943 866.3652093738 1.0000
735 29783 524.6111466425 1.0000 22043 845.5051652901 0.9879 12117 829.6250357940 0.9958 4168 1046.9113496244 0.9823 89 1419.9028398732 0.9095 33135 555.4302364991 1.0000 28369 912.4747474015 0.9969 10980 865.9445056376 1.0000 5406 1188.8907655020 0.9778 99 1540.8413150280 0.9059 10038 1055.2065931196 0.9876 14452 819.5575441875 1.0000 11753 1549.7106222621 0.9945 14018 866.3652093738 1.0000
740 29914 524.6111466425 1.0000 22123 845.5051652901 0.9879 12178 829.6250357940 0.9958 4215 1046.9113496244 0.9823 92 1419.5328041770 0.9098 33271 555.4302364991 1.0000 28485 912.4747474015 0.9969 11042 865.9445056376 1.0000 5479 1188.8907655020 0.9778 133 1534.2884184451 0.9098 10120 1055.2065931196 0.9876 14564 819.5575441875 1.0000 11829 1549.7106222621 0.9945 14093 866.3652093738 1.0000
745 30038 524.6111466425 1.0000 22225 845.5051652901 0.9879 12231 829.6250357940 0.9958 4258 1046.9113496244 0.9823 97 1409.6970219895 0.9161 33413 555.4302364991 1.0000 28584 912.4747474015 0.9969 11105 865.9445056376 1.0000 5551 1188.8907655020 0.9778 168 1528.1862486900 0.9134 10204 1055.2065931196 0.9876 14675 819.5575441875 1.0000 11902 1549.7106222621 0.9945 14164 866.3652093738 1.0000
750 30150 524.6111466425 1.0000 22323 845.5051652901 0.9879 12290 829.6250357940 0.9958 4302 1046.9113496244 0.9823 128 1396.5623037175 0.9247 33565 555.4302364991 1.0000 28694 912.4747474015 0.9969 11161 865.9445056376 1.0000 5625 1188.8907655020 0.9778 201 1527.6947154307 0.9137 10279 1055.2065931196 0.9876 14776 819.5575441875 1.0000 11980 1549.7106222621 0.9945 14221 866.3652093738 1.0000
755 30275 524.6111466425 1.0000 22424 845.5051652901 0.9879 12357 829.6250357940 0.9958 4347 1046.9113496244 0.9823 163 1387.8430129345 0.9305 33708 555.4302364991 1.0000 28807 912.4747474015 0.9969 11220 865.9445056376 1.0000 5697 1188.8907655020 0.9778 235 1526.5354474842 0.9144 10358 1055.2065931196 0.9876 14877 819.5575441875 1.0000 12050 1549.7106222621 0.9945 14301 866.3652093738 1.0000
760 30399 524.6111466425 1.0000 22521 845.5051652901 0.9879 12422 829.6250357940 0.9958 4389 1046.9113496244 0.9823 197 1385.2043758484 0.9323 33843 555.4302364991 1.0000 28919 912.4747474015 0.9969 11278 865.9445056376 1.0000 5771 1188.8907655020 0.9778 269 1526.3357523749 0.9145 10440 1055.2065931196 0.9876 14981 819.5575441875 1.0000 12125 1549.7106222621 0.9945 14383 866.3652093738 1.0000
765 30526 524.6111466425 1.0000 22615 845.5051652901 0.9879 12490 829.6250357940 0.9958 4436 1046.9113496244 0.9823 233 1384.0248213786 0.9331 33976 555.4302364991 1.0000 29022 912.4747474015 0.9969 11338 865.9445056376 1.0000 5843 1188.8907655020 0.9778 304 1521.1501308053 0.9176 10513 1055.2065931196 0.9876 15085 819.5575441875 1.0000 12206 1549.7106222621 0.9945 14452 866.3652093738 1.0000
770 30652 524.6111466425 1.0000 22706 845.5051652901 0.9879 12558 829.6250357940 0.9958 4482 1046.9113496244 0.9823 266 1383.3699757485 0.9336 34120 555.4302364991 1.0000 29136 912.4747474015 0.9969 11401 865.9445056376 1.0000 5918 1188.8907655020 0.9778 337 1521.1501308053 0.9176 10591 1055.2065931196 0.9876 15192 819.5575441875 1.0000 12285 1549.7106222621 0.9945 14519 866.3652093738 1.0000
775 30768 524.6111466425 1.0000 22798 845.5051652901 0.9879 12632 829.6250357940 0.9958 4522 1046.9113496244 0.9823 300 1382.3813826575 0.9342 34255 555.4302364991 1.0000 29240 912.4747474015 0.9969 11465 865.9445056376 1.0000 5991 1188.8907655020 0.9778 370 1520.2427960112 0.9182 10659 1055.2065931196 0.9876 15296 819.5575441875 1.0000 12363 1549.7106222621 0.9945 14583 866.3652093738 1.0000
780 30881 524.6111466425 1.0000 22898 845.5051652901 0.9879 12698 829.6250357940 0.9958 4566 1046.9113496244 0.9823 335 1378.5248098629 0.9368 34390 555.4302364991 1.0000 29355 912.4747474015 0.9969 11528 865.9445056376 1.0000 6060 1188.8907655020 0.9778 403 1516.0061263611 0.9207 10730 1055.2065931196 0.9876 15402 819.5575441875 1.0000 12441 1549.7106222621 0.9945 14651 866.3652093738 1.0000
785 31002 524.6111466425 1.0000 22988 845.5051652901 0.9879 12762 829.6250357940 0.9958 4608 1046.9113496244 0.9823 369 1371.3600555660 0.9417 34515 555.4302364991 1.0000 29459 912.4747474015 0.9969 11591 865.9445056376 1.0000 6125 1188.8907655020 0.9778 438 1515.7084290914 0.9209 10812 1055.2065931196 0.9876 15511 819.5575441875 1.0000 12525 1549.7106222621 0.9945 14729 866.3652093738 1.0000
790 31123 524.6111466425 1.0000 23076 845.5051652901 0.9879 12825 829.6250357940 0.9958 4650 1046.9113496244 0.9823 403 1371.3600555660 0.9417 34637 555.4302364991 1.0000 29557 912.4747474015 0.9969 11646 865.9445056376 1.0000 6189 1188.8907655020 0.9778 470 1515.0384010198 0.9213 10891 1055.2065931196 0.9876 15612 819.5575441875 1.0000 12608 1549.7106222621 0.9945 14793 866.3652093738 1.0000
795 31249 524.6111466425 1.0000 23167 845.5051652901 0.9879 12885 829.6250357940 0.9958 4694 1046.9113496244 0.9823 436 1371.3600555660 0.9417 34765 555.4302364991 1.0000 29658 912.4747474015 0.9969 11700 865.9445056376 1.0000 6252 1188.8907655020 0.9778 504 1514.6447296867 0.9216 10967 1055.2065931196 0.9876 15706 819.5575441875 1.0000 12687 1549.7106222621 0.9945 14862 866.3652093738 1.0000
800 31364 524.6111466425 1.0000 23272 845.5051652901 0.9879 12953 829.6250357940 0.9958 4736 1046.9113496244 0.9823 470 1371.0752398619 0.9419 34905 555.4302364991 1.0000 29768 912.4747474015 0.9969 11758 865.9445056376 1.0000 6318 1188.8907655020 0.9778 538 1512.0281674785 0.9232 11038 1055.2065931196 0.9876 15808 819.5575441875 1.0000 12758 1549.7106222621 0.9945 14928 866.3652093738 1.0000
805 31478 524.6111466425 1.0000 23359 845.5051652901 0.9879 13027 829.6250357940 0.9958 4781 1046.9113496244 0.9823 503 1370.4958214314 0.9423 35052 555.4302364991 1.0000 29879 912.4747474015 0.9969 11814 865.9445056376 1.0000 6382 1188.8907655020 0.9778 573 1511.5693094760 0.9234 11112 1055.2065931196 0.9876 15906 819.5575441875 1.0000 12835 1549.7106222621 0.9945 14998 866.3652093738 1.0000
810 31608 524.6111466425 1.0000 23447 845.5051652901 0.9879 13088 829.6250357940 0.9958 4821 1046.9113496244 0.9823 538 1370.4604177036 0.9423 35170 555.4302364991 1.0000 29970 912.4747474015 0.9969 11866 865.9445056376 1.0000 6448 1188.8907655020 0.9778 608 1511.1628380245 0.9237 11188 1055.2065931196 0.9876 16007 819.5575441875 1.0000 12915 1549.7106222621 0.9945 15079 866.3652093738 1.0000
815 31721 524.6111466425 1.0000 23551 845.5051652901 0.9879 13159 829.6250357940 0.9958 4863 1046.9113496244 0.9823 572 1370.2563708281 0.9425 35311 555.4302364991 1.0000 30059 912.4747474015 0.9969 11927 865.9445056376 1.0000 6512 1188.8907655020 0.9778 643 1510.8794072361 0.9239 11257 1055.2065931196 0.9876 16110 819.5575441875 1.0000 12998 1549.7106222621 0.9945 15155 866.3652093738 1.0000
820 31846 524.6111466425 1.0000 23649 845.5051652901 0.9879 13224 829.6250357940 0.9958 4906 1046.9113496244 0.9823 606 1369.1978335178 0.9432 35439 555.4302364991 1.0000 30164 912.4747474015 0.9969 11987 865.9445056376 1.0000 6582 1188.4676214925 0.9782 678 1510.0324703135 0.9244 11337 1055.2065931196 0.9876 16208 819.5575441875 1.0000 13077 1549.7106222621 0.9945 15229 866.3652093738 1.0000
825 31974 524.6111466425 1.0000 23737 845.5051652901 0.9879 13295 829.6250357940 0.9958 4948 1046.9113496244 0.9823 640 1369.1978335178 0.9432 35566 555.4302364991 1.0000 30262 912.4747474015 0.9969 12049 865.9445056376 1.0000 6653 1188.4676214925 0.9782 712 1506.4443607500 0.9266 11411 1055.2065931196 0.9876 16310 819.5575441875 1.0000 13152 1549.7106222621 0.9945 15303 866.3652093738 1.0000
830 32096 524.6111466425 1.0000 23835 845.5051652901 0.9879 13352 829.6250357940 0.9958 4993 1046.9113496244 0.9823 673 1364.7385698055 0.9463 35707 555.4302364991 1.0000 30358 912.4747474015 0.9969 12107 865.9445056376 1.0000 6725 1188.4676214925 0.9782 746 1500.3564106815 0.9303 11482 1055.2065931196 0.9876 16409 819.5575441875 1.0000 13223 1549.7106222621 0.9945 15372 866.3652093738 1.0000
835 32220 524.6111466425 1.0000 23928 845.5051652901 0.9879 13416 829.6250357940 0.9958 5038 1046.9113496244 0.9823 708 1362.5922073086 0.9478 35847 555.4302364991 1.0000 30454 912.4747474015 0.9969 12168 865.9445056376 1.0000 6796 1188.3823600227 0.9783 778 1499.9656982803 0.9306 11555 1055.2065931196 0.9876 16506 819.5575441875 1.0000 13296 1549.7106222621 0.9945 15439 866.3652093738 1.0000
840 32342 524.6111466425 1.0000 24015 845.5051652901 0.9879 13488 829.6250357940 0.9958 5080 1046.9113496244 0.9823 741 1361.1240332507 0.9488 35986 555.4302364991 1.0000 30555 912.4747474015 0.9969 12224 865.9445056376 1.0000 6870 1187.2264148957 0.9792 812 1499.6942382053 0.9308 11626 1055.2065931196 0.9876 16604 819.5575441875 1.0000 13375 1549.7106222621 0.9945 15509 866.3652093738 1.0000
845 32460 524.6111466425 1.0000 24105 845.5051652901 0.9879 13547 829.6250357940 0.9958 5124 1046.9113496244 0.9823 775 1361.1240332507 0.9488 36110 555.4302364991 1.0000 30663 912.4747474015 0.9969 12278 865.9445056376 1.0000 6942 1186.8806050644 0.9795 845 1497.8464535398 0.9319 11705 1055.2065931196 0.9876 16692 819.5575441875 1.0000 13452 1549.7106222621 0.9945 15575 866.3652093738 1.0000
850 32580 524.6111466425 1.0000 24204 845.5051652901 0.9879 13614 829.6250357940 0.9958 5166 1046.9113496244 0.9823 807 1360.1418662015 0.9495 36245 555.4302364991 1.0000 30762 912.4747474015 0.9969 12341 865.9445056376 1.0000 7013 1186.8806050644 0.9795 877 1497.8464535398 0.9319 11771 1055.2065931196 0.9876 16776 819.5575441875 1.0000 13519 1549.7106222621 0.9945 15640 866.3652093738 1.0000
855 32698 524.6111466425 1.0000 24286 845.5051652901 0.9879 13675 829.6250357940 0.9958 5209 1046.9113496244 0.9823 841 1359.5813299320 0.9499 36376 555.4302364991 1.0000 30871 912.4747474015 0.9969 12401 865.9445056376 1.0000 7084 1186.8806050644 0.9795 911 1497.1504787068 0.9323 11846 1055.2065931196 0.9876 16862 819.5575441875 1.0000 13583 1549.7106222621 0.9945 15719 866.3652093738 1.0000
860 32827 524.6111466425 1.0000 24368 845.5051652901 0.9879 13747 829.6250357940 0.9958 5253 1046.9113496244 0.9823 874 1359.5813299320 0.9499 36497 555.4302364991 1.0000 30954 912.4747474015 0.9969 12454 865.9445056376 1.0000 7157 1186.8806050644 0.9795 946 1497.1504787068 0.9323 11923 1055.2065931196 0.9876 16948 819.5575441875 1.0000 13651 1549.7106222621 0.9945 15788 866.3652093738 1.0000
865 32943 524.6111466425 1.0000 24456 845.5051652901 0.9879 13802 829.6250357940 0.9958 5291 1046.9113496244 0.9823 909 1355.1724265122 0.9530 36622 555.4302364991 1.0000 31064 912.4747474015 0.9969 12513 865.9445056376 1.0000 7231 1186.8806050644 0.9795 982 1496.9689703080 0.9325 11998 1055.2065931196 0.9876 17040 819.5575441875 1.0000 13712 1549.7106222621 0.9945 15863 866.3652093738 1.0000
870 33062 524.6111466425 1.0000 24544 845.5051652901 0.9879 13855 829.6250357940 0.9958 5330 1046.9113496244 0.9823 942 1355.1724265122 0.9530 36750 555.4302364991 1.0000 31160 912.4747474015 0.9969 12571 865.9445056376 1.0000 7304 1186.8806050644 0.9795 1015 1496.7061040807 0.9326 12078 1055.2065931196 0.9876 17123 819.5575441875 1.0000 13777 1549.7106222621 0.9945 15933 866.3652093738 1.0000
875 33170 524.6111466425 1.0000 24639 845.5051652901 0.9879 13913 829.6250357940 0.9958 5369 1046.9113496244 0.9823 976 1355.1724265122 0.9530 36875 555.4302364991 1.0000 31266 912.4747474015 0.9969 12626 865.9445056376 1.0000 7375 1186.8806050644 0.9795 1048 1496.6144790135 0.9327 12153 1055.2065931196 0.9876 17213 819.5575441875 1.0000 13844 1549.7106222621 0.9945 16007 866.3652093738 1.0000
880 33280 524.6111466425 1.0000 24720 845.5051652901 0.9879 13973 829.6250357940 0.9958 5405 1046.9113496244 0.9823 1009 1355.1724265122 0.9530 36998 555.4302364991 1.0000 31360 912.4747474015 0.9969 12677 865.9445056376 1.0000 7445 1186.8806050644 0.9795 1080 1496.6144790135 0.9327 12230 1055.2065931196 0.9876 17309 819.5575441875 1.0000 13924 1549.7106222621 0.9945 16081 866.3652093738 1.0000
885 33405 524.6111466425 1.0000 24821 845.5051652901 0.9879 14030 829.6250357940 0.9958 5445 1046.9113496244 0.9823 1044 1355.1724265122 0.9530 37122 555.4302364991 1.0000 31458 912.4747474015 0.9969 12728 865.9445056376 1.0000 7516 1186.8806050644 0.9795 1114 1496.6144790135 0.9327 12301 1055.2065931196 0.9876 17398 819.5575441875 1.0000 13990 1549.7106222621 0.9945 16150 866.3652093738 1.0000
890 33522 524.6111466425 1.0000 24909 845.5051652901 0.9879 14097 829.6250357940 0.9958 5482 1046.9113496244 0.9823 1077 1355.1724265122 0.9530 37251 555.4302364991 1.0000 31545 912.4747474015 0.9969 12795 865.9445056376 1.0000 7587 1186.8806050644 0.9795 1148 1496.4933644097 0.9327 12370 1055.2065931196 0.9876 17482 819.5575441875 1.0000 14065 1549.7106222621 0.9945 16238 866.3652093738 1.0000
895 33637 524.6111466425 1.0000 25014 845.5051652901 0.9879 14154 829.6250357940 0.9958 5532 1046.7277047543 0.9825 1110 1355.1724265122 0.9530 37390 555.4302364991 1.0000 31644 912.4747474015 0.9969 12854 865.9445056376 1.0000 7659 1186.8806050644 0.9795 1182 1495.6662905485 0.9333 12437 1055.2065931196 0.9876 17576 819.5575441875 1.0000 14124 1549.7106222621 0.9945 16306 866.3652093738 1.0000
900 33744 524.6111466425 1.0000 25106 845.5051652901 0.9879 14217 829.6250357940 0.9958 5598 1046.7277047543 0.9825 1145 1355.1724265122 0.9530 37519 555.4302364991 1.0000 31754 912.4747474015 0.9969 12908 865.9445056376 1.0000 7729 1186.8806050644 0.9795 1216 1495.6662905485 0.9333 12507 1055.2065931196 0.9876 17656 819.5575441875 1.0000 14193 1549.7106222621 0.9945 16363 866.3652093738 1.0000
905 33881 524.6111466425 1.0000 25196 845.5051652901 0.9879 14275 829.6250357940 0.9958 5664 1046.7277047543 0.9825 1179 1355.1724265122 0.9530 37648 555.4302364991 1.0000 31851 912.4747474015 0.9969 12956 865.9445056376 1.0000 7797 1186.8806050644 0.9795 1251 1495.0743666308 0.9336 12575 1055.2065931196 0.9876 17741 819.5575441875 1.0000 14265 1549.7106222621 0.9945 16432 866.3652093738 1.0000
910 33985 524.6111466425 1.0000 25272 845.5051652901 0.9879 14334 829.6250357940 0.9958 5727 1046.7277047543 0.9825 1213 1355.1724265122 0.9530 37771 555.4302364991 1.0000 31932 912.4747474015 0.9969 13012 865.9445056376 1.0000 7870 1186.8806050644 0.9795 1285 1495.0477575449 0.9336 12641 1055.2065931196 0.9876 17828 819.5575441875 1.0000 14327 1549.7106222621 0.9945 16504 866.3652093738 1.0000
915 34097 524.6111466425 1.0000 25354 845.5051652901 0.9879 14394 829.6250357940 0.9958 5791 1046.7277047543 0.9825 1246 1355.1724265122 0.9530 37896 555.4302364991 1.0000 32031 912.4747474015 0.9969 13069 865.9445056376 1.0000 7936 1186.8806050644 0.9795 1320 1487.0920572612 0.9386 12706 1055.2065931196 0.9876 17906 819.5575441875 1.0000 14392 1549.7106222621 0.9945 16579 866.3652093738 1.0000
920 34209 524.6111466425 1.0000 25440 845.5051652901 0.9879 14459 829.6250357940 0.9958 5856 1046.7277047543 0.9825 1279 1355.1724265122 0.9530 38036 555.4302364991 1.0000 32140 912.4747474015 0.9969 13125 865.9445056376 1.0000 7999 1186.8806050644 0.9795 1352 1486.6966493051 0.9389 12772 1055.2065931196 0.9876 17991 819.5575441875 1.0000 14472 1549.7106222621 0.9945 16643 866.3652093738 1.0000
925 34329 524.6111466425 1.0000 25534 845.5051652901 0.9879 14519 829.6250357940 0.9958 5918 1046.7277047543 0.9825 1311 1355.1724265122 0.9530 38150 555.4302364991 1.0000 32232 912.4747474015 0.9969 13182 865.9445056376 1.0000 8062 1186.8806050644 0.9795 1387 1486.6966493051 0.9389 12847 1055.2065931196 0.9876 18076 819.5575441875 1.0000 14533 1549.7106222621 0.9945 16702 866.3652093738 1.0000
930 34454 524.6111466425 1.0000 25629 845.5051652901 0.9879 14578 829.6250357940 0.9958 5984 1045.8772179222 0.9833 1344 1355.1724265122 0.9530 38262 555.4302364991 1.0000 32335 912.4747474015 0.9969 13235 865.9445056376 1.0000 8125 1186.8806050644 0.9795 1421 1486.0574899413 0.9393 12920 1055.2065931196 0.9876 18159 819.5575441875 1.0000 14595 1549.7106222621 0.9945 16763 866.3652093738 1.0000
935 34566 524.6111466425 1.0000 25719 845.5051652901 0.9879 14642 829.6250357940 0.9958 6048 1045.8772179222 0.9833 1378 1355.1724265122 0.9530 38389 555.4302364991 1.0000 32420 912.4747474015 0.9969 13288 865.9445056376 1.0000 8191 1186.8806050644 0.9795 1456 1486.0574899413 0.9393 12993 1055.2065931196 0.9876 18249 819.5575441875 1.0000 14668 1549.7106222621 0.9945 16824 866.3652093738 1.0000
940 34673 524.6111466425 1.0000 25801 845.5051652901 0.9879 14702 829.6250357940 0.9958 6112 1045.8772179222 0.9833 1411 1355.1724265122 0.9530 38523 555.4302364991 1.0000 32527 912.4747474015 0.9969 13342 865.9445056376 1.0000 8255 1186.8806050644 0.9795 1491 1486.0574899413 0.9393 13058 1055.2065931196 0.9876 18323 819.5575441875 1.0000 14728 1549.7106222621 0.9945 16890 866.3652093738 1.0000
945 34784 524.6111466425 1.0000 25882 845.5051652901 0.9879 14756 829.6250357940 0.9958 6175 1045.8772179222 0.9833 1445 1353.6045212109 0.9541 38651 555.4302364991 1.0000 32616 912.4747474015 0.9969 13402 865.9445056376 1.0000 8319 1186.8806050644 0.9795 1526 1486.0574899413 0.9393 13121 1055.2065931196 0.9876 18403 819.5575441875 1.0000 14794 1549.7106222621 0.9945 16950 866.3652093738 1.0000
950 34893 524.6111466425 1.0000 25970 845.5051652901 0.9879 14809 829.6250357940 0.9958 6238 1045.8772179222 0.9833 1478 1353.3519297132 0.9543 38779 555.4302364991 1.0000 32710 912.4747474015 0.9969 13456 865.9445056376 1.0000 8385 1186.8806050644 0.9795 1562 1486.0574899413 0.9393 13196 1055.2065931196 0.9876 18487 819.5575441875 1.0000 14853 1549.7106222621 0.9945 17015 866.3652093738 1.0000
955 35012 524.6111466425 1.0000 26059 845.5051652901 0.9879 14872 829.6250357940 0.9958 6301 1045.8772179222 0.9833 1511 1353.3449509763 0.9543 38907 555.4302364991 1.0000 32809 912.4747474015 0.9969 13517 865.9445056376 1.0000 8449 1186.8806050644 0.9795 1595 1486.0574899413 0.9393 13265 1055.2065931196 0.9876 18574 819.5575441875 1.0000 14926 1549.7106222621 0.9945 17086 866.3652093738 1.0000
960 35118 524.6111466425 1.0000 26149 845.5051652901 0.9879 14930 829.6250357940 0.9958 6365 1045.8772179222 0.9833 1544 1353.2790349174 0.9543 39059 555.4302364991 1.0000 32923 912.4747474015 0.9969 13569 865.9445056376 1.0000 8514 1186.8806050644 0.9795 1629 1486.0574899413 0.9393 13338 1055.2065931196 0.9876 18647 819.5575441875 1.0000 14995 1549.7106222621 0.9945 17148 866.3652093738 1.0000
965 35229 524.6111466425 1.0000 26227 845.5051652901 0.9879 14998 829.6250357940 0.9958 6429 1045.8772179222 0.9833 1578 1353.2790349174 0.9543 39182 555.4302364991 1.0000 33022 912.4747474015 0.9969 13621 865.9445056376 1.0000 8577 1186.8806050644 0.9795 1662 1485.2478659942 0.9398 13407 1055.2065931196 0.9876 18731 819.5575441875 1.0000 15058 1549.7106222621 0.9945 17214 866.3652093738 1.0000
970 35335 524.6111466425 1.0000 26312 845.5051652901 0.9879 15055 829.6250357940 0.9958 6493 1045.8772179222 0.9833 1611 1353.2790349174 0.9543 39305 555.4302364991 1.0000 33122 912.4747474015 0.9969 13671 865.9445056376 1.0000 8643 1186.8806050644 0.9795 1698 1485.2478659942 0.9398 13472 1055.2065931196 0.9876 18809 819.5575441875 1.0000 15118 1549.7106222621 0.9945 17280 866.3652093738 1.0000
975 35438 524.6111466425 1.0000 26397 845.5051652901 0.9879 15115 829.6250357940 0.9958 6558 1045.8772179222 0.9833 1643 1353.2790349174 0.9543 39431 555.4302364991 1.0000 33210 912.4747474015 0.9969 13720 865.9445056376 1.0000 8708 1186.8806050644 0.9795 1729 1485.2478659942 0.9398 13539 1055.2065931196 0.9876 18894 819.5575441875 1.0000 15179 1549.7106222621 0.9945 17343 866.3652093738 1.0000
980 35547 524.6111466425 1.0000 26492 845.5051652901 0.9879 15172 829.6250357940 0.9958 6621 1045.8772179222 0.9833 1679 1353.2790349174 0.9543 39569 555.4302364991 1.0000 33302 912.4747474015 0.9969 13772 865.9445056376 1.0000 8770 1186.8806050644 0.9795 1764 1485.2478659942 0.9398 13603 1055.2065931196 0.9876 18980 819.5575441875 1.0000 15252 1549.7106222621 0.9945 17415 866.3652093738 1.0000
985 35654 524.6111466425 1.0000 26567 845.5051652901 0.9879 15231 829.6250357940 0.9958 6684 1045.8772179222 0.9833 1713 1353.2790349174 0.9543 39697 555.4302364991 1.0000 33404 912.4747474015 0.9969 13836 865.9445056376 1.0000 8835 1186.8806050644 0.9795 1798 1485.2478659942 0.9398 13662 1055.2065931196 0.9876 19049 819.5575441875 1.0000 15323 1549.7106222621 0.9945 17471 866.3652093738 1.0000
990 35757 524.6111466425 1.0000 26658 845.5051652901 0.9879 15291 829.6250357940 0.9958 6748 1045.8772179222 0.9833 1746 1353.2790349174 0.9543 39807 555.4302364991 1.0000 33504 912.4747474015 0.9969 13881 865.9445056376 1.0000 8902 1186.8806050644 0.9795 1830 1485.2478659942 0.9398 13721 1055.2065931196 0.9876 19128 819.5575441875 1.0000 15392 1549.7106222621 0.9945 17536 866.3652093738 1.0000
995 35879 524.6111466425 1.0000 26760 845.5051652901 0.9879 15352 829.6250357940 0.9958 6810 1045.8772179222 0.9833 1780 1351.4537031004 0.9556 39933 555.4302364991 1.0000 33598 912.4747474015 0.9969 13931 865.9445056376 1.0000 8960 1186.8806050644 0.9795 1866 1485.2478659942 0.9398 13782 1055.2065931196 0.9876 19200 819.5575441875 1.0000 15465 1549.7106222621 0.9945 17589 866.3652093738 1.0000
1000 35981 524.6111466425 1.0000 26846 845.5051652901 0.9879 15405 829.6250357940 0.9958 6873 1045.8772179222 0.9833 1812 1351.4537031004 0.9556 40053 555.4302364991 1.0000 33692 912.4747474015 0.9969 13981 865.9445056376 1.0000 9019 1186.8806050644 0.9795 1900 1484.4293933693 0.9403 13851 1055.2065931196 0.9876 19280 819.5575441875 1.0000 15530 1549.7106222621 0.9945 17651 866.3652093738 1.0000
1005 36087 524.6111466425 1.0000 26931 845.5051652901 0.9879 15461 829.6250357940 0.9958 6937 1045.8772179222 0.9833 1847 1350.8392667690 0.9560 40174 555.4302364991 1.0000 33789 912.4747474015 0.9969 14033 865.9445056376 1.0000 9076 1186.8806050644 0.9795 1936 1483.3494773743 0.9410 13912 1055.2065931196 0.9876 19358 819.5575441875 1.0000 15604 1549.7106222621 0.9945 17711 866.3652093738 1.0000
1010 36190 524.6111466425 1.0000 27018 845.5051652901 0.9879 15529 829.6250357940 0.9958 6995 1045.8772179222 0.9833 1882 1350.8392667690 0.9560 40295 555.4302364991 1.0000 33886 912.4747474015 0.9969 14079 865.9445056376 1.0000 9136 1186.8806050644 0.9795 1969 1483.3494773743 0.9410 13985 1055.2065931196 0.9876 19438 819.5575441875 1.0000 15668 1549.7106222621 0.9945 17772 866.3652093738 1.0000
1015 36294 524.6111466425 1.0000 27091 845.5051652901 0.9879 15602 829.6250357940 0.9958 7047 1045.8772179222 0.9833 1916 1350.8392667690 0.9560 40415 555.4302364991 1.0000 33966 912.4747474015 0.9969 14129 865.9445056376 1.0000 9197 1186.8806050644 0.9795 2003 1483.3494773743 0.9410 14051 1055.2065931196 0.9876 19515 819.5575441875 1.0000 15732 1549.7106222621 0.9945 17830 866.3652093738 1.0000
1020 36411 524.6111466425 1.0000 27169 845.5051652901 0.9879 15663 829.6250357940 0.9958 7099 1045.8772179222 0.9833 1951 1350.8392667690 0.9560 40545 555.4302364991 1.0000 34063 912.4747474015 0.9969 14187 865.9445056376 1.0000 9254 1186.8806050644 0.9795 2036 1483.3494773743 0.9410 14112 1055.2065931196 0.9876 19588 819.5575441875 1.0000 15785 1549.7106222621 0.9945 17895 866.3652093738 1.0000
1025 36509 524.6111466425 1.0000 27256 845.5051652901 0.9879 15722 829.6250357940 0.9958 7152 1045.8772179222 0.9833 1984 1350.8392667690 0.9560 40676 555.4302364991 1.0000 34178 912.4747474015 0.9969 14240 865.9445056376 1.0000 9314 1186.8806050644 0.9795 2071 1483.3494773743 0.9410 14178 1055.2065931196 0.9876 19664 819.5575441875 1.0000 15851 1549.7106222621 0.9945 17953 866.3652093738 1.0000
1030 36609 524.6111466425 1.0000 27338 845.5051652901 0.9879 15780 829.6250357940 0.9958 7205 1045.8772179222 0.9833 2019 1347.0789231993 0.9587 40810 555.4302364991 1.0000 34257 912.4747474015 0.9969 14286 865.9445056376 1.0000 9377 1186.8806050644 0.9795 2105 1474.7933209810 0.9465 14242 1055.2065931196 0.9876 19739 819.5575441875 1.0000 15913 1549.7106222621 0.9945 18015 866.3652093738 1.0000
1035 36712 524.6111466425 1.0000 27426 845.5051652901 0.9879 15835 829.6250357940 0.9958 7258 1045.8772179222 0.9833 2054 1347.0789231993 0.9587 40940 555.4302364991 1.0000 34368 912.4747474015 0.9969 14335 865.9445056376 1.0000 9436 1186.8806050644 0.9795 2140 1473.0258849367 0.9476 14301 1055.2065931196 0.9876 19821 819.5575441875 1.0000 15976 1549.7106222621 0.9945 18073 866.3652093738 1.0000
1040 36807 524.6111466425 1.0000 27499 845.5051652901 0.9879 15888 829.6250357940 0.9958 7312 1045.8772179222 0.9833 2087 1347.0789231993 0.9587 41040 555.4302364991 1.0000 34458 912.4747474015 0.9969 14387 865.9445056376 1.0000 9497 1186.8806050644 0.9795 2175 1472.0597224987 0.9482 14375 1055.2065931196 0.9876 19882 819.5575441875 1.0000 16040 1549.7106222621 0.9945 18138 866.3652093738 1.0000
1045 36921 524.6111466425 1.0000 27573 845.5051652901 0.9879 15950 829.6250357940 0.9958 7363 1045.8772179222 0.9833 2121 1347.0789231993 0.9587 41154 555.4302364991 1.0000 34538 912.4747474015 0.9969 14444 865.9445056376 1.0000 9556 1186.8806050644 0.9795 2210 1472.0597224987 0.9482 14442 1055.2065931196 0.9876 19959 819.5575441875 1.0000 16098 1549.7106222621 0.9945 18198 866.3652093738 1.0000
1050 37038 524.6111466425 1.0000 27665 845.5051652901 0.9879 15995 829.6250357940 0.9958 7415 1045.8772179222 0.9833 2154 1347.0789231993 0.9587 41262 555.4302364991 1.0000 34625 912.4747474015 0.9969 14495 865.9445056376 1.0000 9614 1186.8806050644 0.9795 2248 1471.0401524300 0.9489 14510 1055.2065931196 0.9876 20030 819.5575441875 1.0000 16166 1549.7106222621 0.9945 18272 866.3652093738 1.0000
1055 37150 524.6111466425 1.0000 27743 845.5051652901 0.9879 16054 829.6250357940 0.9958 7467 1045.8772179222 0.9833 2188 1347.0789231993 0.9587 41371 555.4302364991 1.0000 34718 912.4747474015 0.9969 14540 865.9445056376 1.0000 9671 1186.8806050644 0.9795 2279 1470.2589868348 0.9494 14575 1055.2065931196 0.9876 20101 819.5575441875 1.0000 16229 1549.7106222621 0.9945 18329 866.3652093738 1.0000
1060 37252 524.6111466425 1.0000 27823 845.5051652901 0.9879 16114 829.6250357940 0.9958 7521 1045.8772179222 0.9833 2222 1347.0789231993 0.9587 41491 555.4302364991 1.0000 34794 912.4747474015 0.9969 14597 865.9445056376 1.0000 9732 1186.8806050644 0.9795 2315 1469.8749687928 0.9496 14629 1055.2065931196 0.9876 20177 819.5575441875 1.0000 16287 1549.7106222621 0.9945 18384 866.3652093738 1.0000
1065 37350 524.6111466425 1.0000 27907 845.5051652901 0.9879 16176 829.6250357940 0.9958 7574 1045.8772179222 0.9833 2257 1347.0789231993 0.9587 41612 555.4302364991 1.0000 34891 912.4747474015 0.9969 14646 865.9445056376 1.0000 9792 1186.8806050644 0.9795 2349 1469.8749687928 0.9496 14687 1055.2065931196 0.9876 20255 819.5575441875 1.0000 16362 1549.7106222621 0.9945 18442 866.3652093738 1.0000
1070 37451 524.6111466425 1.0000 27998 845.5051652901 0.9879 16226 829.6250357940 0.9958 7628 1045.8772179222 0.9833 2291 1347.0789231993 0.9587 41718 555.4302364991 1.0000 34987 912.4747474015 0.9969 14696 865.9445056376 1.0000 9848 1186.8806050644 0.9795 2386 1469.8749687928 0.9496 14748 1055.2065931196 0.9876 20328 819.5575441875 1.0000 16416 1549.7106222621 0.9945 18507 866.3652093738 1.0000
1075 37548 524.6111466425 1.0000 28077 845.5051652901 0.9879 16278 829.6250357940 0.9958 7682 1045.8772179222 0.9833 2325 1347.0789231993 0.9587 41854 555.4302364991 1.0000 35072 912.4747474015 0.9969 14747 865.9445056376 1.0000 9906 1186.8806050644 0.9795 2422 1469.8749687928 0.9496 14803 1055.2065931196 0.9876 20401 819.5575441875 1.0000 16477 1549.7106222621 0.9945 18578 866.3652093738 1.0000
1080 37647 524.6111466425 1.0000 28164 845.5051652901 0.9879 16334 829.6250357940 0.9958 7738 1045.8772179222 0.9833 2358 1347.0789231993 0.9587 41970 555.4302364991 1.0000 35155 912.4747474015 0.9969 14799 865.9445056376 1.0000 9961 1186.8806050644 0.9795 2458 1469.8749687928 0.9496 14860 1055.2065931196 0.9876 20471 819.5575441875 1.0000 16542 1549.7106222621 0.9945 18642 866.3652093738 1.0000
1085 37759 524.6111466425 1.0000 28226 845.5051652901 0.9879 16388 829.6250357940 0.9958 7791 1045.8772179222 0.9833 2392 1347.0789231993 0.9587 42084 555.4302364991 1.0000 35235 912.4747474015 0.9969 14849 865.9445056376 1.0000 10014 1186.8806050644 0.9795 2494 1469.2913832268 0.9500 14928 1055.2065931196 0.9876 20549 819.5575441875 1.0000 16598 1549.7106222621 0.9945 18713 866.3652093738 1.0000
1090 37853 524.6111466425 1.0000 28312 845.5051652901 0.9879 16443 829.6250357940 0.9958 7842 1045.8772179222 0.9833 2425 1347.0789231993 0.9587 42194 555.4302364991 1.0000 35311 912.4747474015 0.9969 14902 865.9445056376 1.0000 10071 1186.8806050644 0.9795 2530 1462.3818591564 0.9545 14997 1055.2065931196 0.9876 20612 819.5575441875 1.0000 16663 1549.7106222621 0.9945 18773 866.3652093738 1.0000
1095 37957 524.6111466425 1.0000 28386 845.5051652901 0.9879 16507 829.6250357940 0.9958 7895 1045.8772179222 0.9833 2460 1347.0789231993 0.9587 42308 555.4302364991 1.0000 35398 912.4747474015 0.9969 14949 865.9445056376 1.0000 10128 1186.8806050644 0.9795 2567 1461.5869651106 0.9550 15066 1055.2065931196 0.9876 20679 819.5575441875 1.0000 16721 1549.7106222621 0.9945 18822 866.3652093738 1.0000
1100 38075 524.6111466425 1.0000 28474 845.5051652901 0.9879 16566 829.6250357940 0.9958 7948 1045.8772179222 0.9833 2493 1347.0789231993 0.9587 42430 555.4302364991 1.0000 35474 912.4747474015 0.9969 14996 865.9445056376 1.0000 10182 1186.8806050644 0.9795 2603 1461.5869651106 0.9550 15122 1055.2065931196 0.9876 20754 819.5575441875 1.0000 16783 1549.7106222621 0.9945 18872 866.3652093738 1.0000
1105 38183 524.6111466425 1.0000 28572 845.5051652901 0.9879 16625 829.6250357940 0.9958 7995 1045.8772179222 0.9833 2526 1346.5696025671 0.9591 42549 555.4302364991 1.0000 35560 912.4747474015 0.9969 15048 865.9445056376 1.0000 10239 1186.8806050644 0.9795 2636 1461.5869651106 0.9550 15178 1055.2065931196 0.9876 20822 819.5575441875 1.0000 16841 1549.7106222621 0.9945 18926 866.3652093738 1.0000
1110 38286 524.6111466425 1.0000 28656 845.5051652901 0.9879 16670 829.6250357940 0.9958 8043 1045.8772179222 0.9833 2561 1346.5696025671 0.9591 42653 555.4302364991 1.0000 35651 912.4747474015 0.9969 15096 865.9445056376 1.0000 10295 1186.8806050644 0.9795 2673 1461.5869651106 0.9550 15247 1055.2065931196 0.9876 20886 819.5575441875 1.0000 16902 1549.7106222621 0.9945 18990 866.3652093738 1.0000
1115 38382 524.6111466425 1.0000 28728 845.5051652901 0.9879 16727 829.6250357940 0.9958 8090 1045.8772179222 0.9833 2595 1346.5696025671 0.9591 42768 555.4302364991 1.0000 35736 912.4747474015 0.9969 15141 865.9445056376 1.0000 10352 1186.8806050644 0.9795 2708 1460.0462434482 0.9560 15314 1055.2065931196 0.9876 20957 819.5575441875 1.0000 16958 1549.7106222621 0.9945 19056 866.3652093738 1.0000
1120 38477 524.6111466425 1.0000 28796 845.5051652901 0.9879 16782 829.6250357940 0.9958 8136 1045.8772179222 0.9833 2630 1346.5696025671 0.9591 42886 555.4302364991 1.0000 35816 912.4747474015 0.9969 15184 865.9445056376 1.0000 10408 1186.8806050644 0.9795 2745 1460.0430228789 0.9560 15375 1055.2065931196 0.9876 21035 819.5575441875 1.0000 17009 1549.7106222621 0.9945 19102 866.3652093738 1.0000
1125 38588 524.6111466425 1.0000 28873 845.5051652901 0.9879 16844 829.6250357940 0.9958 8182 1045.8772179222 0.9833 2663 1346.5696025671 0.9591 42996 555.4302364991 1.0000 35889 912.4747474015 0.9969 15230 865.9445056376 1.0000 10463 1186.8806050644 0.9795 2779 1460.0430228789 0.9560 15426 1055.2065931196 0.9876 21113 819.5575441875 1.0000 17074 1549.7106222621 0.9945 19172 866.3652093738 1.0000
1130 38691 524.6111466425 1.0000 28939 845.5051652901 0.9879 16899 829.6250357940 0.9958 8233 1045.8772179222 0.9833 2698 1346.5696025671 0.9591 43111 555.4302364991 1.0000 35972 912.4747474015 0.9969 15286 865.9445056376 1.0000 10518 1186.8806050644 0.9795 2813 1460.0430228789 0.9560 15490 1055.2065931196 0.9876 21173 819.5575441875 1.0000 17132 1549.7106222621 0.9945 19235 866.3652093738 1.0000
1135 38803 524.6111466425 1.0000 29026 845.5051652901 0.9879 16941 829.6250357940 0.9958 8280 1045.8772179222 0.9833 2731 1346.5696025671 0.9591 43220 555.4302364991 1.0000 36066 912.4747474015 0.9969 15335 865.9445056376 1.0000 10579 1186.8806050644 0.9795 2849 1460.0430228789 0.9560 15551 1055.2065931196 0.9876 21248 819.5575441875 1.0000 17194 1549.7106222621 0.9945 19295 866.3652093738 1.0000
1140 38904 524.6111466425 1.0000 29111 845.5051652901 0.9879 16990 829.6250357940 0.9958 8326 1045.8772179222 0.9833 2766 1346.5696025671 0.9591 43340 555.4302364991 1.0000 36170 912.4747474015 0.9969 15387 865.9445056376 1.0000 10629 1186.8806050644 0.9795 2883 1460.0430228789 0.9560 15611 1055.2065931196 0.9876 21311 819.5575441875 1.0000 17254 1549.7106222621 0.9945 19361 866.3652093738 1.0000
1145 39013 524.6111466425 1.0000 29190 845.5051652901 0.9879 17046 829.6250357940 0.9958 8376 1045.8772179222 0.9833 2799 1346.5696025671 0.9591 43455 555.4302364991 1.0000 36249 912.4747474015 0.9969 15435 865.9445056376 1.0000 10680 1186.8806050644 0.9795 2917 1459.9546796505 0.9561 15670 1055.2065931196 0.9876 21376 819.5575441875 1.0000 17327 1549.7106222621 0.9945 19436 866.3652093738 1.0000
1150 39114 524.6111466425 1.0000 29257 845.5051652901 0.9879 17098 829.6250357940 0.9958 8424 1045.8772179222 0.9833 2833 1346.5696025671 0.9591 43561 555.4302364991 1.0000 36333 912.4747474015 0.9969 15486 865.9445056376 1.0000 10732 1186.8806050644 0.9795 2953 1459.9546796505 0.9561 15734 1055.2065931196 0.9876 21448 819.5575441875 1.0000 17389 1549.7106222621 0.9945 19495 866.3652093738 1.0000
1155 39218 524.6111466425 1.0000 29327 845.5051652901 0.9879 17147 829.6250357940 0.9958 8472 1045.8772179222 0.9833 2867 1346.5696025671 0.9591 43669 555.4302364991 1.0000 36406 912.4747474015 0.9969 15536 865.9445056376 1.0000 10786 1186.8806050644 0.9795 2987 1459.5397852833 0.9564 15792 1055.2065931196 0.9876 21512 819.5575441875 1.0000 17456 1549.7106222621 0.9945 19560 866.3652093738 1.0000
1160 39316 524.6111466425 1.0000 29398 845.5051652901 0.9879 17204 829.6250357940 0.9958 8522 1045.8772179222 0.9833 2901 1346.5696025671 0.9591 43771 555.4302364991 1.0000 36504 912.4747474015 0.9969 15586 865.9445056376 1.0000 10843 1186.8806050644 0.9795 3023 1459.5397852833 0.9564 15856 1055.2065931196 0.9876 21576 819.5575441875 1.0000 17521 1549.7106222621 0.9945 19622 866.3652093738 1.0000
1165 39411 524.6111466425 1.0000 29478 845.5051652901 0.9879 17252 829.6250357940 0.9958 8569 1045.8772179222 0.9833 2935 1346.5696025671 0.9591 43881 555.4302364991 1.0000 36588 912.4747474015 0.9969 15632 865.9445056376 1.0000 10903 1186.8806050644 0.9795 3059 1455.1474090935 0.9592 15917 1055.2065931196 0.9876 21646 819.5575441875 1.0000 17575 1549.7106222621 0.9945 19683 866.3652093738 1.0000
1170 39510 524.6111466425 1.0000 29548 845.5051652901 0.9879 17311 829.6250357940 0.9958 8618 1045.8772179222 0.9833 2969 1346.5696025671 0.9591 43988 555.4302364991 1.0000 36666 912.4747474015 0.9969 15681 865.9445056376 1.0000 10957 1186.8806050644 0.9795 3094 1455.1474090935 0.9592 15987 1055.2065931196 0.9876 21710 819.5575441875 1.0000 17640 1549.7106222621 0.9945 19736 866.3652093738 1.0000
1175 39610 524.6111466425 1.0000 29617 845.5051652901 0.9879 17365 829.6250357940 0.9958 8665 1045.8772179222 0.9833 3003 1346.5696025671 0.9591 44106 555.4302364991 1.0000 36741 912.4747474015 0.9969 15728 865.9445056376 1.0000 11009 1186.8806050644 0.9795 3129 1455.1474090935 0.9592 16043 1055.2065931196 0.9876 21778 819.5575441875 1.0000 17696 1549.7106222621 0.9945 19797 866.3652093738 1.0000
1180 39716 524.6111466425 1.0000 29699 845.5051652901 0.9879 17420 829.6250357940 0.9958 8711 1045.8772179222 0.9833 3036 1346.5696025671 0.9591 44214 555.4302364991 1.0000 36834 912.4747474015 0.9969 15776 865.9445056376 1.0000 11055 1186.8806050644 0.9795 3165 1455.1474090935 0.9592 16101 1055.2065931196 0.9876 21842 819.5575441875 1.0000 17758 1549.7106222621 0.9945 19854 866.3652093738 1.0000
1185 39807 524.6111466425 1.0000 29769 845.5051652901 0.9879 17477 829.6250357940 0.9958 8759 1045.8772179222 0.9833 3070 1346.5696025671 0.9591 44320 555.4302364991 1.0000 36909 912.4747474015 0.9969 15827 865.9445056376 1.0000 11104 1186.8806050644 0.9795 3200 1455.1474090935 0.9592 16161 1055.2065931196 0.9876 21902 819.5575441875 1.0000 17802 1549.7106222621 0.9945 19907 866.3652093738 1.0000
1190 39908 524.6111466425 1.0000 29840 845.5051652901 0.9879 17533 829.6250357940 0.9958 8810 1045.8772179222 0.9833 3104 1346.5696025671 0.9591 44436 555.4302364991 1.0000 36997 912.4747474015 0.9969 15879 865.9445056376 1.0000 11156 1186.8806050644 0.9795 3235 1455.1474090935 0.9592 16228 1055.2065931196 0.9876 21969 819.5575441875 1.0000 17859 1549.7106222621 0.9945 19969 866.3652093738 1.0000
1195 40009 524.6111466425 1.0000 29921 845.5051652901 0.9879 17584 829.6250357940 0.9958 8855 1045.8772179222 0.9833 3139 1346.5696025671 0.9591 44549 555.4302364991 1.0000 37082 912.4747474015 0.9969 15923 865.9445056376 1.0000 11211 1186.8806050644 0.9795 3270 1455.1474090935 0.9592 16287 1055.2065931196 0.9876 22030 819.5575441875 1.0000 17908 1549.7106222621 0.9945 20025 866.3652093738 1.0000
1200 40114 524.6111466425 1.0000 29989 845.5051652901 0.9879 17626 829.6250357940 0.9958 8900 1045.8772179222 0.9833 3171 1346.5696025671 0.9591 44664 555.4302364991 1.0000 37182 912.4747474015 0.9969 15971 865.9445056376 1.0000 11264 1186.8806050644 0.9795 3304 1455.1474090935 0.9592 16350 1055.2065931196 0.9876 22092 819.5575441875 1.0000 17964 1549.7106222621 0.9945 20078 866.3652093738 1.0000
1205 40222 524.6111466425 1.0000 30067 845.5051652901 0.9879 17676 829.6250357940 0.9958 8947 1045.8772179222 0.9833 3204 1346.5696025671 0.9591 44786 555.4302364991 1.0000 37262 912.4747474015 0.9969 16017 865.9445056376 1.0000 11312 1186.8806050644 0.9795 3339 1455.1474090935 0.9592 16419 1055.2065931196 0.9876 22161 819.5575441875 1.0000 18017 1549.7106222621 0.9945 20136 866.3652093738 1.0000
1210 40321 524.6111466425 1.0000 30143 845.5051652901 0.9879 17725 829.6250357940 0.9958 8995 1045.8772179222 0.9833 3237 1346.5696025671 0.9591 44890 555.4302364991 1.0000 37339 912.4747474015 0.9969 16065 865.9445056376 1.0000 11364 1186.8806050644 0.9795 3375 1455.1474090935 0.9592 16476 1055.2065931196 0.9876 22227 819.5575441875 1.0000 18069 1549.7106222621 0.9945 20192 866.3652093738 1.0000
1215 40428 524.6111466425 1.0000 30218 845.5051652901 0.9879 17781 829.6250357940 0.9958 9040 1045.8772179222 0.9833 3269 1346.5696025671 0.9591 44998 555.4302364991 1.0000 37423 912.4747474015 0.9969 16112 865.9445056376 1.0000 11410 1186.8806050644 0.9795 3410 1455.1474090935 0.9592 16526 1055.2065931196 0.9876 22298 819.5575441875 1.0000 18123 1549.7106222621 0.9945 20245 866.3652093738 1.0000
1220 40528 524.6111466425 1.0000 30305 845.5051652901 0.9879 17829 829.6250357940 0.9958 9083 1045.8772179222 0.9833 3305 1346.5696025671 0.9591 45113 555.4302364991 1.0000 37510 912.4747474015 0.9969 16163 865.9445056376 1.0000 11464 1186.8806050644 0.9795 3447 1455.1474090935 0.9592 16585 1055.2065931196 0.9876 22360 819.5575441875 1.0000 18187 1549.7106222621 0.9945 20314 866.3652093738 1.0000
1225 40621 524.6111466425 1.0000 30385 845.5051652901 0.9879 17887 829.6250357940 0.9958 9128 1045.8772179222 0.9833 3338 1346.5696025671 0.9591 45218 555.4302364991 1.0000 37599 912.4747474015 0.9969 16213 865.9445056376 1.0000 11512 1186.8806050644 0.9795 3482 1455.1474090935 0.9592 16643 1055.2065931196 0.9876 22421 819.5575441875 1.0000 18250 1549.7106222621 0.9945 20385 866.3652093738 1.0000
1230 40727 524.6111466425 1.0000 30460 845.5051652901 0.9879 17935 829.6250357940 0.9958 9173 1045.8772179222 0.9833 3372 1346.5696025671 0.9591 45336 555.4302364991 1.0000 37679 912.4747474015 0.9969 16261 865.9445056376 1.0000 11564 1186.8806050644 0.9795 3517 1455.1474090935 0.9592 16700 1055.2065931196 0.9876 22490 819.5575441875 1.0000 18308 1549.7106222621 0.9945 20440 866.3652093738 1.0000
1235 40818 524.6111466425 1.0000 30547 845.5051652901 0.9879 17982 829.6250357940 0.9958 9215 1045.8772179222 0.9833 3405 1346.5696025671 0.9591 45458 555.4302364991 1.0000 37760 912.4747474015 0.9969 16297 865.9445056376 1.0000 11613 1186.8806050644 0.9795 3550 1455.1474090935 0.9592 16756 1055.2065931196 0.9876 22554 819.5575441875 1.0000 18365 1549.7106222621 0.9945 20492 866.3652093738 1.0000
1240 40915 524.6111466425 1.0000 30624 845.5051652901 0.9879 18035 829.6250357940 0.9958 9259 1045.8772179222 0.9833 3438 1346.5696025671 0.9591 45559 555.4302364991 1.0000 37836 912.4747474015 0.9969 16348 865.9445056376 1.0000 11666 1186.8806050644 0.9795 3587 1455.1474090935 0.9592 16825 1055.2065931196 0.9876 22609 819.5575441875 1.0000 18416 1549.7106222621 0.9945 20553 866.3652093738 1.0000
1245 41008 524.6111466425 1.0000 30695 845.5051652901 0.9879 18084 829.6250357940 0.9958 9303 1045.8772179222 0.9833 3472 1346.5696025671 0.9591 45669 555.4302364991 1.0000 37928 912.4747474015 0.9969 16396 865.9445056376 1.0000 11716 1186.8806050644 0.9795 3621 1455.1474090935 0.9592 16889 1055.2065931196 0.9876 22667 819.5575441875 1.0000 18483 1549.7106222621 0.9945 20608 866.3652093738 1.0000
1250 41119 524.6111466425 1.0000 30773 845.5051652901 0.9879 18129 829.6250357940 0.9958 9346 1045.8772179222 0.9833 3506 1346.5696025671 0.9591 45770 555.4302364991 1.0000 38013 912.4747474015 0.9969 16439 865.9445056376 1.0000 11764 1186.8806050644 0.9795 3656 1455.1474090935 0.9592 16945 1055.2065931196 0.9876 22731 819.5575441875 1.0000 18540 1549.7106222621 0.9945 20659 866.3652093738 1.0000
1255 41220 524.6111466425 1.0000 30836 845.5051652901 0.9879 18186 829.6250357940 0.9958 9390 1045.8772179222 0.9833 3535 1346.5696025671 0.9591 45866 555.4302364991 1.0000 38089 912.4747474015 0.9969 16487 865.9445056376 1.0000 11812 1186.8806050644 0.9795 3691 1455.1474090935 0.9592 16996 1055.2065931196 0.9876 22802 819.5575441875 1.0000 18598 1549.7106222621 0.9945 20703 866.3652093738 1.0000
1260 41318 524.6111466425 1.0000 30916 845.5051652901 0.9879 18231 829.6250357940 0.9958 9435 1045.8772179222 0.9833 3565 1346.5696025671 0.9591 45978 555.4302364991 1.0000 38168 912.4747474015 0.9969 16532 865.9445056376 1.0000 11859 1186.8806050644 0.9795 3727 1455.1474090935 0.9592 17044 1055.2065931196 0.9876 22858 819.5575441875 1.0000 18663 1549.7106222621 0.9945 20752 866.3652093738 1.0000
1265 41416 524.6111466425 1.0000 30985 845.5051652901 0.9879 18282 829.6250357940 0.9958 9475 1045.8772179222 0.9833 3596 1346.5696025671 0.9591 46078 555.4302364991 1.0000 38251 912.4747474015 0.9969 16583 865.9445056376 1.0000 11909 1186.8806050644 0.9795 3763 1455.1474090935 0.9592 17096 1055.2065931196 0.9876 22918 819.5575441875 1.0000 18720 1549.7106222621 0.9945 20803 866.3652093738 1.0000
1270 41502 524.6111466425 1.0000 31059 845.5051652901 0.9879 18335 829.6250357940 0.9958 9520 1045.8772179222 0.9833 3626 1346.5696025671 0.9591 46183 555.4302364991 1.0000 38328 912.4747474015 0.9969 16633 865.9445056376 1.0000 11950 1186.8806050644 0.9795 3798 1448.2996319270 0.9638 17155 1055.2065931196 0.9876 22991 819.5575441875 1.0000 18779 1549.7106222621 0.9945 20864 866.3652093738 1.0000
1275 41597 524.6111466425 1.0000 31129 845.5051652901 0.9879 18386 829.6250357940 0.9958 9565 1045.8772179222 0.9833 3655 1346.5696025671 0.9591 46280 555.4302364991 1.0000 38406 912.4747474015 0.9969 16673 865.9445056376 1.0000 11994 1186.8806050644 0.9795 3831 1447.0956867960 0.9646 17211 1055.2065931196 0.9876 23055 819.5575441875 1.0000 18824 1549.7106222621 0.9945 20919 866.3652093738 1.0000
1280 41701 524.6111466425 1.0000 31203 845.5051652901 0.9879 18438 829.6250357940 0.9958 9609 1045.8772179222 0.9833 3684 1346.5696025671 0.9591 46385 555.4302364991 1.0000 38477 912.4747474015 0.9969 16722 865.9445056376 1.0000 12040 1186.8806050644 0.9795 3864 1446.6766692021 0.9649 17258 1055.2065931196 0.9876 23120 819.5575441875 1.0000 18872 1549.7106222621 0.9945 20978 866.3652093738 1.0000
1285 41795 524.6111466425 1.0000 31274 845.5051652901 0.9879 18485 829.6250357940 0.9958 9654 1045.8772179222 0.9833 3715 1346.5696025671 0.9591 46496 555.4302364991 1.0000 38551 912.4747474015 0.9969 16769 865.9445056376 1.0000 12090 1186.8806050644 0.9795 3901 1446.6766692021 0.9649 17312 1055.2065931196 0.9876 23179 819.5575441875 1.0000 18917 1549.7106222621 0.9945 21029 866.3652093738 1.0000
1290 41891 524.6111466425 1.0000 31355 845.5051652901 0.9879 18535 829.6250357940 0.9958 9697 1045.8772179222 0.9833 3747 1346.5696025671 0.9591 46596 555.4302364991 1.0000 38635 912.4747474015 0.9969 16819 865.9445056376 1.0000 12136 1186.8806050644 0.9795 3935 1446.6766692021 0.9649 17374 1055.2065931196 0.9876 23236 819.5575441875 1.0000 18980 1549.7106222621 0.9945 21086 866.3652093738 1.0000
1295 41980 524.6111466425 1.0000 31435 845.5051652901 0.9879 18596 829.6250357940 0.9958 9738 1045.8772179222 0.9833 3778 1346.5696025671 0.9591 46697 555.4302364991 1.0000 38713 912.4747474015 0.9969 16864 865.9445056376 1.0000 12182 1186.8806050644 0.9795 3971 1446.6766692021 0.9649 17426 1055.2065931196 0.9876 23296 819.5575441875 1.0000 19031 1549.7106222621 0.9945 21136 866.3652093738 1.0000
1300 42076 524.6111466425 1.0000 31507 845.5051652901 0.9879 18645 829.6250357940 0.9958 9784 1045.8772179222 0.9833 3808 1346.5696025671 0.9591 46804 555.4302364991 1.0000 38792 912.4747474015 0.9969 16910 865.9445056376 1.0000 12230 1186.8806050644 0.9795 4008 1446.6766692021 0.9649 17476 1055.2065931196 0.9876 23364 819.5575441875 1.0000 19085 1549.7106222621 0.9945 21196 866.3652093738 1.0000
1305 42174 524.6111466425 1.0000 31583 845.5051652901 0.9879 18705 829.6250357940 0.9958 9830 1045.8772179222 0.9833 3838 1346.5696025671 0.9591 46904 555.4302364991 1.0000 38857 912.4747474015 0.9969 16962 865.9445056376 1.0000 12278 1186.8806050644 0.9795 4041 1446.6766692021 0.9649 17530 1055.2065931196 0.9876 23423 819.5575441875 1.0000 19136 1549.7106222621 0.9945 21245 866.3652093738 1.0000
1310 42271 524.6111466425 1.0000 31651 845.5051652901 0.9879 18747 829.6250357940 0.9958 9871 1045.8772179222 0.9833 3868 1346.5696025671 0.9591 47013 555.4302364991 1.0000 38939 912.4747474015 0.9969 17000 865.9445056376 1.0000 12329 1186.8806050644 0.9795 4076 1446.6766692021 0.9649 17592 1055.2065931196 0.9876 23485 819.5575441875 1.0000 19183 1549.7106222621 0.9945 21295 866.3652093738 1.0000
1315 42374 524.6111466425 1.0000 31718 845.5051652901 0.9879 18786 829.6250357940 0.9958 9918 1045.8772179222 0.9833 3898 1346.5696025671 0.9591 47112 555.4302364991 1.0000 39017 912.4747474015 0.9969 17047 865.9445056376 1.0000 12372 1186.8806050644 0.9795 4111 1446.6766692021 0.9649 17649 1055.2065931196 0.9876 23547 819.5575441875 1.0000 19231 1549.7106222621 0.9945 21357 866.3652093738 1.0000
1320 42471 524.6111466425 1.0000 31785 845.5051652901 0.9879 18832 829.6250357940 0.9958 9965 1045.8772179222 0.9833 3928 1346.5696025671 0.9591 47218 555.4302364991 1.0000 39092 912.4747474015 0.9969 17092 865.9445056376 1.0000 12418 1186.8806050644 0.9795 4144 1446.6766692021 0.9649 17708 1055.2065931196 0.9876 23603 819.5575441875 1.0000 19288 1549.7106222621 0.9945 21416 866.3652093738 1.0000
1325 42566 524.6111466425 1.0000 31863 845.5051652901 0.9879 18875 829.6250357940 0.9958 10005 1045.8772179222 0.9833 3959 1346.5696025671 0.9591 47342 555.4302364991 1.0000 39169 912.4747474015 0.9969 17132 865.9445056376 1.0000 12469 1186.8806050644 0.9795 4180 1446.6766692021 0.9649 17764 1055.2065931196 0.9876 23654 819.5575441875 1.0000 19345 1549.7106222621 0.9945 21465 866.3652093738 1.0000
1330 42665 524.6111466425 1.0000 31934 845.5051652901 0.9879 18923 829.6250357940 0.9958 10042 1045.8772179222 0.9833 3990 1346.5696025671 0.9591 47439 555.4302364991 1.0000 39233 912.4747474015 0.9969 17183 865.9445056376 1.0000 12518 1186.8806050644 0.9795 4216 1446.6766692021 0.9649 17825 1055.2065931196 0.9876 23709 819.5575441875 1.0000 19399 1549.7106222621 0.9945 21519 866.3652093738 1.0000
1335 42763 524.6111466425 1.0000 32002 845.5051652901 0.9879 18974 829.6250357940 0.9958 10080 1045.8772179222 0.9833 4020 1346.5696025671 0.9591 47552 555.4302364991 1.0000 39307 912.4747474015 0.9969 17231 865.9445056376 1.0000 12565 1186.8806050644 0.9795 4253 1446.6766692021 0.9649 17873 1055.2065931196 0.9876 23767 819.5575441875 1.0000 19454 1549.7106222621 0.9945 21570 866.3652093738 1.0000
1340 42857 524.6111466425 1.0000 32064 845.5051652901 0.9879 19028 829.6250357940 0.9958 10119 1045.8772179222 0.9833 4048 1346.5696025671 0.9591 47659 555.4302364991 1.0000 39395 912.4747474015 0.9969 17275 865.9445056376 1.0000 12616 1186.8806050644 0.9795 4288 1446.6766692021 0.9649 17933 1055.2065931196 0.9876 23828 819.5575441875 1.0000 19500 1549.7106222621 0.9945 21617 866.3652093738 1.0000
1345 42950 524.6111466425 1.0000 32126 845.5051652901 0.9879 19078 829.6250357940 0.9958 10156 1045.8772179222 0.9833 4080 1346.5696025671 0.9591 47755 555.4302364991 1.0000 39461 912.4747474015 0.9969 17314 865.9445056376 1.0000 12666 1186.6469350709 0.9797 4322 1446.6766692021 0.9649 17987 1055.2065931196 0.9876 23884 819.5575441875 1.0000 19551 1549.7106222621 0.9945 21679 866.3652093738 1.0000
1350 43052 524.6111466425 1.0000 32210 845.5051652901 0.9879 19126 829.6250357940 0.9958 10195 1045.8772179222 0.9833 4109 1346.5696025671 0.9591 47858 555.4302364991 1.0000 39524 912.4747474015 0.9969 17363 865.9445056376 1.0000 12738 1186.6469350709 0.9797 4357 1446.6766692021 0.9649 18040 1055.2065931196 0.9876 23944 819.5575441875 1.0000 19608 1549.7106222621 0.9945 21728 866.3652093738 1.0000
1355 43139 524.6111466425 1.0000 32277 845.5051652901 0.9879 19174 829.6250357940 0.9958 10232 1045.8772179222 0.9833 4139 1346.5696025671 0.9591 47970 555.4302364991 1.0000 39598 912.4747474015 0.9969 17405 865.9445056376 1.0000 12809 1186.6469350709 0.9797 4392 1446.6766692021 0.9649 18093 1055.2065931196 0.9876 23997 819.5575441875 1.0000 19669 1549.7106222621 0.9945 21788 866.3652093738 1.0000
1360 43228 524.6111466425 1.0000 32355 845.5051652901 0.9879 19224 829.6250357940 0.9958 10275 1045.8772179222 0.9833 4169 1346.5696025671 0.9591 48074 555.4302364991 1.0000 39674 912.4747474015 0.9969 17453 865.9445056376 1.0000 12880 1186.6469350709 0.9797 4426 1446.6766692021 0.9649 18144 1055.2065931196 0.9876 24056 819.5575441875 1.0000 19723 1549.7106222621 0.9945 21839 866.3652093738 1.0000
1365 43320 524.6111466425 1.0000 32419 845.5051652901 0.9879 19279 829.6250357940 0.9958 10316 1045.8772179222 0.9833 4199 1346.5696025671 0.9591 48186 555.4302364991 1.0000 39753 912.4747474015 0.9969 17494 865.9445056376 1.0000 12951 1186.6469350709 0.9797 4461 1446.6766692021 0.9649 18193 1055.2065931196 0.9876 24115 819.5575441875 1.0000 19775 1549.7106222621 0.9945 21906 866.3652093738 1.0000
1370 43421 524.6111466425 1.0000 32491 845.5051652901 0.9879 19329 829.6250357940 0.9958 10355 1045.8772179222 0.9833 4232 1346.5696025671 0.9591 48283 555.4302364991 1.0000 39836 912.4747474015 0.9969 17535 865.9445056376 1.0000 13025 1186.6469350709 0.9797 4494 1446.6766692021 0.9649 18241 1055.2065931196 0.9876 24169 819.5575441875 1.0000 19825 1549.7106222621 0.9945 21966 866.3652093738 1.0000
1375 43529 524.6111466425 1.0000 32562 845.5051652901 0.9879 19386 829.6250357940 0.9958 10395 1045.8772179222 0.9833 4261 1346.5696025671 0.9591 48375 555.4302364991 1.0000 39911 912.4747474015 0.9969 17588 865.9445056376 1.0000 13098 1186.6469350709 0.9797 4529 1446.6766692021 0.9649 18300 1055.2065931196 0.9876 24229 819.5575441875 1.0000 19864 1549.7106222621 0.9945 22007 866.3652093738 1.0000
1380 43624 524.6111466425 1.0000 32630 845.5051652901 0.9879 19440 829.6250357940 0.9958 10430 1045.8772179222 0.9833 4293 1346.5696025671 0.9591 48477 555.4302364991 1.0000 39998 912.4747474015 0.9969 17634 865.9445056376 1.0000 13172 1186.6469350709 0.9797 4565 1446.6766692021 0.9649 18361 1055.2065931196 0.9876 24293 819.5575441875 1.0000 19910 1549.7106222621 0.9945 22054 866.3652093738 1.0000
1385 43710 524.6111466425 1.0000 32694 845.5051652901 0.9879 19494 829.6250357940 0.9958 10468 1045.8772179222 0.9833 4325 1346.0452425439 0.9594 48586 555.4302364991 1.0000 40073 912.4747474015 0.9969 17674 865.9445056376 1.0000 13243 1186.6469350709 0.9797 4600 1446.6766692021 0.9649 18416 1055.2065931196 0.9876 24352 819.5575441875 1.0000 19956 1549.7106222621 0.9945 22110 866.3652093738 1.0000
1390 43805 524.6111466425 1.0000 32763 845.5051652901 0.9879 19538 829.6250357940 0.9958 10509 1045.8772179222 0.9833 4360 1346.0452425439 0.9594 48703 555.4302364991 1.0000 40148 912.4747474015 0.9969 17717 865.9445056376 1.0000 13315 1186.6469350709 0.9797 4633 1446.6766692021 0.9649 18477 1055.2065931196 0.9876 24417 819.5575441875 1.0000 20007 1549.7106222621 0.9945 22166 866.3652093738 1.0000
1395 43908 524.6111466425 1.0000 32839 845.5051652901 0.9879 19582 829.6250357940 0.9958 10546 1045.8772179222 0.9833 4392 1346.0452425439 0.9594 48800 555.4302364991 1.0000 40228 912.4747474015 0.9969 17762 865.9445056376 1.0000 13387 1186.6469350709 0.9797 4668 1446.6766692021 0.9649 18521 1055.2065931196 0.9876 24476 819.5575441875 1.0000 20063 1549.7106222621 0.9945 22213 866.3652093738 1.0000
1400 44005 524.6111466425 1.0000 32918 845.5051652901 0.9879 19630 829.6250357940 0.9958 10585 1045.8772179222 0.9833 4425 1346.0452425439 0.9594 48898 555.4302364991 1.0000 40310 912.4747474015 0.9969 17807 865.9445056376 1.0000 13459 1186.6469350709 0.9797 4703 1446.6766692021 0.9649 18571 1055.2065931196 0.9876 24539 819.5575441875 1.0000 20118 1549.7106222621 0.9945 22267 866.3652093738 1.0000
1405 44097 524.6111466425 1.0000 33149 839.0985639551 0.9954 19675 829.6250357940 0.9958 10624 1045.8772179222 0.9833 4459 1346.0452425439 0.9594 48997 555.4302364991 1.0000 40383 912.4747474015 0.9969 17852 865.9445056376 1.0000 13532 1186.6469350709 0.9797 4737 1446.6766692021 0.9649 18623 1055.2065931196 0.9876 24598 819.5575441875 1.0000 20176 1549.7106222621 0.9945 22325 866.3652093738 1.0000
1410 44187 524.6111466425 1.0000 33525 839.0985639551 0.9954 19727 829.6250357940 0.9958 10664 1045.8772179222 0.9833 4493 1346.0452425439 0.9594 49095 555.4302364991 1.0000 40462 912.4747474015 0.9969 17898 865.9445056376 1.0000 13601 1186.6469350709 0.9797 4774 1446.6766692021 0.9649 18670 1055.2065931196 0.9876 24655 819.5575441875 1.0000 20231 1549.7106222621 0.9945 22378 866.3652093738 1.0000
1415 44286 524.6111466425 1.0000 33902 839.0985639551 0.9954 19773 829.6250357940 0.9958 10702 1045.8772179222 0.9833 4526 1346.0452425439 0.9594 49198 555.4302364991 1.0000 40549 912.4747474015 0.9969 17939 865.9445056376 1.0000 13671 1186.6469350709 0.9797 4809 1446.6766692021 0.9649 18726 1055.2065931196 0.9876 24708 819.5575441875 1.0000 20286 1549.7106222621 0.9945 22440 866.3652093738 1.0000
1420 44378 524.6111466425 1.0000 34236 839.0985639551 0.9954 19820 829.6250357940 0.9958 10743 1045.8772179222 0.9833 4560 1346.0452425439 0.9594 49312 555.4302364991 1.0000 40616 912.4747474015 0.9969 17988 865.9445056376 1.0000 13736 1186.6469350709 0.9797 4845 1446.6766692021 0.9649 18779 1055.2065931196 0.9876 24761 819.5575441875 1.0000 20339 1549.7106222621 0.9945 22491 866.3652093738 1.0000
1425 44464 524.6111466425 1.0000 34551 839.0985639551 0.9954 19866 829.6250357940 0.9958 10782 1045.8772179222 0.9833 4595 1346.0452425439 0.9594 49411 555.4302364991 1.0000 40687 912.4747474015 0.9969 18037 865.9445056376 1.0000 13799 1186.6469350709 0.9797 4876 1446.6766692021 0.9649 18831 1055.2065931196 0.9876 24816 819.5575441875 1.0000 20384 1549.7106222621 0.9945 22541 866.3652093738 1.0000
1430 44557 524.6111466425 1.0000 34864 839.0985639551 0.9954 19917 829.6250357940 0.9958 10820 1045.8772179222 0.9833 4631 1345.9413902168 0.9595 49512 555.4302364991 1.0000 40765 912.4747474015 0.9969 18078 865.9445056376 1.0000 13865 1186.6469350709 0.9797 4908 1446.6766692021 0.9649 18882 1055.2065931196 0.9876 24871 819.5575441875 1.0000 20434 1549.7106222621 0.9945 22600 866.3652093738 1.0000
1435 44645 524.6111466425 1.0000 35156 839.0985639551 0.9954 19968 829.6250357940 0.9958 10861 1045.8772179222 0.9833 4666 1345.9413902168 0.9595 49622 555.4302364991 1.0000 40844 912.4747474015 0.9969 18121 865.9445056376 1.0000 13929 1186.6469350709 0.9797 4939 1446.6766692021 0.9649 18931 1055.2065931196 0.9876 24925 819.5575441875 1.0000 20488 1549.7106222621 0.9945 22647 866.3652093738 1.0000
1440 44734 524.6111466425 1.0000 35439 839.0985639551 0.9954 20018 829.6250357940 0.9958 10900 1045.8772179222 0.9833 4699 1345.9413902168 0.9595 49716 555.4302364991 1.0000 40920 912.4747474015 0.9969 18155 865.9445056376 1.0000 13997 1186.6469350709 0.9797 4973 1446.6766692021 0.9649 18983 1055.2065931196 0.9876 24982 819.5575441875 1.0000 20541 1549.7106222621 0.9945 22688 866.3652093738 1.0000
1445 44823 524.6111466425 1.0000 35729 839.0985639551 0.9954 20069 829.6250357940 0.9958 10940 1045.8772179222 0.9833 4733 1345.9413902168 0.9595 49817 555.4302364991 1.0000 41001 912.4747474015 0.9969 18200 865.9445056376 1.0000 14061 1186.6469350709 0.9797 5006 1446.6766692021 0.9649 19034 1055.2065931196 0.9876 25040 819.5575441875 1.0000 20583 1549.7106222621 0.9945 22740 866.3652093738 1.0000
1450 44907 524.6111466425 1.0000 36008 839.0985639551 0.9954 20118 829.6250357940 0.9958 10978 1045.8772179222 0.9833 4767 1345.9413902168 0.9595 49917 555.4302364991 1.0000 41083 912.4747474015 0.9969 18237 865.9445056376 1.0000 14126 1186.6469350709 0.9797 5039 1446.6766692021 0.9649 19090 1055.2065931196 0.9876 25101 819.5575441875 1.0000 20621 1549.7106222621 0.9945 22801 866.3652093738 1.0000
1455 44999 524.6111466425 1.0000 36268 839.0985639551 0.9954 20156 829.6250357940 0.9958 11013 1045.8772179222 0.9833 4801 1345.9413902168 0.9595 50030 555.4302364991 1.0000 41157 912.4747474015 0.9969 18276 865.9445056376 1.0000 14191 1186.6469350709 0.9797 5072 1446.6766692021 0.9649 19141 1055.2065931196 0.9876 25161 819.5575441875 1.0000 20669 1549.7106222621 0.9945 22848 866.3652093738 1.0000
1460 45084 524.6111466425 1.0000 36527 839.0985639551 0.9954 20195 829.6250357940 0.9958 11047 1045.8772179222 0.9833 4835 1345.9413902168 0.9595 50122 555.4302364991 1.0000 41231 912.4747474015 0.9969 18318 865.9445056376 1.0000 14257 1186.6469350709 0.9797 5103 1446.6766692021 0.9649 19194 1055.2065931196 0.9876 25209 819.5575441875 1.0000 20721 1549.7106222621 0.9945 22899 866.3652093738 1.0000
1465 45178 524.6111466425 1.0000 36789 839.0985639551 0.9954 20232 829.6250357940 0.9958 11086 1045.8772179222 0.9833 4868 1345.9413902168 0.9595 50220 555.4302364991 1.0000 41304 912.4747474015 0.9969 18361 865.9445056376 1.0000 14323 1186.6469350709 0.9797 5137 1446.6766692021 0.9649 19237 1055.2065931196 0.9876 25266 819.5575441875 1.0000 20760 1549.7106222621 0.9945 22968 866.3652093738 1.0000
1470 45266 524.6111466425 1.0000 37046 839.0985639551 0.9954 20278 829.6250357940 0.9958 11126 1045.8772179222 0.9833 4901 1345.9413902168 0.9595 50324 555.4302364991 1.0000 41383 912.4747474015 0.9969 18408 865.9445056376 1.0000 14388 1186.6469350709 0.9797 5170 1446.6766692021 0.9649 19291 1055.2065931196 0.9876 25317 819.5575441875 1.0000 20810 1549.7106222621 0.9945 23020 866.3652093738 1.0000
1475 45350 524.6111466425 1.0000 37290 839.0985639551 0.9954 20317 829.6250357940 0.9958 11161 1045.8772179222 0.9833 4935 1345.9413902168 0.9595 50413 555.4302364991 1.0000 41446 912.4747474015 0.9969 18447 865.9445056376 1.0000 14453 1186.6469350709 0.9797 5203 1446.6766692021 0.9649 19327 1055.2065931196 0.9876 25371 819.5575441875 1.0000 20850 1549.7106222621 0.9945 23079 866.3652093738 1.0000
1480 45432 524.6111466425 1.0000 37530 839.0985639551 0.9954 20363 829.6250357940 0.9958 11198 1045.8772179222 0.9833 4968 1345.9413902168 0.9595 50523 555.4302364991 1.0000 41514 912.4747474015 0.9969 18489 865.9445056376 1.0000 14519 1186.6469350709 0.9797 5236 1446.6766692021 0.9649 19382 1055.2065931196 0.9876 25430 819.5575441875 1.0000 20908 1549.7106222621 0.9945 23127 866.3652093738 1.0000
1485 45522 524.6111466425 1.0000 37759 839.0985639551 0.9954 20407 829.6250357940 0.9958 11235 1045.8772179222 0.9833 5003 1345.9413902168 0.9595 50620 555.4302364991 1.0000 41590 912.4747474015 0.9969 18530 865.9445056376 1.0000 14583 1186.6469350709 0.9797 5268 1446.6766692021 0.9649 19428 1055.2065931196 0.9876 25497 819.5575441875 1.0000 20949 1549.7106222621 0.9945 23187 866.3652093738 1.0000
1490 45617 524.6111466425 1.0000 38001 839.0985639551 0.9954 20450 829.6250357940 0.9958 11275 1045.8772179222 0.9833 5035 1345.9413902168 0.9595 50720 555.4302364991 1.0000 41671 912.4747474015 0.9969 18571 865.9445056376 1.0000 14645 1186.6469350709 0.9797 5300 1446.6766692021 0.9649 19475 1055.2065931196 0.9876 25553 819.5575441875 1.0000 20990 1549.7106222621 0.9945 23234 866.3652093738 1.0000
1495 45702 524.6111466425 1.0000 38215 839.0985639551 0.9954 20491 829.6250357940 0.9958 11314 1045.8772179222 0.9833 5068 1345.9413902168 0.9595 50832 555.4302364991 1.0000 41736 912.4747474015 0.9969 18609 865.9445056376 1.0000 14705 1186.6469350709 0.9797 5334 1446.6766692021 0.9649 19534 1055.2065931196 0.9876 25615 819.5575441875 1.0000 21039 1549.7106222621 0.9945 23290 866.3652093738 1.0000
1500 45787 524.6111466425 1.0000 38423 839.0985639551 0.9954 20539 829.6250357940 0.9958 11350 1045.8772179222 0.9833 5102 1345.9413902168 0.9595 50946 555.4302364991 1.0000 41794 912.4747474015 0.9969 18649 865.9445056376 1.0000 14765 1186.6469350709 0.9797 5367 1446.6766692021 0.9649 19593 1055.2065931196 0.9876 25675 819.5575441875 1.0000 21103 1549.7106222621 0.9945 23335 866.3652093738 1.0000
