0 0 1153.7907658887 0.0000 
5 4 1146.4901112715 0.7285 
10 9 982.3381092583 0.8503 
15 13 962.2737262178 0.8680 
20 17 962.2737262178 0.8680 
25 22 942.5684552127 0.8862 
30 27 940.2931031078 0.8883 
35 32 930.2696906435 0.8979 
40 38 930.2696906435 0.8979 
45 45 927.4293248603 0.9006 
50 52 925.8843283131 0.9021 
55 61 904.0268582525 0.9239 
60 72 901.7736071739 0.9262 
65 91 883.4813639501 0.9454 
70 423 862.8043893333 0.9681 
75 797 855.3168269611 0.9766 
80 1169 855.3168269611 0.9766 
85 1544 854.9560886092 0.9770 
90 1912 845.5051652901 0.9879 
95 2286 845.5051652901 0.9879 
100 2661 845.5051652901 0.9879 
105 3004 845.5051652901 0.9879 
110 3310 845.5051652901 0.9879 
115 3619 845.5051652901 0.9879 
120 3918 845.5051652901 0.9879 
125 4192 845.5051652901 0.9879 
130 4470 845.5051652901 0.9879 
135 4742 845.5051652901 0.9879 
140 5007 845.5051652901 0.9879 
145 5247 845.5051652901 0.9879 
150 5496 845.5051652901 0.9879 
155 5743 845.5051652901 0.9879 
160 5986 845.5051652901 0.9879 
165 6209 845.5051652901 0.9879 
170 6440 845.5051652901 0.9879 
175 6663 845.5051652901 0.9879 
180 6890 845.5051652901 0.9879 
185 7105 845.5051652901 0.9879 
190 7323 845.5051652901 0.9879 
195 7534 845.5051652901 0.9879 
200 7743 845.5051652901 0.9879 
205 7953 845.5051652901 0.9879 
210 8150 845.5051652901 0.9879 
215 8343 845.5051652901 0.9879 
220 8546 845.5051652901 0.9879 
225 8749 845.5051652901 0.9879 
230 8934 845.5051652901 0.9879 
235 9124 845.5051652901 0.9879 
240 9312 845.5051652901 0.9879 
245 9490 845.5051652901 0.9879 
250 9670 845.5051652901 0.9879 
255 9854 845.5051652901 0.9879 
260 10027 845.5051652901 0.9879 
265 10208 845.5051652901 0.9879 
270 10385 845.5051652901 0.9879 
275 10565 845.5051652901 0.9879 
280 10737 845.5051652901 0.9879 
285 10911 845.5051652901 0.9879 
290 11075 845.5051652901 0.9879 
295 11228 845.5051652901 0.9879 
300 11384 845.5051652901 0.9879 
305 11543 845.5051652901 0.9879 
310 11712 845.5051652901 0.9879 
315 11887 845.5051652901 0.9879 
320 12049 845.5051652901 0.9879 
325 12194 845.5051652901 0.9879 
330 12343 845.5051652901 0.9879 
335 12493 845.5051652901 0.9879 
340 12637 845.5051652901 0.9879 
345 12787 845.5051652901 0.9879 
350 12924 845.5051652901 0.9879 
355 13066 845.5051652901 0.9879 
360 13216 845.5051652901 0.9879 
365 13348 845.5051652901 0.9879 
370 13482 845.5051652901 0.9879 
375 13621 845.5051652901 0.9879 
380 13755 845.5051652901 0.9879 
385 13902 845.5051652901 0.9879 
390 14043 845.5051652901 0.9879 
395 14185 845.5051652901 0.9879 
400 14331 845.5051652901 0.9879 
405 14463 845.5051652901 0.9879 
410 14605 845.5051652901 0.9879 
415 14748 845.5051652901 0.9879 
420 14878 845.5051652901 0.9879 
425 15015 845.5051652901 0.9879 
430 15138 845.5051652901 0.9879 
435 15263 845.5051652901 0.9879 
440 15383 845.5051652901 0.9879 
445 15506 845.5051652901 0.9879 
450 15652 845.5051652901 0.9879 
455 15785 845.5051652901 0.9879 
460 15905 845.5051652901 0.9879 
465 16022 845.5051652901 0.9879 
470 16135 845.5051652901 0.9879 
475 16249 845.5051652901 0.9879 
480 16383 845.5051652901 0.9879 
485 16497 845.5051652901 0.9879 
490 16611 845.5051652901 0.9879 
495 16726 845.5051652901 0.9879 
500 16845 845.5051652901 0.9879 
505 16954 845.5051652901 0.9879 
510 17076 845.5051652901 0.9879 
515 17192 845.5051652901 0.9879 
520 17315 845.5051652901 0.9879 
525 17439 845.5051652901 0.9879 
530 17571 845.5051652901 0.9879 
535 17681 845.5051652901 0.9879 
540 17799 845.5051652901 0.9879 
545 17919 845.5051652901 0.9879 
550 18033 845.5051652901 0.9879 
555 18145 845.5051652901 0.9879 
560 18255 845.5051652901 0.9879 
565 18367 845.5051652901 0.9879 
570 18468 845.5051652901 0.9879 
575 18590 845.5051652901 0.9879 
580 18716 845.5051652901 0.9879 
585 18847 845.5051652901 0.9879 
590 18962 845.5051652901 0.9879 
595 19067 845.5051652901 0.9879 
600 19188 845.5051652901 0.9879 
605 19312 845.5051652901 0.9879 
610 19409 845.5051652901 0.9879 
615 19515 845.5051652901 0.9879 
620 19624 845.5051652901 0.9879 
625 19733 845.5051652901 0.9879 
630 19829 845.5051652901 0.9879 
635 19946 845.5051652901 0.9879 
640 20054 845.5051652901 0.9879 
645 20165 845.5051652901 0.9879 
650 20291 845.5051652901 0.9879 
655 20398 845.5051652901 0.9879 
660 20507 845.5051652901 0.9879 
665 20620 845.5051652901 0.9879 
670 20718 845.5051652901 0.9879 
675 20836 845.5051652901 0.9879 
680 20934 845.5051652901 0.9879 
685 21035 845.5051652901 0.9879 
690 21124 845.5051652901 0.9879 
695 21233 845.5051652901 0.9879 
700 21342 845.5051652901 0.9879 
705 21435 845.5051652901 0.9879 
710 21529 845.5051652901 0.9879 
715 21627 845.5051652901 0.9879 
720 21732 845.5051652901 0.9879 
725 21832 845.5051652901 0.9879 
730 21931 845.5051652901 0.9879 
735 22043 845.5051652901 0.9879 
740 22123 845.5051652901 0.9879 
745 22225 845.5051652901 0.9879 
750 22323 845.5051652901 0.9879 
755 22424 845.5051652901 0.9879 
760 22521 845.5051652901 0.9879 
765 22615 845.5051652901 0.9879 
770 22706 845.5051652901 0.9879 
775 22798 845.5051652901 0.9879 
780 22898 845.5051652901 0.9879 
785 22988 845.5051652901 0.9879 
790 23076 845.5051652901 0.9879 
795 23167 845.5051652901 0.9879 
800 23272 845.5051652901 0.9879 
805 23359 845.5051652901 0.9879 
810 23447 845.5051652901 0.9879 
815 23551 845.5051652901 0.9879 
820 23649 845.5051652901 0.9879 
825 23737 845.5051652901 0.9879 
830 23835 845.5051652901 0.9879 
835 23928 845.5051652901 0.9879 
840 24015 845.5051652901 0.9879 
845 24105 845.5051652901 0.9879 
850 24204 845.5051652901 0.9879 
855 24286 845.5051652901 0.9879 
860 24368 845.5051652901 0.9879 
865 24456 845.5051652901 0.9879 
870 24544 845.5051652901 0.9879 
875 24639 845.5051652901 0.9879 
880 24720 845.5051652901 0.9879 
885 24821 845.5051652901 0.9879 
890 24909 845.5051652901 0.9879 
895 25014 845.5051652901 0.9879 
900 25106 845.5051652901 0.9879 
905 25196 845.5051652901 0.9879 
910 25272 845.5051652901 0.9879 
915 25354 845.5051652901 0.9879 
920 25440 845.5051652901 0.9879 
925 25534 845.5051652901 0.9879 
930 25629 845.5051652901 0.9879 
935 25719 845.5051652901 0.9879 
940 25801 845.5051652901 0.9879 
945 25882 845.5051652901 0.9879 
950 25970 845.5051652901 0.9879 
955 26059 845.5051652901 0.9879 
960 26149 845.5051652901 0.9879 
965 26227 845.5051652901 0.9879 
970 26312 845.5051652901 0.9879 
975 26397 845.5051652901 0.9879 
980 26492 845.5051652901 0.9879 
985 26567 845.5051652901 0.9879 
990 26658 845.5051652901 0.9879 
995 26760 845.5051652901 0.9879 
1000 26846 845.5051652901 0.9879 
1005 26931 845.5051652901 0.9879 
1010 27018 845.5051652901 0.9879 
1015 27091 845.5051652901 0.9879 
1020 27169 845.5051652901 0.9879 
1025 27256 845.5051652901 0.9879 
1030 27338 845.5051652901 0.9879 
1035 27426 845.5051652901 0.9879 
1040 27499 845.5051652901 0.9879 
1045 27573 845.5051652901 0.9879 
1050 27665 845.5051652901 0.9879 
1055 27743 845.5051652901 0.9879 
1060 27823 845.5051652901 0.9879 
1065 27907 845.5051652901 0.9879 
1070 27998 845.5051652901 0.9879 
1075 28077 845.5051652901 0.9879 
1080 28164 845.5051652901 0.9879 
1085 28226 845.5051652901 0.9879 
1090 28312 845.5051652901 0.9879 
1095 28386 845.5051652901 0.9879 
1100 28474 845.5051652901 0.9879 
1105 28572 845.5051652901 0.9879 
1110 28656 845.5051652901 0.9879 
1115 28728 845.5051652901 0.9879 
1120 28796 845.5051652901 0.9879 
1125 28873 845.5051652901 0.9879 
1130 28939 845.5051652901 0.9879 
1135 29026 845.5051652901 0.9879 
1140 29111 845.5051652901 0.9879 
1145 29190 845.5051652901 0.9879 
1150 29257 845.5051652901 0.9879 
1155 29327 845.5051652901 0.9879 
1160 29398 845.5051652901 0.9879 
1165 29478 845.5051652901 0.9879 
1170 29548 845.5051652901 0.9879 
1175 29617 845.5051652901 0.9879 
1180 29699 845.5051652901 0.9879 
1185 29769 845.5051652901 0.9879 
1190 29840 845.5051652901 0.9879 
1195 29921 845.5051652901 0.9879 
1200 29989 845.5051652901 0.9879 
1205 30067 845.5051652901 0.9879 
1210 30143 845.5051652901 0.9879 
1215 30218 845.5051652901 0.9879 
1220 30305 845.5051652901 0.9879 
1225 30385 845.5051652901 0.9879 
1230 30460 845.5051652901 0.9879 
1235 30547 845.5051652901 0.9879 
1240 30624 845.5051652901 0.9879 
1245 30695 845.5051652901 0.9879 
1250 30773 845.5051652901 0.9879 
1255 30836 845.5051652901 0.9879 
1260 30916 845.5051652901 0.9879 
1265 30985 845.5051652901 0.9879 
1270 31059 845.5051652901 0.9879 
1275 31129 845.5051652901 0.9879 
1280 31203 845.5051652901 0.9879 
1285 31274 845.5051652901 0.9879 
1290 31355 845.5051652901 0.9879 
1295 31435 845.5051652901 0.9879 
1300 31507 845.5051652901 0.9879 
1305 31583 845.5051652901 0.9879 
1310 31651 845.5051652901 0.9879 
1315 31718 845.5051652901 0.9879 
1320 31785 845.5051652901 0.9879 
1325 31863 845.5051652901 0.9879 
1330 31934 845.5051652901 0.9879 
1335 32002 845.5051652901 0.9879 
1340 32064 845.5051652901 0.9879 
1345 32126 845.5051652901 0.9879 
1350 32210 845.5051652901 0.9879 
1355 32277 845.5051652901 0.9879 
1360 32355 845.5051652901 0.9879 
1365 32419 845.5051652901 0.9879 
1370 32491 845.5051652901 0.9879 
1375 32562 845.5051652901 0.9879 
1380 32630 845.5051652901 0.9879 
1385 32694 845.5051652901 0.9879 
1390 32763 845.5051652901 0.9879 
1395 32839 845.5051652901 0.9879 
1400 32918 845.5051652901 0.9879 
1405 33149 839.0985639551 0.9954 
1410 33525 839.0985639551 0.9954 
1415 33902 839.0985639551 0.9954 
1420 34236 839.0985639551 0.9954 
1425 34551 839.0985639551 0.9954 
1430 34864 839.0985639551 0.9954 
1435 35156 839.0985639551 0.9954 
1440 35439 839.0985639551 0.9954 
1445 35729 839.0985639551 0.9954 
1450 36008 839.0985639551 0.9954 
1455 36268 839.0985639551 0.9954 
1460 36527 839.0985639551 0.9954 
1465 36789 839.0985639551 0.9954 
1470 37046 839.0985639551 0.9954 
1475 37290 839.0985639551 0.9954 
1480 37530 839.0985639551 0.9954 
1485 37759 839.0985639551 0.9954 
1490 38001 839.0985639551 0.9954 
1495 38215 839.0985639551 0.9954 
1500 38423 839.0985639551 0.9954 
