0 0 1346.1522967625 0.0000 
5 2 1346.1522967625 0.0000 
10 4 946.0582481939 0.8732 
15 6 946.0582481939 0.8732 
20 8 910.2498118524 0.9076 
25 10 892.4384453375 0.9257 
30 12 880.9295648238 0.9378 
35 14 871.5007119494 0.9480 
40 16 867.7477346897 0.9521 
45 18 858.7167419173 0.9621 
50 20 858.7167419173 0.9621 
55 23 842.0242576265 0.9811 
60 25 842.0242576265 0.9811 
65 27 842.0242576265 0.9811 
70 30 841.2548086250 0.9820 
75 32 841.2548086250 0.9820 
80 35 841.2548086250 0.9820 
85 37 841.2548086250 0.9820 
90 40 838.1136731541 0.9857 
95 43 838.1136731541 0.9857 
100 46 838.0917931969 0.9857 
105 49 837.9503436810 0.9859 
110 52 836.6175598213 0.9875 
115 56 835.7335198280 0.9885 
120 60 834.3100110506 0.9902 
125 64 834.2419764388 0.9903 
130 69 833.3985993751 0.9913 
135 74 833.0088887065 0.9918 
140 81 833.0088887065 0.9918 
145 92 830.7226513843 0.9945 
150 226 829.9180789223 0.9954 
155 391 829.9180789223 0.9954 
160 557 829.9180789223 0.9954 
165 725 829.9180789223 0.9954 
170 891 829.9180789223 0.9954 
175 1058 829.9180789223 0.9954 
180 1203 829.9180789223 0.9954 
185 1339 829.9180789223 0.9954 
190 1475 829.9180789223 0.9954 
195 1613 829.9180789223 0.9954 
200 1753 829.6250357940 0.9958 
205 1920 829.6250357940 0.9958 
210 2092 829.6250357940 0.9958 
215 2264 829.6250357940 0.9958 
220 2432 829.6250357940 0.9958 
225 2602 829.6250357940 0.9958 
230 2761 829.6250357940 0.9958 
235 2903 829.6250357940 0.9958 
240 3042 829.6250357940 0.9958 
245 3179 829.6250357940 0.9958 
250 3320 829.6250357940 0.9958 
255 3460 829.6250357940 0.9958 
260 3600 829.6250357940 0.9958 
265 3733 829.6250357940 0.9958 
270 3857 829.6250357940 0.9958 
275 3978 829.6250357940 0.9958 
280 4108 829.6250357940 0.9958 
285 4237 829.6250357940 0.9958 
290 4361 829.6250357940 0.9958 
295 4485 829.6250357940 0.9958 
300 4613 829.6250357940 0.9958 
305 4734 829.6250357940 0.9958 
310 4851 829.6250357940 0.9958 
315 4960 829.6250357940 0.9958 
320 5074 829.6250357940 0.9958 
325 5186 829.6250357940 0.9958 
330 5297 829.6250357940 0.9958 
335 5412 829.6250357940 0.9958 
340 5523 829.6250357940 0.9958 
345 5637 829.6250357940 0.9958 
350 5748 829.6250357940 0.9958 
355 5847 829.6250357940 0.9958 
360 5951 829.6250357940 0.9958 
365 6051 829.6250357940 0.9958 
370 6150 829.6250357940 0.9958 
375 6243 829.6250357940 0.9958 
380 6350 829.6250357940 0.9958 
385 6454 829.6250357940 0.9958 
390 6556 829.6250357940 0.9958 
395 6662 829.6250357940 0.9958 
400 6762 829.6250357940 0.9958 
405 6854 829.6250357940 0.9958 
410 6948 829.6250357940 0.9958 
415 7049 829.6250357940 0.9958 
420 7149 829.6250357940 0.9958 
425 7240 829.6250357940 0.9958 
430 7337 829.6250357940 0.9958 
435 7440 829.6250357940 0.9958 
440 7534 829.6250357940 0.9958 
445 7626 829.6250357940 0.9958 
450 7719 829.6250357940 0.9958 
455 7808 829.6250357940 0.9958 
460 7898 829.6250357940 0.9958 
465 7979 829.6250357940 0.9958 
470 8073 829.6250357940 0.9958 
475 8159 829.6250357940 0.9958 
480 8242 829.6250357940 0.9958 
485 8325 829.6250357940 0.9958 
490 8417 829.6250357940 0.9958 
495 8504 829.6250357940 0.9958 
500 8602 829.6250357940 0.9958 
505 8699 829.6250357940 0.9958 
510 8784 829.6250357940 0.9958 
515 8872 829.6250357940 0.9958 
520 8951 829.6250357940 0.9958 
525 9028 829.6250357940 0.9958 
530 9110 829.6250357940 0.9958 
535 9191 829.6250357940 0.9958 
540 9271 829.6250357940 0.9958 
545 9348 829.6250357940 0.9958 
550 9430 829.6250357940 0.9958 
555 9511 829.6250357940 0.9958 
560 9597 829.6250357940 0.9958 
565 9681 829.6250357940 0.9958 
570 9757 829.6250357940 0.9958 
575 9830 829.6250357940 0.9958 
580 9899 829.6250357940 0.9958 
585 9981 829.6250357940 0.9958 
590 10059 829.6250357940 0.9958 
595 10135 829.6250357940 0.9958 
600 10205 829.6250357940 0.9958 
605 10284 829.6250357940 0.9958 
610 10364 829.6250357940 0.9958 
615 10439 829.6250357940 0.9958 
620 10513 829.6250357940 0.9958 
625 10583 829.6250357940 0.9958 
630 10653 829.6250357940 0.9958 
635 10724 829.6250357940 0.9958 
640 10804 829.6250357940 0.9958 
645 10875 829.6250357940 0.9958 
650 10943 829.6250357940 0.9958 
655 11012 829.6250357940 0.9958 
660 11086 829.6250357940 0.9958 
665 11159 829.6250357940 0.9958 
670 11227 829.6250357940 0.9958 
675 11295 829.6250357940 0.9958 
680 11369 829.6250357940 0.9958 
685 11441 829.6250357940 0.9958 
690 11514 829.6250357940 0.9958 
695 11585 829.6250357940 0.9958 
700 11658 829.6250357940 0.9958 
705 11722 829.6250357940 0.9958 
710 11789 829.6250357940 0.9958 
715 11851 829.6250357940 0.9958 
720 11914 829.6250357940 0.9958 
725 11988 829.6250357940 0.9958 
730 12058 829.6250357940 0.9958 
735 12117 829.6250357940 0.9958 
740 12178 829.6250357940 0.9958 
745 12231 829.6250357940 0.9958 
750 12290 829.6250357940 0.9958 
755 12357 829.6250357940 0.9958 
760 12422 829.6250357940 0.9958 
765 12490 829.6250357940 0.9958 
770 12558 829.6250357940 0.9958 
775 12632 829.6250357940 0.9958 
780 12698 829.6250357940 0.9958 
785 12762 829.6250357940 0.9958 
790 12825 829.6250357940 0.9958 
795 12885 829.6250357940 0.9958 
800 12953 829.6250357940 0.9958 
805 13027 829.6250357940 0.9958 
810 13088 829.6250357940 0.9958 
815 13159 829.6250357940 0.9958 
820 13224 829.6250357940 0.9958 
825 13295 829.6250357940 0.9958 
830 13352 829.6250357940 0.9958 
835 13416 829.6250357940 0.9958 
840 13488 829.6250357940 0.9958 
845 13547 829.6250357940 0.9958 
850 13614 829.6250357940 0.9958 
855 13675 829.6250357940 0.9958 
860 13747 829.6250357940 0.9958 
865 13802 829.6250357940 0.9958 
870 13855 829.6250357940 0.9958 
875 13913 829.6250357940 0.9958 
880 13973 829.6250357940 0.9958 
885 14030 829.6250357940 0.9958 
890 14097 829.6250357940 0.9958 
895 14154 829.6250357940 0.9958 
900 14217 829.6250357940 0.9958 
905 14275 829.6250357940 0.9958 
910 14334 829.6250357940 0.9958 
915 14394 829.6250357940 0.9958 
920 14459 829.6250357940 0.9958 
925 14519 829.6250357940 0.9958 
930 14578 829.6250357940 0.9958 
935 14642 829.6250357940 0.9958 
940 14702 829.6250357940 0.9958 
945 14756 829.6250357940 0.9958 
950 14809 829.6250357940 0.9958 
955 14872 829.6250357940 0.9958 
960 14930 829.6250357940 0.9958 
965 14998 829.6250357940 0.9958 
970 15055 829.6250357940 0.9958 
975 15115 829.6250357940 0.9958 
980 15172 829.6250357940 0.9958 
985 15231 829.6250357940 0.9958 
990 15291 829.6250357940 0.9958 
995 15352 829.6250357940 0.9958 
1000 15405 829.6250357940 0.9958 
1005 15461 829.6250357940 0.9958 
1010 15529 829.6250357940 0.9958 
1015 15602 829.6250357940 0.9958 
1020 15663 829.6250357940 0.9958 
1025 15722 829.6250357940 0.9958 
1030 15780 829.6250357940 0.9958 
1035 15835 829.6250357940 0.9958 
1040 15888 829.6250357940 0.9958 
1045 15950 829.6250357940 0.9958 
1050 15995 829.6250357940 0.9958 
1055 16054 829.6250357940 0.9958 
1060 16114 829.6250357940 0.9958 
1065 16176 829.6250357940 0.9958 
1070 16226 829.6250357940 0.9958 
1075 16278 829.6250357940 0.9958 
1080 16334 829.6250357940 0.9958 
1085 16388 829.6250357940 0.9958 
1090 16443 829.6250357940 0.9958 
1095 16507 829.6250357940 0.9958 
1100 16566 829.6250357940 0.9958 
1105 16625 829.6250357940 0.9958 
1110 16670 829.6250357940 0.9958 
1115 16727 829.6250357940 0.9958 
1120 16782 829.6250357940 0.9958 
1125 16844 829.6250357940 0.9958 
1130 16899 829.6250357940 0.9958 
1135 16941 829.6250357940 0.9958 
1140 16990 829.6250357940 0.9958 
1145 17046 829.6250357940 0.9958 
1150 17098 829.6250357940 0.9958 
1155 17147 829.6250357940 0.9958 
1160 17204 829.6250357940 0.9958 
1165 17252 829.6250357940 0.9958 
1170 17311 829.6250357940 0.9958 
1175 17365 829.6250357940 0.9958 
1180 17420 829.6250357940 0.9958 
1185 17477 829.6250357940 0.9958 
1190 17533 829.6250357940 0.9958 
1195 17584 829.6250357940 0.9958 
1200 17626 829.6250357940 0.9958 
1205 17676 829.6250357940 0.9958 
1210 17725 829.6250357940 0.9958 
1215 17781 829.6250357940 0.9958 
1220 17829 829.6250357940 0.9958 
1225 17887 829.6250357940 0.9958 
1230 17935 829.6250357940 0.9958 
1235 17982 829.6250357940 0.9958 
1240 18035 829.6250357940 0.9958 
1245 18084 829.6250357940 0.9958 
1250 18129 829.6250357940 0.9958 
1255 18186 829.6250357940 0.9958 
1260 18231 829.6250357940 0.9958 
1265 18282 829.6250357940 0.9958 
1270 18335 829.6250357940 0.9958 
1275 18386 829.6250357940 0.9958 
1280 18438 829.6250357940 0.9958 
1285 18485 829.6250357940 0.9958 
1290 18535 829.6250357940 0.9958 
1295 18596 829.6250357940 0.9958 
1300 18645 829.6250357940 0.9958 
1305 18705 829.6250357940 0.9958 
1310 18747 829.6250357940 0.9958 
1315 18786 829.6250357940 0.9958 
1320 18832 829.6250357940 0.9958 
1325 18875 829.6250357940 0.9958 
1330 18923 829.6250357940 0.9958 
1335 18974 829.6250357940 0.9958 
1340 19028 829.6250357940 0.9958 
1345 19078 829.6250357940 0.9958 
1350 19126 829.6250357940 0.9958 
1355 19174 829.6250357940 0.9958 
1360 19224 829.6250357940 0.9958 
1365 19279 829.6250357940 0.9958 
1370 19329 829.6250357940 0.9958 
1375 19386 829.6250357940 0.9958 
1380 19440 829.6250357940 0.9958 
1385 19494 829.6250357940 0.9958 
1390 19538 829.6250357940 0.9958 
1395 19582 829.6250357940 0.9958 
1400 19630 829.6250357940 0.9958 
1405 19675 829.6250357940 0.9958 
1410 19727 829.6250357940 0.9958 
1415 19773 829.6250357940 0.9958 
1420 19820 829.6250357940 0.9958 
1425 19866 829.6250357940 0.9958 
1430 19917 829.6250357940 0.9958 
1435 19968 829.6250357940 0.9958 
1440 20018 829.6250357940 0.9958 
1445 20069 829.6250357940 0.9958 
1450 20118 829.6250357940 0.9958 
1455 20156 829.6250357940 0.9958 
1460 20195 829.6250357940 0.9958 
1465 20232 829.6250357940 0.9958 
1470 20278 829.6250357940 0.9958 
1475 20317 829.6250357940 0.9958 
1480 20363 829.6250357940 0.9958 
1485 20407 829.6250357940 0.9958 
1490 20450 829.6250357940 0.9958 
1495 20491 829.6250357940 0.9958 
1500 20539 829.6250357940 0.9958 
