0 0 1780.3958227116 0.0000 
5 1 1780.3958227116 0.0000 
15 2 1780.3958227116 0.0000 
20 3 1601.3236591083 0.6422 
25 4 1487.3173078246 0.6915 
35 5 1379.1182686194 0.7457 
40 6 1348.5175657798 0.7626 
50 7 1293.1977013629 0.7953 
55 8 1288.1149388326 0.7984 
60 9 1272.5913974381 0.8081 
70 10 1239.7098498075 0.8296 
75 11 1218.2857088873 0.8442 
80 12 1205.8416507860 0.8529 
90 13 1190.4685220412 0.8639 
95 14 1190.2669255122 0.8640 
100 15 1189.2783472169 0.8647 
110 16 1171.4338028484 0.8779 
115 17 1171.4338028484 0.8779 
120 18 1166.3975041053 0.8817 
125 19 1163.8258017552 0.8837 
130 20 1163.2509090308 0.8841 
140 21 1159.3015751883 0.8871 
145 22 1153.7732031030 0.8914 
150 23 1151.4029906986 0.8932 
155 24 1137.5053623774 0.9041 
160 25 1137.5053623774 0.9041 
165 26 1137.3639128616 0.9042 
175 27 1126.3572544115 0.9130 
180 28 1126.3572544115 0.9130 
185 29 1123.7019784339 0.9152 
190 30 1114.1812080615 0.9230 
195 31 1113.6099590701 0.9235 
200 32 1110.9580117686 0.9257 
205 33 1110.9580117686 0.9257 
210 34 1107.1583955739 0.9289 
215 35 1103.7793294184 0.9317 
220 36 1103.7793294184 0.9317 
225 37 1099.7488288666 0.9351 
230 38 1099.7488288666 0.9351 
235 39 1099.7488288666 0.9351 
240 41 1097.3091883726 0.9372 
245 42 1097.3091883726 0.9372 
250 43 1092.3743325605 0.9415 
255 44 1092.3743325605 0.9415 
260 45 1092.3743325605 0.9415 
265 46 1084.9987562294 0.9479 
270 48 1084.8040116618 0.9480 
275 49 1083.1071756002 0.9495 
280 50 1083.1071756002 0.9495 
285 51 1083.1071756002 0.9495 
290 53 1080.7409876254 0.9516 
295 54 1080.7409876254 0.9516 
300 56 1080.5340847326 0.9518 
305 57 1075.7290689487 0.9560 
310 59 1074.7436732471 0.9569 
315 60 1074.7436732471 0.9569 
320 62 1074.7436732471 0.9569 
325 64 1073.1539424753 0.9583 
330 66 1073.1539424753 0.9583 
335 68 1073.1539424753 0.9583 
340 70 1071.9359619875 0.9594 
345 72 1071.2848077932 0.9600 
350 74 1071.0313669937 0.9602 
355 77 1071.0313669937 0.9602 
360 79 1070.4700514717 0.9607 
365 83 1070.4700514717 0.9607 
370 87 1070.4700514717 0.9607 
375 92 1070.4239898650 0.9608 
380 131 1057.0785381027 0.9729 
385 196 1054.1004268729 0.9756 
390 262 1054.1004268729 0.9756 
395 327 1054.1004268729 0.9756 
400 390 1054.1004268729 0.9756 
405 455 1054.1004268729 0.9756 
410 522 1053.8466283569 0.9759 
415 588 1052.7914211630 0.9769 
420 651 1051.6206609052 0.9779 
425 717 1050.4471056280 0.9790 
430 781 1050.1414949506 0.9793 
435 844 1050.1414949506 0.9793 
440 906 1049.7478259279 0.9797 
445 970 1049.4340274497 0.9800 
450 1033 1049.4340274497 0.9800 
455 1096 1049.4340274497 0.9800 
460 1160 1049.4340274497 0.9800 
465 1222 1047.9836770981 0.9813 
470 1287 1046.9113496244 0.9823 
475 1351 1046.9113496244 0.9823 
480 1417 1046.9113496244 0.9823 
485 1481 1046.9113496244 0.9823 
490 1545 1046.9113496244 0.9823 
495 1608 1046.9113496244 0.9823 
500 1672 1046.9113496244 0.9823 
505 1736 1046.9113496244 0.9823 
510 1798 1046.9113496244 0.9823 
515 1864 1046.9113496244 0.9823 
520 1927 1046.9113496244 0.9823 
525 1991 1046.9113496244 0.9823 
530 2054 1046.9113496244 0.9823 
535 2118 1046.9113496244 0.9823 
540 2181 1046.9113496244 0.9823 
545 2242 1046.9113496244 0.9823 
550 2295 1046.9113496244 0.9823 
555 2348 1046.9113496244 0.9823 
560 2401 1046.9113496244 0.9823 
565 2454 1046.9113496244 0.9823 
570 2508 1046.9113496244 0.9823 
575 2558 1046.9113496244 0.9823 
580 2610 1046.9113496244 0.9823 
585 2667 1046.9113496244 0.9823 
590 2720 1046.9113496244 0.9823 
595 2774 1046.9113496244 0.9823 
600 2825 1046.9113496244 0.9823 
605 2881 1046.9113496244 0.9823 
610 2937 1046.9113496244 0.9823 
615 2991 1046.9113496244 0.9823 
620 3044 1046.9113496244 0.9823 
625 3097 1046.9113496244 0.9823 
630 3151 1046.9113496244 0.9823 
635 3204 1046.9113496244 0.9823 
640 3257 1046.9113496244 0.9823 
645 3303 1046.9113496244 0.9823 
650 3351 1046.9113496244 0.9823 
655 3398 1046.9113496244 0.9823 
660 3449 1046.9113496244 0.9823 
665 3499 1046.9113496244 0.9823 
670 3545 1046.9113496244 0.9823 
675 3591 1046.9113496244 0.9823 
680 3644 1046.9113496244 0.9823 
685 3693 1046.9113496244 0.9823 
690 3741 1046.9113496244 0.9823 
695 3788 1046.9113496244 0.9823 
700 3839 1046.9113496244 0.9823 
705 3885 1046.9113496244 0.9823 
710 3932 1046.9113496244 0.9823 
715 3980 1046.9113496244 0.9823 
720 4026 1046.9113496244 0.9823 
725 4073 1046.9113496244 0.9823 
730 4121 1046.9113496244 0.9823 
735 4168 1046.9113496244 0.9823 
740 4215 1046.9113496244 0.9823 
745 4258 1046.9113496244 0.9823 
750 4302 1046.9113496244 0.9823 
755 4347 1046.9113496244 0.9823 
760 4389 1046.9113496244 0.9823 
765 4436 1046.9113496244 0.9823 
770 4482 1046.9113496244 0.9823 
775 4522 1046.9113496244 0.9823 
780 4566 1046.9113496244 0.9823 
785 4608 1046.9113496244 0.9823 
790 4650 1046.9113496244 0.9823 
795 4694 1046.9113496244 0.9823 
800 4736 1046.9113496244 0.9823 
805 4781 1046.9113496244 0.9823 
810 4821 1046.9113496244 0.9823 
815 4863 1046.9113496244 0.9823 
820 4906 1046.9113496244 0.9823 
825 4948 1046.9113496244 0.9823 
830 4993 1046.9113496244 0.9823 
835 5038 1046.9113496244 0.9823 
840 5080 1046.9113496244 0.9823 
845 5124 1046.9113496244 0.9823 
850 5166 1046.9113496244 0.9823 
855 5209 1046.9113496244 0.9823 
860 5253 1046.9113496244 0.9823 
865 5291 1046.9113496244 0.9823 
870 5330 1046.9113496244 0.9823 
875 5369 1046.9113496244 0.9823 
880 5405 1046.9113496244 0.9823 
885 5445 1046.9113496244 0.9823 
890 5482 1046.9113496244 0.9823 
895 5532 1046.7277047543 0.9825 
900 5598 1046.7277047543 0.9825 
905 5664 1046.7277047543 0.9825 
910 5727 1046.7277047543 0.9825 
915 5791 1046.7277047543 0.9825 
920 5856 1046.7277047543 0.9825 
925 5918 1046.7277047543 0.9825 
930 5984 1045.8772179222 0.9833 
935 6048 1045.8772179222 0.9833 
940 6112 1045.8772179222 0.9833 
945 6175 1045.8772179222 0.9833 
950 6238 1045.8772179222 0.9833 
955 6301 1045.8772179222 0.9833 
960 6365 1045.8772179222 0.9833 
965 6429 1045.8772179222 0.9833 
970 6493 1045.8772179222 0.9833 
975 6558 1045.8772179222 0.9833 
980 6621 1045.8772179222 0.9833 
985 6684 1045.8772179222 0.9833 
990 6748 1045.8772179222 0.9833 
995 6810 1045.8772179222 0.9833 
1000 6873 1045.8772179222 0.9833 
1005 6937 1045.8772179222 0.9833 
1010 6995 1045.8772179222 0.9833 
1015 7047 1045.8772179222 0.9833 
1020 7099 1045.8772179222 0.9833 
1025 7152 1045.8772179222 0.9833 
1030 7205 1045.8772179222 0.9833 
1035 7258 1045.8772179222 0.9833 
1040 7312 1045.8772179222 0.9833 
1045 7363 1045.8772179222 0.9833 
1050 7415 1045.8772179222 0.9833 
1055 7467 1045.8772179222 0.9833 
1060 7521 1045.8772179222 0.9833 
1065 7574 1045.8772179222 0.9833 
1070 7628 1045.8772179222 0.9833 
1075 7682 1045.8772179222 0.9833 
1080 7738 1045.8772179222 0.9833 
1085 7791 1045.8772179222 0.9833 
1090 7842 1045.8772179222 0.9833 
1095 7895 1045.8772179222 0.9833 
1100 7948 1045.8772179222 0.9833 
1105 7995 1045.8772179222 0.9833 
1110 8043 1045.8772179222 0.9833 
1115 8090 1045.8772179222 0.9833 
1120 8136 1045.8772179222 0.9833 
1125 8182 1045.8772179222 0.9833 
1130 8233 1045.8772179222 0.9833 
1135 8280 1045.8772179222 0.9833 
1140 8326 1045.8772179222 0.9833 
1145 8376 1045.8772179222 0.9833 
1150 8424 1045.8772179222 0.9833 
1155 8472 1045.8772179222 0.9833 
1160 8522 1045.8772179222 0.9833 
1165 8569 1045.8772179222 0.9833 
1170 8618 1045.8772179222 0.9833 
1175 8665 1045.8772179222 0.9833 
1180 8711 1045.8772179222 0.9833 
1185 8759 1045.8772179222 0.9833 
1190 8810 1045.8772179222 0.9833 
1195 8855 1045.8772179222 0.9833 
1200 8900 1045.8772179222 0.9833 
1205 8947 1045.8772179222 0.9833 
1210 8995 1045.8772179222 0.9833 
1215 9040 1045.8772179222 0.9833 
1220 9083 1045.8772179222 0.9833 
1225 9128 1045.8772179222 0.9833 
1230 9173 1045.8772179222 0.9833 
1235 9215 1045.8772179222 0.9833 
1240 9259 1045.8772179222 0.9833 
1245 9303 1045.8772179222 0.9833 
1250 9346 1045.8772179222 0.9833 
1255 9390 1045.8772179222 0.9833 
1260 9435 1045.8772179222 0.9833 
1265 9475 1045.8772179222 0.9833 
1270 9520 1045.8772179222 0.9833 
1275 9565 1045.8772179222 0.9833 
1280 9609 1045.8772179222 0.9833 
1285 9654 1045.8772179222 0.9833 
1290 9697 1045.8772179222 0.9833 
1295 9738 1045.8772179222 0.9833 
1300 9784 1045.8772179222 0.9833 
1305 9830 1045.8772179222 0.9833 
1310 9871 1045.8772179222 0.9833 
1315 9918 1045.8772179222 0.9833 
1320 9965 1045.8772179222 0.9833 
1325 10005 1045.8772179222 0.9833 
1330 10042 1045.8772179222 0.9833 
1335 10080 1045.8772179222 0.9833 
1340 10119 1045.8772179222 0.9833 
1345 10156 1045.8772179222 0.9833 
1350 10195 1045.8772179222 0.9833 
1355 10232 1045.8772179222 0.9833 
1360 10275 1045.8772179222 0.9833 
1365 10316 1045.8772179222 0.9833 
1370 10355 1045.8772179222 0.9833 
1375 10395 1045.8772179222 0.9833 
1380 10430 1045.8772179222 0.9833 
1385 10468 1045.8772179222 0.9833 
1390 10509 1045.8772179222 0.9833 
1395 10546 1045.8772179222 0.9833 
1400 10585 1045.8772179222 0.9833 
1405 10624 1045.8772179222 0.9833 
1410 10664 1045.8772179222 0.9833 
1415 10702 1045.8772179222 0.9833 
1420 10743 1045.8772179222 0.9833 
1425 10782 1045.8772179222 0.9833 
1430 10820 1045.8772179222 0.9833 
1435 10861 1045.8772179222 0.9833 
1440 10900 1045.8772179222 0.9833 
1445 10940 1045.8772179222 0.9833 
1450 10978 1045.8772179222 0.9833 
1455 11013 1045.8772179222 0.9833 
1460 11047 1045.8772179222 0.9833 
1465 11086 1045.8772179222 0.9833 
1470 11126 1045.8772179222 0.9833 
1475 11161 1045.8772179222 0.9833 
1480 11198 1045.8772179222 0.9833 
1485 11235 1045.8772179222 0.9833 
1490 11275 1045.8772179222 0.9833 
1495 11314 1045.8772179222 0.9833 
1500 11350 1045.8772179222 0.9833 
