0 0 2024.9162746952 0.0000 
15 1 2024.9162746952 0.0000 
25 2 2024.9162746952 0.0000 
40 3 2024.9162746952 0.0000 
55 4 1944.4210983583 0.6642 
70 5 1944.4210983583 0.6642 
80 6 1830.6462999142 0.7055 
95 7 1705.7470631773 0.7571 
110 8 1679.3854970789 0.7690 
125 9 1662.2642950969 0.7769 
135 10 1635.2293663910 0.7898 
150 11 1632.3678763830 0.7912 
165 12 1582.0869360302 0.8163 
175 13 1582.0869360302 0.8163 
190 14 1560.3993183491 0.8276 
200 15 1547.2625703042 0.8347 
215 16 1547.2625703042 0.8347 
225 17 1547.2625703042 0.8347 
240 18 1531.3233433953 0.8434 
250 19 1531.3233433953 0.8434 
265 20 1525.1922706511 0.8467 
275 21 1518.5858083696 0.8504 
285 22 1518.5566844930 0.8504 
300 23 1512.2031962125 0.8540 
310 24 1509.4645669188 0.8556 
320 25 1509.4645669188 0.8556 
330 26 1492.1251985617 0.8655 
345 27 1492.1251985617 0.8655 
355 28 1487.1719156781 0.8684 
365 29 1487.1719156781 0.8684 
375 30 1487.1719156781 0.8684 
385 31 1486.3487971462 0.8689 
395 32 1486.3487971462 0.8689 
405 33 1477.4592726813 0.8741 
415 34 1477.4592726813 0.8741 
425 35 1460.5157471921 0.8842 
435 36 1460.5157471921 0.8842 
445 37 1460.5157471921 0.8842 
455 38 1460.5157471921 0.8842 
465 39 1460.5157471921 0.8842 
470 40 1460.5157471921 0.8842 
480 41 1459.0658891649 0.8851 
490 42 1459.0658891649 0.8851 
500 43 1459.0658891649 0.8851 
505 44 1459.0658891649 0.8851 
515 45 1457.6442568207 0.8860 
520 46 1456.5899032427 0.8866 
530 47 1454.9045086613 0.8877 
540 48 1450.1627561502 0.8906 
545 49 1445.8217870873 0.8932 
555 50 1441.2572403463 0.8961 
560 51 1440.1918268383 0.8967 
570 52 1440.0403654974 0.8968 
575 53 1439.1770850976 0.8974 
585 54 1431.0010631461 0.9025 
590 55 1431.0010631461 0.9025 
595 56 1431.0010631461 0.9025 
605 57 1431.0010631461 0.9025 
610 58 1431.0010631461 0.9025 
615 59 1431.0010631461 0.9025 
620 60 1426.6725958530 0.9052 
625 61 1426.6725958530 0.9052 
635 62 1426.6725958530 0.9052 
640 63 1426.6335350488 0.9052 
645 64 1425.7614189291 0.9058 
650 65 1425.7614189291 0.9058 
655 66 1425.7614189291 0.9058 
660 67 1425.7614189291 0.9058 
665 68 1425.2589422468 0.9061 
670 69 1424.1917862263 0.9068 
675 70 1424.1917862263 0.9068 
680 71 1423.4437277426 0.9073 
685 72 1423.2786012047 0.9074 
690 74 1423.2786012047 0.9074 
695 75 1420.4362514912 0.9092 
700 76 1420.4362514912 0.9092 
705 78 1420.4362514912 0.9092 
710 79 1420.4362514912 0.9092 
715 81 1419.9028398732 0.9095 
720 82 1419.9028398732 0.9095 
725 84 1419.9028398732 0.9095 
730 86 1419.9028398732 0.9095 
735 89 1419.9028398732 0.9095 
740 92 1419.5328041770 0.9098 
745 97 1409.6970219895 0.9161 
750 128 1396.5623037175 0.9247 
755 163 1387.8430129345 0.9305 
760 197 1385.2043758484 0.9323 
765 233 1384.0248213786 0.9331 
770 266 1383.3699757485 0.9336 
775 300 1382.3813826575 0.9342 
780 335 1378.5248098629 0.9368 
785 369 1371.3600555660 0.9417 
790 403 1371.3600555660 0.9417 
795 436 1371.3600555660 0.9417 
800 470 1371.0752398619 0.9419 
805 503 1370.4958214314 0.9423 
810 538 1370.4604177036 0.9423 
815 572 1370.2563708281 0.9425 
820 606 1369.1978335178 0.9432 
825 640 1369.1978335178 0.9432 
830 673 1364.7385698055 0.9463 
835 708 1362.5922073086 0.9478 
840 741 1361.1240332507 0.9488 
845 775 1361.1240332507 0.9488 
850 807 1360.1418662015 0.9495 
855 841 1359.5813299320 0.9499 
860 874 1359.5813299320 0.9499 
865 909 1355.1724265122 0.9530 
870 942 1355.1724265122 0.9530 
875 976 1355.1724265122 0.9530 
880 1009 1355.1724265122 0.9530 
885 1044 1355.1724265122 0.9530 
890 1077 1355.1724265122 0.9530 
895 1110 1355.1724265122 0.9530 
900 1145 1355.1724265122 0.9530 
905 1179 1355.1724265122 0.9530 
910 1213 1355.1724265122 0.9530 
915 1246 1355.1724265122 0.9530 
920 1279 1355.1724265122 0.9530 
925 1311 1355.1724265122 0.9530 
930 1344 1355.1724265122 0.9530 
935 1378 1355.1724265122 0.9530 
940 1411 1355.1724265122 0.9530 
945 1445 1353.6045212109 0.9541 
950 1478 1353.3519297132 0.9543 
955 1511 1353.3449509763 0.9543 
960 1544 1353.2790349174 0.9543 
965 1578 1353.2790349174 0.9543 
970 1611 1353.2790349174 0.9543 
975 1643 1353.2790349174 0.9543 
980 1679 1353.2790349174 0.9543 
985 1713 1353.2790349174 0.9543 
990 1746 1353.2790349174 0.9543 
995 1780 1351.4537031004 0.9556 
1000 1812 1351.4537031004 0.9556 
1005 1847 1350.8392667690 0.9560 
1010 1882 1350.8392667690 0.9560 
1015 1916 1350.8392667690 0.9560 
1020 1951 1350.8392667690 0.9560 
1025 1984 1350.8392667690 0.9560 
1030 2019 1347.0789231993 0.9587 
1035 2054 1347.0789231993 0.9587 
1040 2087 1347.0789231993 0.9587 
1045 2121 1347.0789231993 0.9587 
1050 2154 1347.0789231993 0.9587 
1055 2188 1347.0789231993 0.9587 
1060 2222 1347.0789231993 0.9587 
1065 2257 1347.0789231993 0.9587 
1070 2291 1347.0789231993 0.9587 
1075 2325 1347.0789231993 0.9587 
1080 2358 1347.0789231993 0.9587 
1085 2392 1347.0789231993 0.9587 
1090 2425 1347.0789231993 0.9587 
1095 2460 1347.0789231993 0.9587 
1100 2493 1347.0789231993 0.9587 
1105 2526 1346.5696025671 0.9591 
1110 2561 1346.5696025671 0.9591 
1115 2595 1346.5696025671 0.9591 
1120 2630 1346.5696025671 0.9591 
1125 2663 1346.5696025671 0.9591 
1130 2698 1346.5696025671 0.9591 
1135 2731 1346.5696025671 0.9591 
1140 2766 1346.5696025671 0.9591 
1145 2799 1346.5696025671 0.9591 
1150 2833 1346.5696025671 0.9591 
1155 2867 1346.5696025671 0.9591 
1160 2901 1346.5696025671 0.9591 
1165 2935 1346.5696025671 0.9591 
1170 2969 1346.5696025671 0.9591 
1175 3003 1346.5696025671 0.9591 
1180 3036 1346.5696025671 0.9591 
1185 3070 1346.5696025671 0.9591 
1190 3104 1346.5696025671 0.9591 
1195 3139 1346.5696025671 0.9591 
1200 3171 1346.5696025671 0.9591 
1205 3204 1346.5696025671 0.9591 
1210 3237 1346.5696025671 0.9591 
1215 3269 1346.5696025671 0.9591 
1220 3305 1346.5696025671 0.9591 
1225 3338 1346.5696025671 0.9591 
1230 3372 1346.5696025671 0.9591 
1235 3405 1346.5696025671 0.9591 
1240 3438 1346.5696025671 0.9591 
1245 3472 1346.5696025671 0.9591 
1250 3506 1346.5696025671 0.9591 
1255 3535 1346.5696025671 0.9591 
1260 3565 1346.5696025671 0.9591 
1265 3596 1346.5696025671 0.9591 
1270 3626 1346.5696025671 0.9591 
1275 3655 1346.5696025671 0.9591 
1280 3684 1346.5696025671 0.9591 
1285 3715 1346.5696025671 0.9591 
1290 3747 1346.5696025671 0.9591 
1295 3778 1346.5696025671 0.9591 
1300 3808 1346.5696025671 0.9591 
1305 3838 1346.5696025671 0.9591 
1310 3868 1346.5696025671 0.9591 
1315 3898 1346.5696025671 0.9591 
1320 3928 1346.5696025671 0.9591 
1325 3959 1346.5696025671 0.9591 
1330 3990 1346.5696025671 0.9591 
1335 4020 1346.5696025671 0.9591 
1340 4048 1346.5696025671 0.9591 
1345 4080 1346.5696025671 0.9591 
1350 4109 1346.5696025671 0.9591 
1355 4139 1346.5696025671 0.9591 
1360 4169 1346.5696025671 0.9591 
1365 4199 1346.5696025671 0.9591 
1370 4232 1346.5696025671 0.9591 
1375 4261 1346.5696025671 0.9591 
1380 4293 1346.5696025671 0.9591 
1385 4325 1346.0452425439 0.9594 
1390 4360 1346.0452425439 0.9594 
1395 4392 1346.0452425439 0.9594 
1400 4425 1346.0452425439 0.9594 
1405 4459 1346.0452425439 0.9594 
1410 4493 1346.0452425439 0.9594 
1415 4526 1346.0452425439 0.9594 
1420 4560 1346.0452425439 0.9594 
1425 4595 1346.0452425439 0.9594 
1430 4631 1345.9413902168 0.9595 
1435 4666 1345.9413902168 0.9595 
1440 4699 1345.9413902168 0.9595 
1445 4733 1345.9413902168 0.9595 
1450 4767 1345.9413902168 0.9595 
1455 4801 1345.9413902168 0.9595 
1460 4835 1345.9413902168 0.9595 
1465 4868 1345.9413902168 0.9595 
1470 4901 1345.9413902168 0.9595 
1475 4935 1345.9413902168 0.9595 
1480 4968 1345.9413902168 0.9595 
1485 5003 1345.9413902168 0.9595 
1490 5035 1345.9413902168 0.9595 
1495 5068 1345.9413902168 0.9595 
1500 5102 1345.9413902168 0.9595 
