0 0 804.8699256412 0.0000 
5 10 571.5449139878 0.9718 
10 20 560.8867372088 0.9903 
15 30 560.2436976641 0.9914 
20 41 558.9902011313 0.9936 
25 53 558.9902011313 0.9936 
30 69 558.2852409203 0.9949 
35 288 555.4302364991 1.0000 
40 1066 555.4302364991 1.0000 
45 1718 555.4302364991 1.0000 
50 2276 555.4302364991 1.0000 
55 2855 555.4302364991 1.0000 
60 3391 555.4302364991 1.0000 
65 3914 555.4302364991 1.0000 
70 4401 555.4302364991 1.0000 
75 4898 555.4302364991 1.0000 
80 5341 555.4302364991 1.0000 
85 5770 555.4302364991 1.0000 
90 6195 555.4302364991 1.0000 
95 6583 555.4302364991 1.0000 
100 6987 555.4302364991 1.0000 
105 7369 555.4302364991 1.0000 
110 7755 555.4302364991 1.0000 
115 8147 555.4302364991 1.0000 
120 8522 555.4302364991 1.0000 
125 8878 555.4302364991 1.0000 
130 9223 555.4302364991 1.0000 
135 9553 555.4302364991 1.0000 
140 9897 555.4302364991 1.0000 
145 10228 555.4302364991 1.0000 
150 10546 555.4302364991 1.0000 
155 10848 555.4302364991 1.0000 
160 11157 555.4302364991 1.0000 
165 11466 555.4302364991 1.0000 
170 11768 555.4302364991 1.0000 
175 12066 555.4302364991 1.0000 
180 12352 555.4302364991 1.0000 
185 12645 555.4302364991 1.0000 
190 12944 555.4302364991 1.0000 
195 13213 555.4302364991 1.0000 
200 13491 555.4302364991 1.0000 
205 13743 555.4302364991 1.0000 
210 14013 555.4302364991 1.0000 
215 14284 555.4302364991 1.0000 
220 14536 555.4302364991 1.0000 
225 14793 555.4302364991 1.0000 
230 15056 555.4302364991 1.0000 
235 15323 555.4302364991 1.0000 
240 15580 555.4302364991 1.0000 
245 15822 555.4302364991 1.0000 
250 16069 555.4302364991 1.0000 
255 16290 555.4302364991 1.0000 
260 16519 555.4302364991 1.0000 
265 16769 555.4302364991 1.0000 
270 17000 555.4302364991 1.0000 
275 17234 555.4302364991 1.0000 
280 17444 555.4302364991 1.0000 
285 17675 555.4302364991 1.0000 
290 17884 555.4302364991 1.0000 
295 18110 555.4302364991 1.0000 
300 18336 555.4302364991 1.0000 
305 18554 555.4302364991 1.0000 
310 18771 555.4302364991 1.0000 
315 18996 555.4302364991 1.0000 
320 19198 555.4302364991 1.0000 
325 19403 555.4302364991 1.0000 
330 19619 555.4302364991 1.0000 
335 19819 555.4302364991 1.0000 
340 20031 555.4302364991 1.0000 
345 20242 555.4302364991 1.0000 
350 20434 555.4302364991 1.0000 
355 20636 555.4302364991 1.0000 
360 20830 555.4302364991 1.0000 
365 21042 555.4302364991 1.0000 
370 21235 555.4302364991 1.0000 
375 21432 555.4302364991 1.0000 
380 21630 555.4302364991 1.0000 
385 21819 555.4302364991 1.0000 
390 22002 555.4302364991 1.0000 
395 22183 555.4302364991 1.0000 
400 22362 555.4302364991 1.0000 
405 22550 555.4302364991 1.0000 
410 22715 555.4302364991 1.0000 
415 22912 555.4302364991 1.0000 
420 23095 555.4302364991 1.0000 
425 23278 555.4302364991 1.0000 
430 23464 555.4302364991 1.0000 
435 23642 555.4302364991 1.0000 
440 23811 555.4302364991 1.0000 
445 23993 555.4302364991 1.0000 
450 24165 555.4302364991 1.0000 
455 24348 555.4302364991 1.0000 
460 24520 555.4302364991 1.0000 
465 24687 555.4302364991 1.0000 
470 24850 555.4302364991 1.0000 
475 25021 555.4302364991 1.0000 
480 25193 555.4302364991 1.0000 
485 25366 555.4302364991 1.0000 
490 25543 555.4302364991 1.0000 
495 25707 555.4302364991 1.0000 
500 25892 555.4302364991 1.0000 
505 26062 555.4302364991 1.0000 
510 26235 555.4302364991 1.0000 
515 26395 555.4302364991 1.0000 
520 26548 555.4302364991 1.0000 
525 26720 555.4302364991 1.0000 
530 26888 555.4302364991 1.0000 
535 27061 555.4302364991 1.0000 
540 27228 555.4302364991 1.0000 
545 27388 555.4302364991 1.0000 
550 27554 555.4302364991 1.0000 
555 27720 555.4302364991 1.0000 
560 27871 555.4302364991 1.0000 
565 28021 555.4302364991 1.0000 
570 28178 555.4302364991 1.0000 
575 28342 555.4302364991 1.0000 
580 28505 555.4302364991 1.0000 
585 28665 555.4302364991 1.0000 
590 28835 555.4302364991 1.0000 
595 29002 555.4302364991 1.0000 
600 29164 555.4302364991 1.0000 
605 29339 555.4302364991 1.0000 
610 29504 555.4302364991 1.0000 
615 29649 555.4302364991 1.0000 
620 29803 555.4302364991 1.0000 
625 29955 555.4302364991 1.0000 
630 30116 555.4302364991 1.0000 
635 30266 555.4302364991 1.0000 
640 30409 555.4302364991 1.0000 
645 30542 555.4302364991 1.0000 
650 30686 555.4302364991 1.0000 
655 30835 555.4302364991 1.0000 
660 30967 555.4302364991 1.0000 
665 31124 555.4302364991 1.0000 
670 31282 555.4302364991 1.0000 
675 31429 555.4302364991 1.0000 
680 31571 555.4302364991 1.0000 
685 31707 555.4302364991 1.0000 
690 31855 555.4302364991 1.0000 
695 31998 555.4302364991 1.0000 
700 32145 555.4302364991 1.0000 
705 32273 555.4302364991 1.0000 
710 32412 555.4302364991 1.0000 
715 32557 555.4302364991 1.0000 
720 32692 555.4302364991 1.0000 
725 32848 555.4302364991 1.0000 
730 32989 555.4302364991 1.0000 
735 33135 555.4302364991 1.0000 
740 33271 555.4302364991 1.0000 
745 33413 555.4302364991 1.0000 
750 33565 555.4302364991 1.0000 
755 33708 555.4302364991 1.0000 
760 33843 555.4302364991 1.0000 
765 33976 555.4302364991 1.0000 
770 34120 555.4302364991 1.0000 
775 34255 555.4302364991 1.0000 
780 34390 555.4302364991 1.0000 
785 34515 555.4302364991 1.0000 
790 34637 555.4302364991 1.0000 
795 34765 555.4302364991 1.0000 
800 34905 555.4302364991 1.0000 
805 35052 555.4302364991 1.0000 
810 35170 555.4302364991 1.0000 
815 35311 555.4302364991 1.0000 
820 35439 555.4302364991 1.0000 
825 35566 555.4302364991 1.0000 
830 35707 555.4302364991 1.0000 
835 35847 555.4302364991 1.0000 
840 35986 555.4302364991 1.0000 
845 36110 555.4302364991 1.0000 
850 36245 555.4302364991 1.0000 
855 36376 555.4302364991 1.0000 
860 36497 555.4302364991 1.0000 
865 36622 555.4302364991 1.0000 
870 36750 555.4302364991 1.0000 
875 36875 555.4302364991 1.0000 
880 36998 555.4302364991 1.0000 
885 37122 555.4302364991 1.0000 
890 37251 555.4302364991 1.0000 
895 37390 555.4302364991 1.0000 
900 37519 555.4302364991 1.0000 
905 37648 555.4302364991 1.0000 
910 37771 555.4302364991 1.0000 
915 37896 555.4302364991 1.0000 
920 38036 555.4302364991 1.0000 
925 38150 555.4302364991 1.0000 
930 38262 555.4302364991 1.0000 
935 38389 555.4302364991 1.0000 
940 38523 555.4302364991 1.0000 
945 38651 555.4302364991 1.0000 
950 38779 555.4302364991 1.0000 
955 38907 555.4302364991 1.0000 
960 39059 555.4302364991 1.0000 
965 39182 555.4302364991 1.0000 
970 39305 555.4302364991 1.0000 
975 39431 555.4302364991 1.0000 
980 39569 555.4302364991 1.0000 
985 39697 555.4302364991 1.0000 
990 39807 555.4302364991 1.0000 
995 39933 555.4302364991 1.0000 
1000 40053 555.4302364991 1.0000 
1005 40174 555.4302364991 1.0000 
1010 40295 555.4302364991 1.0000 
1015 40415 555.4302364991 1.0000 
1020 40545 555.4302364991 1.0000 
1025 40676 555.4302364991 1.0000 
1030 40810 555.4302364991 1.0000 
1035 40940 555.4302364991 1.0000 
1040 41040 555.4302364991 1.0000 
1045 41154 555.4302364991 1.0000 
1050 41262 555.4302364991 1.0000 
1055 41371 555.4302364991 1.0000 
1060 41491 555.4302364991 1.0000 
1065 41612 555.4302364991 1.0000 
1070 41718 555.4302364991 1.0000 
1075 41854 555.4302364991 1.0000 
1080 41970 555.4302364991 1.0000 
1085 42084 555.4302364991 1.0000 
1090 42194 555.4302364991 1.0000 
1095 42308 555.4302364991 1.0000 
1100 42430 555.4302364991 1.0000 
1105 42549 555.4302364991 1.0000 
1110 42653 555.4302364991 1.0000 
1115 42768 555.4302364991 1.0000 
1120 42886 555.4302364991 1.0000 
1125 42996 555.4302364991 1.0000 
1130 43111 555.4302364991 1.0000 
1135 43220 555.4302364991 1.0000 
1140 43340 555.4302364991 1.0000 
1145 43455 555.4302364991 1.0000 
1150 43561 555.4302364991 1.0000 
1155 43669 555.4302364991 1.0000 
1160 43771 555.4302364991 1.0000 
1165 43881 555.4302364991 1.0000 
1170 43988 555.4302364991 1.0000 
1175 44106 555.4302364991 1.0000 
1180 44214 555.4302364991 1.0000 
1185 44320 555.4302364991 1.0000 
1190 44436 555.4302364991 1.0000 
1195 44549 555.4302364991 1.0000 
1200 44664 555.4302364991 1.0000 
1205 44786 555.4302364991 1.0000 
1210 44890 555.4302364991 1.0000 
1215 44998 555.4302364991 1.0000 
1220 45113 555.4302364991 1.0000 
1225 45218 555.4302364991 1.0000 
1230 45336 555.4302364991 1.0000 
1235 45458 555.4302364991 1.0000 
1240 45559 555.4302364991 1.0000 
1245 45669 555.4302364991 1.0000 
1250 45770 555.4302364991 1.0000 
1255 45866 555.4302364991 1.0000 
1260 45978 555.4302364991 1.0000 
1265 46078 555.4302364991 1.0000 
1270 46183 555.4302364991 1.0000 
1275 46280 555.4302364991 1.0000 
1280 46385 555.4302364991 1.0000 
1285 46496 555.4302364991 1.0000 
1290 46596 555.4302364991 1.0000 
1295 46697 555.4302364991 1.0000 
1300 46804 555.4302364991 1.0000 
1305 46904 555.4302364991 1.0000 
1310 47013 555.4302364991 1.0000 
1315 47112 555.4302364991 1.0000 
1320 47218 555.4302364991 1.0000 
1325 47342 555.4302364991 1.0000 
1330 47439 555.4302364991 1.0000 
1335 47552 555.4302364991 1.0000 
1340 47659 555.4302364991 1.0000 
1345 47755 555.4302364991 1.0000 
1350 47858 555.4302364991 1.0000 
1355 47970 555.4302364991 1.0000 
1360 48074 555.4302364991 1.0000 
1365 48186 555.4302364991 1.0000 
1370 48283 555.4302364991 1.0000 
1375 48375 555.4302364991 1.0000 
1380 48477 555.4302364991 1.0000 
1385 48586 555.4302364991 1.0000 
1390 48703 555.4302364991 1.0000 
1395 48800 555.4302364991 1.0000 
1400 48898 555.4302364991 1.0000 
1405 48997 555.4302364991 1.0000 
1410 49095 555.4302364991 1.0000 
1415 49198 555.4302364991 1.0000 
1420 49312 555.4302364991 1.0000 
1425 49411 555.4302364991 1.0000 
1430 49512 555.4302364991 1.0000 
1435 49622 555.4302364991 1.0000 
1440 49716 555.4302364991 1.0000 
1445 49817 555.4302364991 1.0000 
1450 49917 555.4302364991 1.0000 
1455 50030 555.4302364991 1.0000 
1460 50122 555.4302364991 1.0000 
1465 50220 555.4302364991 1.0000 
1470 50324 555.4302364991 1.0000 
1475 50413 555.4302364991 1.0000 
1480 50523 555.4302364991 1.0000 
1485 50620 555.4302364991 1.0000 
1490 50720 555.4302364991 1.0000 
1495 50832 555.4302364991 1.0000 
1500 50946 555.4302364991 1.0000 
