0 0 1162.7313859105 0.0000 
5 4 1162.7313859105 0.0000 
10 9 1162.7313859105 0.0000 
15 13 1162.7313859105 0.0000 
20 18 1162.7313859105 0.0000 
25 23 1162.7313859105 0.0000 
30 28 1162.7313859105 0.0000 
35 33 1162.7313859105 0.0000 
40 40 1162.7313859105 0.0000 
45 46 1162.7313859105 0.0000 
50 54 928.0422094039 0.9802 
55 63 925.9738184127 0.9824 
60 75 919.6934233351 0.9891 
65 151 919.4598490881 0.9894 
70 527 916.9163443734 0.9921 
75 900 916.9163443734 0.9921 
80 1261 916.9163443734 0.9921 
85 1571 916.9163443734 0.9921 
90 1881 916.9163443734 0.9921 
95 2194 916.9163443734 0.9921 
100 2474 916.9163443734 0.9921 
105 2758 916.9163443734 0.9921 
110 3030 916.9163443734 0.9921 
115 3306 916.9163443734 0.9921 
120 3553 916.9163443734 0.9921 
125 3803 916.9163443734 0.9921 
130 4049 916.9163443734 0.9921 
135 4341 915.0745512394 0.9941 
140 4719 915.0745512394 0.9941 
145 5100 915.0745512394 0.9941 
150 5434 915.0745512394 0.9941 
155 5753 915.0745512394 0.9941 
160 6072 915.0745512394 0.9941 
165 6379 915.0745512394 0.9941 
170 6724 915.0745512394 0.9941 
175 7103 914.3821854338 0.9949 
180 7481 914.1321107105 0.9951 
185 7857 914.1321107105 0.9951 
190 8235 914.1321107105 0.9951 
195 8583 914.1321107105 0.9951 
200 8908 914.1321107105 0.9951 
205 9226 914.1321107105 0.9951 
210 9524 914.1321107105 0.9951 
215 9818 914.1321107105 0.9951 
220 10116 913.9506579809 0.9953 
225 10491 912.4747474015 0.9969 
230 10871 912.4747474015 0.9969 
235 11246 912.4747474015 0.9969 
240 11626 912.4747474015 0.9969 
245 12005 912.4747474015 0.9969 
250 12339 912.4747474015 0.9969 
255 12657 912.4747474015 0.9969 
260 12969 912.4747474015 0.9969 
265 13268 912.4747474015 0.9969 
270 13550 912.4747474015 0.9969 
275 13830 912.4747474015 0.9969 
280 14107 912.4747474015 0.9969 
285 14367 912.4747474015 0.9969 
290 14627 912.4747474015 0.9969 
295 14888 912.4747474015 0.9969 
300 15143 912.4747474015 0.9969 
305 15372 912.4747474015 0.9969 
310 15614 912.4747474015 0.9969 
315 15849 912.4747474015 0.9969 
320 16087 912.4747474015 0.9969 
325 16315 912.4747474015 0.9969 
330 16533 912.4747474015 0.9969 
335 16755 912.4747474015 0.9969 
340 16967 912.4747474015 0.9969 
345 17180 912.4747474015 0.9969 
350 17380 912.4747474015 0.9969 
355 17580 912.4747474015 0.9969 
360 17776 912.4747474015 0.9969 
365 17975 912.4747474015 0.9969 
370 18184 912.4747474015 0.9969 
375 18372 912.4747474015 0.9969 
380 18557 912.4747474015 0.9969 
385 18749 912.4747474015 0.9969 
390 18927 912.4747474015 0.9969 
395 19112 912.4747474015 0.9969 
400 19282 912.4747474015 0.9969 
405 19466 912.4747474015 0.9969 
410 19628 912.4747474015 0.9969 
415 19803 912.4747474015 0.9969 
420 19970 912.4747474015 0.9969 
425 20145 912.4747474015 0.9969 
430 20308 912.4747474015 0.9969 
435 20477 912.4747474015 0.9969 
440 20641 912.4747474015 0.9969 
445 20818 912.4747474015 0.9969 
450 20983 912.4747474015 0.9969 
455 21154 912.4747474015 0.9969 
460 21315 912.4747474015 0.9969 
465 21481 912.4747474015 0.9969 
470 21632 912.4747474015 0.9969 
475 21785 912.4747474015 0.9969 
480 21930 912.4747474015 0.9969 
485 22078 912.4747474015 0.9969 
490 22219 912.4747474015 0.9969 
495 22357 912.4747474015 0.9969 
500 22510 912.4747474015 0.9969 
505 22637 912.4747474015 0.9969 
510 22769 912.4747474015 0.9969 
515 22923 912.4747474015 0.9969 
520 23063 912.4747474015 0.9969 
525 23197 912.4747474015 0.9969 
530 23339 912.4747474015 0.9969 
535 23476 912.4747474015 0.9969 
540 23624 912.4747474015 0.9969 
545 23750 912.4747474015 0.9969 
550 23879 912.4747474015 0.9969 
555 24017 912.4747474015 0.9969 
560 24154 912.4747474015 0.9969 
565 24291 912.4747474015 0.9969 
570 24436 912.4747474015 0.9969 
575 24571 912.4747474015 0.9969 
580 24698 912.4747474015 0.9969 
585 24829 912.4747474015 0.9969 
590 24965 912.4747474015 0.9969 
595 25089 912.4747474015 0.9969 
600 25216 912.4747474015 0.9969 
605 25336 912.4747474015 0.9969 
610 25471 912.4747474015 0.9969 
615 25599 912.4747474015 0.9969 
620 25721 912.4747474015 0.9969 
625 25840 912.4747474015 0.9969 
630 25965 912.4747474015 0.9969 
635 26095 912.4747474015 0.9969 
640 26220 912.4747474015 0.9969 
645 26341 912.4747474015 0.9969 
650 26461 912.4747474015 0.9969 
655 26581 912.4747474015 0.9969 
660 26688 912.4747474015 0.9969 
665 26796 912.4747474015 0.9969 
670 26910 912.4747474015 0.9969 
675 27032 912.4747474015 0.9969 
680 27141 912.4747474015 0.9969 
685 27258 912.4747474015 0.9969 
690 27360 912.4747474015 0.9969 
695 27473 912.4747474015 0.9969 
700 27585 912.4747474015 0.9969 
705 27690 912.4747474015 0.9969 
710 27811 912.4747474015 0.9969 
715 27923 912.4747474015 0.9969 
720 28043 912.4747474015 0.9969 
725 28143 912.4747474015 0.9969 
730 28265 912.4747474015 0.9969 
735 28369 912.4747474015 0.9969 
740 28485 912.4747474015 0.9969 
745 28584 912.4747474015 0.9969 
750 28694 912.4747474015 0.9969 
755 28807 912.4747474015 0.9969 
760 28919 912.4747474015 0.9969 
765 29022 912.4747474015 0.9969 
770 29136 912.4747474015 0.9969 
775 29240 912.4747474015 0.9969 
780 29355 912.4747474015 0.9969 
785 29459 912.4747474015 0.9969 
790 29557 912.4747474015 0.9969 
795 29658 912.4747474015 0.9969 
800 29768 912.4747474015 0.9969 
805 29879 912.4747474015 0.9969 
810 29970 912.4747474015 0.9969 
815 30059 912.4747474015 0.9969 
820 30164 912.4747474015 0.9969 
825 30262 912.4747474015 0.9969 
830 30358 912.4747474015 0.9969 
835 30454 912.4747474015 0.9969 
840 30555 912.4747474015 0.9969 
845 30663 912.4747474015 0.9969 
850 30762 912.4747474015 0.9969 
855 30871 912.4747474015 0.9969 
860 30954 912.4747474015 0.9969 
865 31064 912.4747474015 0.9969 
870 31160 912.4747474015 0.9969 
875 31266 912.4747474015 0.9969 
880 31360 912.4747474015 0.9969 
885 31458 912.4747474015 0.9969 
890 31545 912.4747474015 0.9969 
895 31644 912.4747474015 0.9969 
900 31754 912.4747474015 0.9969 
905 31851 912.4747474015 0.9969 
910 31932 912.4747474015 0.9969 
915 32031 912.4747474015 0.9969 
920 32140 912.4747474015 0.9969 
925 32232 912.4747474015 0.9969 
930 32335 912.4747474015 0.9969 
935 32420 912.4747474015 0.9969 
940 32527 912.4747474015 0.9969 
945 32616 912.4747474015 0.9969 
950 32710 912.4747474015 0.9969 
955 32809 912.4747474015 0.9969 
960 32923 912.4747474015 0.9969 
965 33022 912.4747474015 0.9969 
970 33122 912.4747474015 0.9969 
975 33210 912.4747474015 0.9969 
980 33302 912.4747474015 0.9969 
985 33404 912.4747474015 0.9969 
990 33504 912.4747474015 0.9969 
995 33598 912.4747474015 0.9969 
1000 33692 912.4747474015 0.9969 
1005 33789 912.4747474015 0.9969 
1010 33886 912.4747474015 0.9969 
1015 33966 912.4747474015 0.9969 
1020 34063 912.4747474015 0.9969 
1025 34178 912.4747474015 0.9969 
1030 34257 912.4747474015 0.9969 
1035 34368 912.4747474015 0.9969 
1040 34458 912.4747474015 0.9969 
1045 34538 912.4747474015 0.9969 
1050 34625 912.4747474015 0.9969 
1055 34718 912.4747474015 0.9969 
1060 34794 912.4747474015 0.9969 
1065 34891 912.4747474015 0.9969 
1070 34987 912.4747474015 0.9969 
1075 35072 912.4747474015 0.9969 
1080 35155 912.4747474015 0.9969 
1085 35235 912.4747474015 0.9969 
1090 35311 912.4747474015 0.9969 
1095 35398 912.4747474015 0.9969 
1100 35474 912.4747474015 0.9969 
1105 35560 912.4747474015 0.9969 
1110 35651 912.4747474015 0.9969 
1115 35736 912.4747474015 0.9969 
1120 35816 912.4747474015 0.9969 
1125 35889 912.4747474015 0.9969 
1130 35972 912.4747474015 0.9969 
1135 36066 912.4747474015 0.9969 
1140 36170 912.4747474015 0.9969 
1145 36249 912.4747474015 0.9969 
1150 36333 912.4747474015 0.9969 
1155 36406 912.4747474015 0.9969 
1160 36504 912.4747474015 0.9969 
1165 36588 912.4747474015 0.9969 
1170 36666 912.4747474015 0.9969 
1175 36741 912.4747474015 0.9969 
1180 36834 912.4747474015 0.9969 
1185 36909 912.4747474015 0.9969 
1190 36997 912.4747474015 0.9969 
1195 37082 912.4747474015 0.9969 
1200 37182 912.4747474015 0.9969 
1205 37262 912.4747474015 0.9969 
1210 37339 912.4747474015 0.9969 
1215 37423 912.4747474015 0.9969 
1220 37510 912.4747474015 0.9969 
1225 37599 912.4747474015 0.9969 
1230 37679 912.4747474015 0.9969 
1235 37760 912.4747474015 0.9969 
1240 37836 912.4747474015 0.9969 
1245 37928 912.4747474015 0.9969 
1250 38013 912.4747474015 0.9969 
1255 38089 912.4747474015 0.9969 
1260 38168 912.4747474015 0.9969 
1265 38251 912.4747474015 0.9969 
1270 38328 912.4747474015 0.9969 
1275 38406 912.4747474015 0.9969 
1280 38477 912.4747474015 0.9969 
1285 38551 912.4747474015 0.9969 
1290 38635 912.4747474015 0.9969 
1295 38713 912.4747474015 0.9969 
1300 38792 912.4747474015 0.9969 
1305 38857 912.4747474015 0.9969 
1310 38939 912.4747474015 0.9969 
1315 39017 912.4747474015 0.9969 
1320 39092 912.4747474015 0.9969 
1325 39169 912.4747474015 0.9969 
1330 39233 912.4747474015 0.9969 
1335 39307 912.4747474015 0.9969 
1340 39395 912.4747474015 0.9969 
1345 39461 912.4747474015 0.9969 
1350 39524 912.4747474015 0.9969 
1355 39598 912.4747474015 0.9969 
1360 39674 912.4747474015 0.9969 
1365 39753 912.4747474015 0.9969 
1370 39836 912.4747474015 0.9969 
1375 39911 912.4747474015 0.9969 
1380 39998 912.4747474015 0.9969 
1385 40073 912.4747474015 0.9969 
1390 40148 912.4747474015 0.9969 
1395 40228 912.4747474015 0.9969 
1400 40310 912.4747474015 0.9969 
1405 40383 912.4747474015 0.9969 
1410 40462 912.4747474015 0.9969 
1415 40549 912.4747474015 0.9969 
1420 40616 912.4747474015 0.9969 
1425 40687 912.4747474015 0.9969 
1430 40765 912.4747474015 0.9969 
1435 40844 912.4747474015 0.9969 
1440 40920 912.4747474015 0.9969 
1445 41001 912.4747474015 0.9969 
1450 41083 912.4747474015 0.9969 
1455 41157 912.4747474015 0.9969 
1460 41231 912.4747474015 0.9969 
1465 41304 912.4747474015 0.9969 
1470 41383 912.4747474015 0.9969 
1475 41446 912.4747474015 0.9969 
1480 41514 912.4747474015 0.9969 
1485 41590 912.4747474015 0.9969 
1490 41671 912.4747474015 0.9969 
1495 41736 912.4747474015 0.9969 
1500 41794 912.4747474015 0.9969 
