0 0 1341.0869097225 0.0000 
5 2 1341.0869097225 0.0000 
10 4 1341.0869097225 0.0000 
15 6 1341.0869097225 0.0000 
20 8 1005.1565192605 0.8615 
25 10 987.0622300414 0.8773 
30 12 973.3460046737 0.8897 
35 14 953.3828558278 0.9083 
40 16 938.5618789115 0.9226 
45 19 906.4669283071 0.9553 
50 21 906.4669283071 0.9553 
55 23 900.1546798908 0.9620 
60 26 897.2896322521 0.9651 
65 28 897.2896322521 0.9651 
70 31 887.0336621132 0.9762 
75 34 884.5815377353 0.9789 
80 36 883.2197428255 0.9804 
85 39 882.5376485737 0.9812 
90 42 880.0336267015 0.9840 
95 45 880.0336267015 0.9840 
100 49 880.0336267015 0.9840 
105 52 880.0336267015 0.9840 
110 56 876.3830826097 0.9881 
115 60 876.3830826097 0.9881 
120 65 875.7667633915 0.9888 
125 70 875.7667633915 0.9888 
130 76 875.1832316464 0.9894 
135 84 873.4259392037 0.9914 
140 130 870.6344590453 0.9946 
145 292 870.6344590453 0.9946 
150 453 870.6344590453 0.9946 
155 617 865.9445056376 1.0000 
160 783 865.9445056376 1.0000 
165 946 865.9445056376 1.0000 
170 1111 865.9445056376 1.0000 
175 1272 865.9445056376 1.0000 
180 1439 865.9445056376 1.0000 
185 1605 865.9445056376 1.0000 
190 1734 865.9445056376 1.0000 
195 1865 865.9445056376 1.0000 
200 1994 865.9445056376 1.0000 
205 2125 865.9445056376 1.0000 
210 2259 865.9445056376 1.0000 
215 2385 865.9445056376 1.0000 
220 2514 865.9445056376 1.0000 
225 2642 865.9445056376 1.0000 
230 2759 865.9445056376 1.0000 
235 2878 865.9445056376 1.0000 
240 2996 865.9445056376 1.0000 
245 3110 865.9445056376 1.0000 
250 3220 865.9445056376 1.0000 
255 3337 865.9445056376 1.0000 
260 3452 865.9445056376 1.0000 
265 3566 865.9445056376 1.0000 
270 3671 865.9445056376 1.0000 
275 3776 865.9445056376 1.0000 
280 3879 865.9445056376 1.0000 
285 3984 865.9445056376 1.0000 
290 4089 865.9445056376 1.0000 
295 4193 865.9445056376 1.0000 
300 4295 865.9445056376 1.0000 
305 4396 865.9445056376 1.0000 
310 4498 865.9445056376 1.0000 
315 4602 865.9445056376 1.0000 
320 4693 865.9445056376 1.0000 
325 4796 865.9445056376 1.0000 
330 4890 865.9445056376 1.0000 
335 4990 865.9445056376 1.0000 
340 5082 865.9445056376 1.0000 
345 5176 865.9445056376 1.0000 
350 5273 865.9445056376 1.0000 
355 5367 865.9445056376 1.0000 
360 5462 865.9445056376 1.0000 
365 5554 865.9445056376 1.0000 
370 5643 865.9445056376 1.0000 
375 5729 865.9445056376 1.0000 
380 5815 865.9445056376 1.0000 
385 5901 865.9445056376 1.0000 
390 5990 865.9445056376 1.0000 
395 6076 865.9445056376 1.0000 
400 6163 865.9445056376 1.0000 
405 6245 865.9445056376 1.0000 
410 6323 865.9445056376 1.0000 
415 6412 865.9445056376 1.0000 
420 6500 865.9445056376 1.0000 
425 6589 865.9445056376 1.0000 
430 6673 865.9445056376 1.0000 
435 6751 865.9445056376 1.0000 
440 6833 865.9445056376 1.0000 
445 6910 865.9445056376 1.0000 
450 6994 865.9445056376 1.0000 
455 7070 865.9445056376 1.0000 
460 7148 865.9445056376 1.0000 
465 7232 865.9445056376 1.0000 
470 7317 865.9445056376 1.0000 
475 7395 865.9445056376 1.0000 
480 7468 865.9445056376 1.0000 
485 7544 865.9445056376 1.0000 
490 7623 865.9445056376 1.0000 
495 7701 865.9445056376 1.0000 
500 7773 865.9445056376 1.0000 
505 7846 865.9445056376 1.0000 
510 7928 865.9445056376 1.0000 
515 8000 865.9445056376 1.0000 
520 8072 865.9445056376 1.0000 
525 8144 865.9445056376 1.0000 
530 8216 865.9445056376 1.0000 
535 8296 865.9445056376 1.0000 
540 8365 865.9445056376 1.0000 
545 8440 865.9445056376 1.0000 
550 8518 865.9445056376 1.0000 
555 8593 865.9445056376 1.0000 
560 8663 865.9445056376 1.0000 
565 8732 865.9445056376 1.0000 
570 8800 865.9445056376 1.0000 
575 8869 865.9445056376 1.0000 
580 8943 865.9445056376 1.0000 
585 9013 865.9445056376 1.0000 
590 9087 865.9445056376 1.0000 
595 9161 865.9445056376 1.0000 
600 9230 865.9445056376 1.0000 
605 9300 865.9445056376 1.0000 
610 9372 865.9445056376 1.0000 
615 9444 865.9445056376 1.0000 
620 9517 865.9445056376 1.0000 
625 9591 865.9445056376 1.0000 
630 9656 865.9445056376 1.0000 
635 9714 865.9445056376 1.0000 
640 9779 865.9445056376 1.0000 
645 9842 865.9445056376 1.0000 
650 9906 865.9445056376 1.0000 
655 9974 865.9445056376 1.0000 
660 10041 865.9445056376 1.0000 
665 10112 865.9445056376 1.0000 
670 10179 865.9445056376 1.0000 
675 10238 865.9445056376 1.0000 
680 10304 865.9445056376 1.0000 
685 10363 865.9445056376 1.0000 
690 10430 865.9445056376 1.0000 
695 10499 865.9445056376 1.0000 
700 10557 865.9445056376 1.0000 
705 10624 865.9445056376 1.0000 
710 10681 865.9445056376 1.0000 
715 10738 865.9445056376 1.0000 
720 10802 865.9445056376 1.0000 
725 10858 865.9445056376 1.0000 
730 10916 865.9445056376 1.0000 
735 10980 865.9445056376 1.0000 
740 11042 865.9445056376 1.0000 
745 11105 865.9445056376 1.0000 
750 11161 865.9445056376 1.0000 
755 11220 865.9445056376 1.0000 
760 11278 865.9445056376 1.0000 
765 11338 865.9445056376 1.0000 
770 11401 865.9445056376 1.0000 
775 11465 865.9445056376 1.0000 
780 11528 865.9445056376 1.0000 
785 11591 865.9445056376 1.0000 
790 11646 865.9445056376 1.0000 
795 11700 865.9445056376 1.0000 
800 11758 865.9445056376 1.0000 
805 11814 865.9445056376 1.0000 
810 11866 865.9445056376 1.0000 
815 11927 865.9445056376 1.0000 
820 11987 865.9445056376 1.0000 
825 12049 865.9445056376 1.0000 
830 12107 865.9445056376 1.0000 
835 12168 865.9445056376 1.0000 
840 12224 865.9445056376 1.0000 
845 12278 865.9445056376 1.0000 
850 12341 865.9445056376 1.0000 
855 12401 865.9445056376 1.0000 
860 12454 865.9445056376 1.0000 
865 12513 865.9445056376 1.0000 
870 12571 865.9445056376 1.0000 
875 12626 865.9445056376 1.0000 
880 12677 865.9445056376 1.0000 
885 12728 865.9445056376 1.0000 
890 12795 865.9445056376 1.0000 
895 12854 865.9445056376 1.0000 
900 12908 865.9445056376 1.0000 
905 12956 865.9445056376 1.0000 
910 13012 865.9445056376 1.0000 
915 13069 865.9445056376 1.0000 
920 13125 865.9445056376 1.0000 
925 13182 865.9445056376 1.0000 
930 13235 865.9445056376 1.0000 
935 13288 865.9445056376 1.0000 
940 13342 865.9445056376 1.0000 
945 13402 865.9445056376 1.0000 
950 13456 865.9445056376 1.0000 
955 13517 865.9445056376 1.0000 
960 13569 865.9445056376 1.0000 
965 13621 865.9445056376 1.0000 
970 13671 865.9445056376 1.0000 
975 13720 865.9445056376 1.0000 
980 13772 865.9445056376 1.0000 
985 13836 865.9445056376 1.0000 
990 13881 865.9445056376 1.0000 
995 13931 865.9445056376 1.0000 
1000 13981 865.9445056376 1.0000 
1005 14033 865.9445056376 1.0000 
1010 14079 865.9445056376 1.0000 
1015 14129 865.9445056376 1.0000 
1020 14187 865.9445056376 1.0000 
1025 14240 865.9445056376 1.0000 
1030 14286 865.9445056376 1.0000 
1035 14335 865.9445056376 1.0000 
1040 14387 865.9445056376 1.0000 
1045 14444 865.9445056376 1.0000 
1050 14495 865.9445056376 1.0000 
1055 14540 865.9445056376 1.0000 
1060 14597 865.9445056376 1.0000 
1065 14646 865.9445056376 1.0000 
1070 14696 865.9445056376 1.0000 
1075 14747 865.9445056376 1.0000 
1080 14799 865.9445056376 1.0000 
1085 14849 865.9445056376 1.0000 
1090 14902 865.9445056376 1.0000 
1095 14949 865.9445056376 1.0000 
1100 14996 865.9445056376 1.0000 
1105 15048 865.9445056376 1.0000 
1110 15096 865.9445056376 1.0000 
1115 15141 865.9445056376 1.0000 
1120 15184 865.9445056376 1.0000 
1125 15230 865.9445056376 1.0000 
1130 15286 865.9445056376 1.0000 
1135 15335 865.9445056376 1.0000 
1140 15387 865.9445056376 1.0000 
1145 15435 865.9445056376 1.0000 
1150 15486 865.9445056376 1.0000 
1155 15536 865.9445056376 1.0000 
1160 15586 865.9445056376 1.0000 
1165 15632 865.9445056376 1.0000 
1170 15681 865.9445056376 1.0000 
1175 15728 865.9445056376 1.0000 
1180 15776 865.9445056376 1.0000 
1185 15827 865.9445056376 1.0000 
1190 15879 865.9445056376 1.0000 
1195 15923 865.9445056376 1.0000 
1200 15971 865.9445056376 1.0000 
1205 16017 865.9445056376 1.0000 
1210 16065 865.9445056376 1.0000 
1215 16112 865.9445056376 1.0000 
1220 16163 865.9445056376 1.0000 
1225 16213 865.9445056376 1.0000 
1230 16261 865.9445056376 1.0000 
1235 16297 865.9445056376 1.0000 
1240 16348 865.9445056376 1.0000 
1245 16396 865.9445056376 1.0000 
1250 16439 865.9445056376 1.0000 
1255 16487 865.9445056376 1.0000 
1260 16532 865.9445056376 1.0000 
1265 16583 865.9445056376 1.0000 
1270 16633 865.9445056376 1.0000 
1275 16673 865.9445056376 1.0000 
1280 16722 865.9445056376 1.0000 
1285 16769 865.9445056376 1.0000 
1290 16819 865.9445056376 1.0000 
1295 16864 865.9445056376 1.0000 
1300 16910 865.9445056376 1.0000 
1305 16962 865.9445056376 1.0000 
1310 17000 865.9445056376 1.0000 
1315 17047 865.9445056376 1.0000 
1320 17092 865.9445056376 1.0000 
1325 17132 865.9445056376 1.0000 
1330 17183 865.9445056376 1.0000 
1335 17231 865.9445056376 1.0000 
1340 17275 865.9445056376 1.0000 
1345 17314 865.9445056376 1.0000 
1350 17363 865.9445056376 1.0000 
1355 17405 865.9445056376 1.0000 
1360 17453 865.9445056376 1.0000 
1365 17494 865.9445056376 1.0000 
1370 17535 865.9445056376 1.0000 
1375 17588 865.9445056376 1.0000 
1380 17634 865.9445056376 1.0000 
1385 17674 865.9445056376 1.0000 
1390 17717 865.9445056376 1.0000 
1395 17762 865.9445056376 1.0000 
1400 17807 865.9445056376 1.0000 
1405 17852 865.9445056376 1.0000 
1410 17898 865.9445056376 1.0000 
1415 17939 865.9445056376 1.0000 
1420 17988 865.9445056376 1.0000 
1425 18037 865.9445056376 1.0000 
1430 18078 865.9445056376 1.0000 
1435 18121 865.9445056376 1.0000 
1440 18155 865.9445056376 1.0000 
1445 18200 865.9445056376 1.0000 
1450 18237 865.9445056376 1.0000 
1455 18276 865.9445056376 1.0000 
1460 18318 865.9445056376 1.0000 
1465 18361 865.9445056376 1.0000 
1470 18408 865.9445056376 1.0000 
1475 18447 865.9445056376 1.0000 
1480 18489 865.9445056376 1.0000 
1485 18530 865.9445056376 1.0000 
1490 18571 865.9445056376 1.0000 
1495 18609 865.9445056376 1.0000 
1500 18649 865.9445056376 1.0000 
