0 0 1734.5070861484 0.0000 
5 1 1734.5070861484 0.0000 
10 2 1734.5070861484 0.0000 
20 3 1734.5070861484 0.0000 
25 4 1734.5070861484 0.0000 
30 5 1734.5070861484 0.0000 
40 6 1734.5070861484 0.0000 
45 7 1734.5070861484 0.0000 
55 8 1734.5070861484 0.0000 
60 9 1734.5070861484 0.0000 
65 10 1734.5070861484 0.0000 
70 11 1734.5070861484 0.0000 
80 12 1734.5070861484 0.0000 
85 13 1418.0796068512 0.8198 
90 14 1402.0632094143 0.8292 
95 15 1384.6674832229 0.8396 
105 16 1384.6674832229 0.8396 
110 17 1384.6674832229 0.8396 
115 18 1384.6674832229 0.8396 
120 19 1333.1913747147 0.8720 
125 20 1333.1913747147 0.8720 
135 21 1333.1913747147 0.8720 
140 22 1304.3088385063 0.8913 
145 23 1304.3088385063 0.8913 
150 24 1304.3088385063 0.8913 
155 25 1304.1471028619 0.8914 
160 26 1292.3336022538 0.8996 
165 27 1292.3336022538 0.8996 
170 28 1289.5335072535 0.9015 
175 29 1280.4565008233 0.9079 
180 30 1278.0606912944 0.9096 
185 31 1276.6099451697 0.9107 
190 32 1269.3654424000 0.9159 
195 33 1269.3654424000 0.9159 
200 34 1261.5156780795 0.9216 
205 35 1261.5156780795 0.9216 
210 36 1252.7517754211 0.9280 
215 37 1248.6524100185 0.9310 
220 38 1247.5336975113 0.9319 
225 39 1247.5336975113 0.9319 
230 40 1247.5336975113 0.9319 
235 42 1241.4989688393 0.9364 
240 43 1241.0876327226 0.9367 
245 44 1241.0876327226 0.9367 
250 45 1241.0876327226 0.9367 
255 46 1241.0876327226 0.9367 
260 48 1241.0876327226 0.9367 
265 49 1241.0876327226 0.9367 
270 50 1241.0876327226 0.9367 
275 52 1240.8071015062 0.9369 
280 53 1240.8071015062 0.9369 
285 55 1240.0113624825 0.9375 
290 56 1240.0113624825 0.9375 
295 58 1237.5701386969 0.9394 
300 59 1237.5701386969 0.9394 
305 61 1234.8710105062 0.9414 
310 63 1234.0965527807 0.9420 
315 65 1232.4226861233 0.9433 
320 67 1220.4360665174 0.9526 
325 69 1217.0805726217 0.9552 
330 71 1217.0805726217 0.9552 
335 73 1217.0805726217 0.9552 
340 76 1217.0805726217 0.9552 
345 79 1217.0805726217 0.9552 
350 82 1217.0805726217 0.9552 
355 87 1217.0805726217 0.9552 
360 93 1217.0805726217 0.9552 
365 137 1216.9526354352 0.9553 
370 212 1194.6793527727 0.9731 
375 285 1193.0380011385 0.9744 
380 359 1193.0380011385 0.9744 
385 429 1193.0380011385 0.9744 
390 499 1192.5622928839 0.9748 
395 568 1192.5622928839 0.9748 
400 640 1191.9975585944 0.9753 
405 710 1191.6769936570 0.9756 
410 783 1191.6310209401 0.9756 
415 856 1191.6310209401 0.9756 
420 928 1191.6310209401 0.9756 
425 1000 1190.8685036018 0.9762 
430 1073 1190.3764869934 0.9766 
435 1145 1190.3764869934 0.9766 
440 1219 1190.3764869934 0.9766 
445 1292 1190.3764869934 0.9766 
450 1362 1190.3764869934 0.9766 
455 1433 1190.3764869934 0.9766 
460 1505 1190.3764869934 0.9766 
465 1579 1190.3764869934 0.9766 
470 1651 1190.3764869934 0.9766 
475 1724 1190.3764869934 0.9766 
480 1795 1190.3764869934 0.9766 
485 1866 1190.3764869934 0.9766 
490 1938 1190.2158881230 0.9768 
495 2009 1190.2158881230 0.9768 
500 2081 1190.2158881230 0.9768 
505 2152 1190.2158881230 0.9768 
510 2225 1190.2158881230 0.9768 
515 2297 1190.2158881230 0.9768 
520 2369 1190.2158881230 0.9768 
525 2440 1190.2158881230 0.9768 
530 2512 1190.2158881230 0.9768 
535 2584 1190.2158881230 0.9768 
540 2655 1190.2158881230 0.9768 
545 2728 1189.9710012033 0.9770 
550 2802 1189.8355521130 0.9771 
555 2873 1189.8355521130 0.9771 
560 2946 1189.8355521130 0.9771 
565 3018 1189.8355521130 0.9771 
570 3091 1189.8355521130 0.9771 
575 3162 1189.3862957933 0.9774 
580 3235 1189.3862957933 0.9774 
585 3308 1189.3862957933 0.9774 
590 3380 1189.1244354955 0.9777 
595 3452 1189.1244354955 0.9777 
600 3525 1189.1244354955 0.9777 
605 3596 1189.1244354955 0.9777 
610 3667 1189.1244354955 0.9777 
615 3740 1189.1244354955 0.9777 
620 3811 1189.1244354955 0.9777 
625 3886 1189.1244354955 0.9777 
630 3959 1189.1244354955 0.9777 
635 4028 1189.1244354955 0.9777 
640 4101 1189.1244354955 0.9777 
645 4175 1189.1244354955 0.9777 
650 4246 1189.1244354955 0.9777 
655 4320 1189.1244354955 0.9777 
660 4390 1189.1244354955 0.9777 
665 4456 1189.1244354955 0.9777 
670 4524 1189.1244354955 0.9777 
675 4590 1189.1244354955 0.9777 
680 4655 1189.1244354955 0.9777 
685 4719 1189.1244354955 0.9777 
690 4783 1189.1244354955 0.9777 
695 4845 1189.1244354955 0.9777 
700 4908 1189.1244354955 0.9777 
705 4973 1189.1244354955 0.9777 
710 5041 1188.8907655020 0.9778 
715 5114 1188.8907655020 0.9778 
720 5186 1188.8907655020 0.9778 
725 5260 1188.8907655020 0.9778 
730 5334 1188.8907655020 0.9778 
735 5406 1188.8907655020 0.9778 
740 5479 1188.8907655020 0.9778 
745 5551 1188.8907655020 0.9778 
750 5625 1188.8907655020 0.9778 
755 5697 1188.8907655020 0.9778 
760 5771 1188.8907655020 0.9778 
765 5843 1188.8907655020 0.9778 
770 5918 1188.8907655020 0.9778 
775 5991 1188.8907655020 0.9778 
780 6060 1188.8907655020 0.9778 
785 6125 1188.8907655020 0.9778 
790 6189 1188.8907655020 0.9778 
795 6252 1188.8907655020 0.9778 
800 6318 1188.8907655020 0.9778 
805 6382 1188.8907655020 0.9778 
810 6448 1188.8907655020 0.9778 
815 6512 1188.8907655020 0.9778 
820 6582 1188.4676214925 0.9782 
825 6653 1188.4676214925 0.9782 
830 6725 1188.4676214925 0.9782 
835 6796 1188.3823600227 0.9783 
840 6870 1187.2264148957 0.9792 
845 6942 1186.8806050644 0.9795 
850 7013 1186.8806050644 0.9795 
855 7084 1186.8806050644 0.9795 
860 7157 1186.8806050644 0.9795 
865 7231 1186.8806050644 0.9795 
870 7304 1186.8806050644 0.9795 
875 7375 1186.8806050644 0.9795 
880 7445 1186.8806050644 0.9795 
885 7516 1186.8806050644 0.9795 
890 7587 1186.8806050644 0.9795 
895 7659 1186.8806050644 0.9795 
900 7729 1186.8806050644 0.9795 
905 7797 1186.8806050644 0.9795 
910 7870 1186.8806050644 0.9795 
915 7936 1186.8806050644 0.9795 
920 7999 1186.8806050644 0.9795 
925 8062 1186.8806050644 0.9795 
930 8125 1186.8806050644 0.9795 
935 8191 1186.8806050644 0.9795 
940 8255 1186.8806050644 0.9795 
945 8319 1186.8806050644 0.9795 
950 8385 1186.8806050644 0.9795 
955 8449 1186.8806050644 0.9795 
960 8514 1186.8806050644 0.9795 
965 8577 1186.8806050644 0.9795 
970 8643 1186.8806050644 0.9795 
975 8708 1186.8806050644 0.9795 
980 8770 1186.8806050644 0.9795 
985 8835 1186.8806050644 0.9795 
990 8902 1186.8806050644 0.9795 
995 8960 1186.8806050644 0.9795 
1000 9019 1186.8806050644 0.9795 
1005 9076 1186.8806050644 0.9795 
1010 9136 1186.8806050644 0.9795 
1015 9197 1186.8806050644 0.9795 
1020 9254 1186.8806050644 0.9795 
1025 9314 1186.8806050644 0.9795 
1030 9377 1186.8806050644 0.9795 
1035 9436 1186.8806050644 0.9795 
1040 9497 1186.8806050644 0.9795 
1045 9556 1186.8806050644 0.9795 
1050 9614 1186.8806050644 0.9795 
1055 9671 1186.8806050644 0.9795 
1060 9732 1186.8806050644 0.9795 
1065 9792 1186.8806050644 0.9795 
1070 9848 1186.8806050644 0.9795 
1075 9906 1186.8806050644 0.9795 
1080 9961 1186.8806050644 0.9795 
1085 10014 1186.8806050644 0.9795 
1090 10071 1186.8806050644 0.9795 
1095 10128 1186.8806050644 0.9795 
1100 10182 1186.8806050644 0.9795 
1105 10239 1186.8806050644 0.9795 
1110 10295 1186.8806050644 0.9795 
1115 10352 1186.8806050644 0.9795 
1120 10408 1186.8806050644 0.9795 
1125 10463 1186.8806050644 0.9795 
1130 10518 1186.8806050644 0.9795 
1135 10579 1186.8806050644 0.9795 
1140 10629 1186.8806050644 0.9795 
1145 10680 1186.8806050644 0.9795 
1150 10732 1186.8806050644 0.9795 
1155 10786 1186.8806050644 0.9795 
1160 10843 1186.8806050644 0.9795 
1165 10903 1186.8806050644 0.9795 
1170 10957 1186.8806050644 0.9795 
1175 11009 1186.8806050644 0.9795 
1180 11055 1186.8806050644 0.9795 
1185 11104 1186.8806050644 0.9795 
1190 11156 1186.8806050644 0.9795 
1195 11211 1186.8806050644 0.9795 
1200 11264 1186.8806050644 0.9795 
1205 11312 1186.8806050644 0.9795 
1210 11364 1186.8806050644 0.9795 
1215 11410 1186.8806050644 0.9795 
1220 11464 1186.8806050644 0.9795 
1225 11512 1186.8806050644 0.9795 
1230 11564 1186.8806050644 0.9795 
1235 11613 1186.8806050644 0.9795 
1240 11666 1186.8806050644 0.9795 
1245 11716 1186.8806050644 0.9795 
1250 11764 1186.8806050644 0.9795 
1255 11812 1186.8806050644 0.9795 
1260 11859 1186.8806050644 0.9795 
1265 11909 1186.8806050644 0.9795 
1270 11950 1186.8806050644 0.9795 
1275 11994 1186.8806050644 0.9795 
1280 12040 1186.8806050644 0.9795 
1285 12090 1186.8806050644 0.9795 
1290 12136 1186.8806050644 0.9795 
1295 12182 1186.8806050644 0.9795 
1300 12230 1186.8806050644 0.9795 
1305 12278 1186.8806050644 0.9795 
1310 12329 1186.8806050644 0.9795 
1315 12372 1186.8806050644 0.9795 
1320 12418 1186.8806050644 0.9795 
1325 12469 1186.8806050644 0.9795 
1330 12518 1186.8806050644 0.9795 
1335 12565 1186.8806050644 0.9795 
1340 12616 1186.8806050644 0.9795 
1345 12666 1186.6469350709 0.9797 
1350 12738 1186.6469350709 0.9797 
1355 12809 1186.6469350709 0.9797 
1360 12880 1186.6469350709 0.9797 
1365 12951 1186.6469350709 0.9797 
1370 13025 1186.6469350709 0.9797 
1375 13098 1186.6469350709 0.9797 
1380 13172 1186.6469350709 0.9797 
1385 13243 1186.6469350709 0.9797 
1390 13315 1186.6469350709 0.9797 
1395 13387 1186.6469350709 0.9797 
1400 13459 1186.6469350709 0.9797 
1405 13532 1186.6469350709 0.9797 
1410 13601 1186.6469350709 0.9797 
1415 13671 1186.6469350709 0.9797 
1420 13736 1186.6469350709 0.9797 
1425 13799 1186.6469350709 0.9797 
1430 13865 1186.6469350709 0.9797 
1435 13929 1186.6469350709 0.9797 
1440 13997 1186.6469350709 0.9797 
1445 14061 1186.6469350709 0.9797 
1450 14126 1186.6469350709 0.9797 
1455 14191 1186.6469350709 0.9797 
1460 14257 1186.6469350709 0.9797 
1465 14323 1186.6469350709 0.9797 
1470 14388 1186.6469350709 0.9797 
1475 14453 1186.6469350709 0.9797 
1480 14519 1186.6469350709 0.9797 
1485 14583 1186.6469350709 0.9797 
1490 14645 1186.6469350709 0.9797 
1495 14705 1186.6469350709 0.9797 
1500 14765 1186.6469350709 0.9797 
