0 0 2195.7613604560 0.0000 
15 1 2195.7613604560 0.0000 
25 2 2195.7613604560 0.0000 
40 3 2195.7613604560 0.0000 
55 4 2195.7613604560 0.0000 
70 5 2195.7613604560 0.0000 
80 6 2195.7613604560 0.0000 
95 7 2195.7613604560 0.0000 
110 8 2195.7613604560 0.0000 
120 9 2195.7613604560 0.0000 
135 10 2195.7613604560 0.0000 
150 11 2195.7613604560 0.0000 
160 12 2195.7613604560 0.0000 
175 13 2195.7613604560 0.0000 
185 14 2195.7613604560 0.0000 
200 15 2195.7613604560 0.0000 
210 16 2195.7613604560 0.0000 
225 17 2195.7613604560 0.0000 
235 18 2195.7613604560 0.0000 
250 19 1632.6771846039 0.8549 
260 20 1632.6771846039 0.8549 
270 21 1632.6771846039 0.8549 
285 22 1631.4035232972 0.8556 
295 23 1624.0392288016 0.8595 
305 24 1624.0392288016 0.8595 
315 25 1606.5729196051 0.8688 
330 26 1606.5729196051 0.8688 
340 27 1606.5729196051 0.8688 
350 28 1601.0995300497 0.8718 
360 29 1599.4941838695 0.8727 
370 30 1588.2723883130 0.8788 
380 31 1581.4489583280 0.8826 
390 32 1581.4489583280 0.8826 
400 33 1581.4489583280 0.8826 
410 34 1580.2015739171 0.8833 
420 35 1580.2015739171 0.8833 
430 36 1578.6356018285 0.8842 
435 37 1578.6356018285 0.8842 
445 38 1578.2722850129 0.8844 
455 39 1578.2722850129 0.8844 
465 40 1578.2722850129 0.8844 
475 41 1578.2722850129 0.8844 
480 42 1578.2722850129 0.8844 
490 43 1575.1804616001 0.8862 
500 44 1568.1704769374 0.8901 
505 45 1568.1704769374 0.8901 
515 46 1568.1704769374 0.8901 
525 47 1568.1704769374 0.8901 
530 48 1568.1704769374 0.8901 
540 49 1568.1704769374 0.8901 
545 50 1568.1704769374 0.8901 
555 51 1560.0662127755 0.8947 
560 52 1560.0662127755 0.8947 
570 53 1559.6416287413 0.8950 
575 54 1559.6416287413 0.8950 
580 55 1558.4073930742 0.8957 
590 56 1558.4073930742 0.8957 
595 57 1558.4073930742 0.8957 
600 58 1558.1285208489 0.8959 
605 59 1552.7409686675 0.8990 
615 60 1552.7409686675 0.8990 
620 61 1552.7409686675 0.8990 
625 62 1552.7409686675 0.8990 
630 63 1552.2179858977 0.8993 
635 64 1552.2179858977 0.8993 
640 65 1549.0682134782 0.9011 
645 66 1549.0682134782 0.9011 
650 67 1549.0682134782 0.9011 
655 68 1549.0682134782 0.9011 
660 69 1549.0682134782 0.9011 
665 70 1549.0682134782 0.9011 
670 71 1549.0682134782 0.9011 
675 72 1549.0682134782 0.9011 
680 73 1549.0682134782 0.9011 
685 75 1549.0682134782 0.9011 
690 76 1549.0682134782 0.9011 
695 77 1549.0682134782 0.9011 
700 79 1549.0682134782 0.9011 
705 81 1549.0682134782 0.9011 
710 82 1549.0682134782 0.9011 
715 84 1549.0682134782 0.9011 
720 86 1549.0682134782 0.9011 
725 89 1542.0796419087 0.9052 
730 92 1542.0796419087 0.9052 
735 99 1540.8413150280 0.9059 
740 133 1534.2884184451 0.9098 
745 168 1528.1862486900 0.9134 
750 201 1527.6947154307 0.9137 
755 235 1526.5354474842 0.9144 
760 269 1526.3357523749 0.9145 
765 304 1521.1501308053 0.9176 
770 337 1521.1501308053 0.9176 
775 370 1520.2427960112 0.9182 
780 403 1516.0061263611 0.9207 
785 438 1515.7084290914 0.9209 
790 470 1515.0384010198 0.9213 
795 504 1514.6447296867 0.9216 
800 538 1512.0281674785 0.9232 
805 573 1511.5693094760 0.9234 
810 608 1511.1628380245 0.9237 
815 643 1510.8794072361 0.9239 
820 678 1510.0324703135 0.9244 
825 712 1506.4443607500 0.9266 
830 746 1500.3564106815 0.9303 
835 778 1499.9656982803 0.9306 
840 812 1499.6942382053 0.9308 
845 845 1497.8464535398 0.9319 
850 877 1497.8464535398 0.9319 
855 911 1497.1504787068 0.9323 
860 946 1497.1504787068 0.9323 
865 982 1496.9689703080 0.9325 
870 1015 1496.7061040807 0.9326 
875 1048 1496.6144790135 0.9327 
880 1080 1496.6144790135 0.9327 
885 1114 1496.6144790135 0.9327 
890 1148 1496.4933644097 0.9327 
895 1182 1495.6662905485 0.9333 
900 1216 1495.6662905485 0.9333 
905 1251 1495.0743666308 0.9336 
910 1285 1495.0477575449 0.9336 
915 1320 1487.0920572612 0.9386 
920 1352 1486.6966493051 0.9389 
925 1387 1486.6966493051 0.9389 
930 1421 1486.0574899413 0.9393 
935 1456 1486.0574899413 0.9393 
940 1491 1486.0574899413 0.9393 
945 1526 1486.0574899413 0.9393 
950 1562 1486.0574899413 0.9393 
955 1595 1486.0574899413 0.9393 
960 1629 1486.0574899413 0.9393 
965 1662 1485.2478659942 0.9398 
970 1698 1485.2478659942 0.9398 
975 1729 1485.2478659942 0.9398 
980 1764 1485.2478659942 0.9398 
985 1798 1485.2478659942 0.9398 
990 1830 1485.2478659942 0.9398 
995 1866 1485.2478659942 0.9398 
1000 1900 1484.4293933693 0.9403 
1005 1936 1483.3494773743 0.9410 
1010 1969 1483.3494773743 0.9410 
1015 2003 1483.3494773743 0.9410 
1020 2036 1483.3494773743 0.9410 
1025 2071 1483.3494773743 0.9410 
1030 2105 1474.7933209810 0.9465 
1035 2140 1473.0258849367 0.9476 
1040 2175 1472.0597224987 0.9482 
1045 2210 1472.0597224987 0.9482 
1050 2248 1471.0401524300 0.9489 
1055 2279 1470.2589868348 0.9494 
1060 2315 1469.8749687928 0.9496 
1065 2349 1469.8749687928 0.9496 
1070 2386 1469.8749687928 0.9496 
1075 2422 1469.8749687928 0.9496 
1080 2458 1469.8749687928 0.9496 
1085 2494 1469.2913832268 0.9500 
1090 2530 1462.3818591564 0.9545 
1095 2567 1461.5869651106 0.9550 
1100 2603 1461.5869651106 0.9550 
1105 2636 1461.5869651106 0.9550 
1110 2673 1461.5869651106 0.9550 
1115 2708 1460.0462434482 0.9560 
1120 2745 1460.0430228789 0.9560 
1125 2779 1460.0430228789 0.9560 
1130 2813 1460.0430228789 0.9560 
1135 2849 1460.0430228789 0.9560 
1140 2883 1460.0430228789 0.9560 
1145 2917 1459.9546796505 0.9561 
1150 2953 1459.9546796505 0.9561 
1155 2987 1459.5397852833 0.9564 
1160 3023 1459.5397852833 0.9564 
1165 3059 1455.1474090935 0.9592 
1170 3094 1455.1474090935 0.9592 
1175 3129 1455.1474090935 0.9592 
1180 3165 1455.1474090935 0.9592 
1185 3200 1455.1474090935 0.9592 
1190 3235 1455.1474090935 0.9592 
1195 3270 1455.1474090935 0.9592 
1200 3304 1455.1474090935 0.9592 
1205 3339 1455.1474090935 0.9592 
1210 3375 1455.1474090935 0.9592 
1215 3410 1455.1474090935 0.9592 
1220 3447 1455.1474090935 0.9592 
1225 3482 1455.1474090935 0.9592 
1230 3517 1455.1474090935 0.9592 
1235 3550 1455.1474090935 0.9592 
1240 3587 1455.1474090935 0.9592 
1245 3621 1455.1474090935 0.9592 
1250 3656 1455.1474090935 0.9592 
1255 3691 1455.1474090935 0.9592 
1260 3727 1455.1474090935 0.9592 
1265 3763 1455.1474090935 0.9592 
1270 3798 1448.2996319270 0.9638 
1275 3831 1447.0956867960 0.9646 
1280 3864 1446.6766692021 0.9649 
1285 3901 1446.6766692021 0.9649 
1290 3935 1446.6766692021 0.9649 
1295 3971 1446.6766692021 0.9649 
1300 4008 1446.6766692021 0.9649 
1305 4041 1446.6766692021 0.9649 
1310 4076 1446.6766692021 0.9649 
1315 4111 1446.6766692021 0.9649 
1320 4144 1446.6766692021 0.9649 
1325 4180 1446.6766692021 0.9649 
1330 4216 1446.6766692021 0.9649 
1335 4253 1446.6766692021 0.9649 
1340 4288 1446.6766692021 0.9649 
1345 4322 1446.6766692021 0.9649 
1350 4357 1446.6766692021 0.9649 
1355 4392 1446.6766692021 0.9649 
1360 4426 1446.6766692021 0.9649 
1365 4461 1446.6766692021 0.9649 
1370 4494 1446.6766692021 0.9649 
1375 4529 1446.6766692021 0.9649 
1380 4565 1446.6766692021 0.9649 
1385 4600 1446.6766692021 0.9649 
1390 4633 1446.6766692021 0.9649 
1395 4668 1446.6766692021 0.9649 
1400 4703 1446.6766692021 0.9649 
1405 4737 1446.6766692021 0.9649 
1410 4774 1446.6766692021 0.9649 
1415 4809 1446.6766692021 0.9649 
1420 4845 1446.6766692021 0.9649 
1425 4876 1446.6766692021 0.9649 
1430 4908 1446.6766692021 0.9649 
1435 4939 1446.6766692021 0.9649 
1440 4973 1446.6766692021 0.9649 
1445 5006 1446.6766692021 0.9649 
1450 5039 1446.6766692021 0.9649 
1455 5072 1446.6766692021 0.9649 
1460 5103 1446.6766692021 0.9649 
1465 5137 1446.6766692021 0.9649 
1470 5170 1446.6766692021 0.9649 
1475 5203 1446.6766692021 0.9649 
1480 5236 1446.6766692021 0.9649 
1485 5268 1446.6766692021 0.9649 
1490 5300 1446.6766692021 0.9649 
1495 5334 1446.6766692021 0.9649 
1500 5367 1446.6766692021 0.9649 
