0 0 1258.3362444362 0.0000 
5 1 1258.3362444362 0.0000 
10 3 1258.3362444362 0.0000 
15 4 1258.3362444362 0.0000 
20 5 1258.3362444362 0.0000 
25 6 1258.3362444362 0.0000 
30 7 1258.3362444362 0.0000 
35 8 1258.3362444362 0.0000 
40 9 1258.3362444362 0.0000 
45 11 1258.3362444362 0.0000 
50 12 1258.3362444362 0.0000 
55 13 1258.3362444362 0.0000 
60 14 1171.1647881589 0.8898 
65 15 1161.8287648503 0.8970 
70 17 1161.4462244302 0.8973 
75 18 1154.0221508254 0.9030 
80 19 1150.1777870711 0.9060 
85 21 1150.1030879302 0.9061 
90 22 1150.0100157051 0.9062 
95 24 1147.4238066640 0.9082 
100 25 1147.4238066640 0.9082 
105 26 1147.4238066640 0.9082 
110 28 1142.1005619613 0.9125 
115 29 1140.8671895686 0.9134 
120 31 1140.8671895686 0.9134 
125 32 1140.8671895686 0.9134 
130 34 1127.0196248935 0.9247 
135 36 1124.7396062817 0.9265 
140 37 1124.7396062817 0.9265 
145 39 1124.7396062817 0.9265 
150 41 1123.7749983149 0.9273 
155 43 1120.2674508923 0.9302 
160 44 1120.2648113801 0.9302 
165 46 1120.2648113801 0.9302 
170 48 1120.2648113801 0.9302 
175 50 1118.9266911005 0.9313 
180 53 1118.9266911005 0.9313 
185 55 1118.9266911005 0.9313 
190 57 1117.2655652888 0.9327 
195 60 1116.1965579505 0.9336 
200 62 1116.1965579505 0.9336 
205 65 1116.1965579505 0.9336 
210 69 1116.1965579505 0.9336 
215 72 1116.1965579505 0.9336 
220 76 1116.1965579505 0.9336 
225 81 1112.8026791965 0.9365 
230 88 1112.8026791965 0.9365 
235 118 1110.8814765178 0.9381 
240 224 1094.9002984931 0.9518 
245 331 1084.3824318232 0.9610 
250 437 1076.9357763427 0.9677 
255 546 1076.6354013758 0.9679 
260 655 1075.9662376671 0.9685 
265 760 1075.6287774994 0.9688 
270 866 1073.3286980332 0.9709 
275 974 1073.3286980332 0.9709 
280 1082 1071.6636544867 0.9724 
285 1187 1063.8273009379 0.9796 
290 1291 1063.8273009379 0.9796 
295 1399 1063.8273009379 0.9796 
300 1506 1063.8273009379 0.9796 
305 1611 1063.8273009379 0.9796 
310 1715 1063.8273009379 0.9796 
315 1820 1063.8273009379 0.9796 
320 1925 1063.8273009379 0.9796 
325 2034 1063.8273009379 0.9796 
330 2137 1063.8273009379 0.9796 
335 2237 1063.8273009379 0.9796 
340 2331 1063.8273009379 0.9796 
345 2425 1062.0260476537 0.9812 
350 2533 1062.0260476537 0.9812 
355 2642 1062.0260476537 0.9812 
360 2747 1062.0260476537 0.9812 
365 2856 1062.0260476537 0.9812 
370 2962 1062.0260476537 0.9812 
375 3068 1062.0260476537 0.9812 
380 3172 1062.0260476537 0.9812 
385 3278 1062.0260476537 0.9812 
390 3386 1062.0260476537 0.9812 
395 3488 1062.0260476537 0.9812 
400 3588 1061.2749475272 0.9819 
405 3694 1061.2749475272 0.9819 
410 3802 1061.2749475272 0.9819 
415 3908 1061.2749475272 0.9819 
420 4012 1061.2749475272 0.9819 
425 4119 1061.2749475272 0.9819 
430 4227 1061.2749475272 0.9819 
435 4331 1061.2749475272 0.9819 
440 4438 1061.2749475272 0.9819 
445 4544 1061.2749475272 0.9819 
450 4643 1061.2749475272 0.9819 
455 4741 1061.2748692191 0.9819 
460 4843 1061.2748692191 0.9819 
465 4952 1061.2748692191 0.9819 
470 5059 1056.9634957951 0.9859 
475 5165 1055.9016049239 0.9869 
480 5275 1055.9016049239 0.9869 
485 5382 1055.7241474698 0.9871 
490 5488 1055.2065931196 0.9876 
495 5593 1055.2065931196 0.9876 
500 5700 1055.2065931196 0.9876 
505 5809 1055.2065931196 0.9876 
510 5918 1055.2065931196 0.9876 
515 6028 1055.2065931196 0.9876 
520 6138 1055.2065931196 0.9876 
525 6245 1055.2065931196 0.9876 
530 6357 1055.2065931196 0.9876 
535 6457 1055.2065931196 0.9876 
540 6558 1055.2065931196 0.9876 
545 6658 1055.2065931196 0.9876 
550 6759 1055.2065931196 0.9876 
555 6857 1055.2065931196 0.9876 
560 6955 1055.2065931196 0.9876 
565 7055 1055.2065931196 0.9876 
570 7153 1055.2065931196 0.9876 
575 7249 1055.2065931196 0.9876 
580 7346 1055.2065931196 0.9876 
585 7442 1055.2065931196 0.9876 
590 7531 1055.2065931196 0.9876 
595 7625 1055.2065931196 0.9876 
600 7719 1055.2065931196 0.9876 
605 7808 1055.2065931196 0.9876 
610 7901 1055.2065931196 0.9876 
615 7995 1055.2065931196 0.9876 
620 8090 1055.2065931196 0.9876 
625 8183 1055.2065931196 0.9876 
630 8275 1055.2065931196 0.9876 
635 8363 1055.2065931196 0.9876 
640 8453 1055.2065931196 0.9876 
645 8536 1055.2065931196 0.9876 
650 8628 1055.2065931196 0.9876 
655 8708 1055.2065931196 0.9876 
660 8791 1055.2065931196 0.9876 
665 8875 1055.2065931196 0.9876 
670 8954 1055.2065931196 0.9876 
675 9036 1055.2065931196 0.9876 
680 9121 1055.2065931196 0.9876 
685 9205 1055.2065931196 0.9876 
690 9292 1055.2065931196 0.9876 
695 9378 1055.2065931196 0.9876 
700 9458 1055.2065931196 0.9876 
705 9544 1055.2065931196 0.9876 
710 9620 1055.2065931196 0.9876 
715 9703 1055.2065931196 0.9876 
720 9786 1055.2065931196 0.9876 
725 9873 1055.2065931196 0.9876 
730 9952 1055.2065931196 0.9876 
735 10038 1055.2065931196 0.9876 
740 10120 1055.2065931196 0.9876 
745 10204 1055.2065931196 0.9876 
750 10279 1055.2065931196 0.9876 
755 10358 1055.2065931196 0.9876 
760 10440 1055.2065931196 0.9876 
765 10513 1055.2065931196 0.9876 
770 10591 1055.2065931196 0.9876 
775 10659 1055.2065931196 0.9876 
780 10730 1055.2065931196 0.9876 
785 10812 1055.2065931196 0.9876 
790 10891 1055.2065931196 0.9876 
795 10967 1055.2065931196 0.9876 
800 11038 1055.2065931196 0.9876 
805 11112 1055.2065931196 0.9876 
810 11188 1055.2065931196 0.9876 
815 11257 1055.2065931196 0.9876 
820 11337 1055.2065931196 0.9876 
825 11411 1055.2065931196 0.9876 
830 11482 1055.2065931196 0.9876 
835 11555 1055.2065931196 0.9876 
840 11626 1055.2065931196 0.9876 
845 11705 1055.2065931196 0.9876 
850 11771 1055.2065931196 0.9876 
855 11846 1055.2065931196 0.9876 
860 11923 1055.2065931196 0.9876 
865 11998 1055.2065931196 0.9876 
870 12078 1055.2065931196 0.9876 
875 12153 1055.2065931196 0.9876 
880 12230 1055.2065931196 0.9876 
885 12301 1055.2065931196 0.9876 
890 12370 1055.2065931196 0.9876 
895 12437 1055.2065931196 0.9876 
900 12507 1055.2065931196 0.9876 
905 12575 1055.2065931196 0.9876 
910 12641 1055.2065931196 0.9876 
915 12706 1055.2065931196 0.9876 
920 12772 1055.2065931196 0.9876 
925 12847 1055.2065931196 0.9876 
930 12920 1055.2065931196 0.9876 
935 12993 1055.2065931196 0.9876 
940 13058 1055.2065931196 0.9876 
945 13121 1055.2065931196 0.9876 
950 13196 1055.2065931196 0.9876 
955 13265 1055.2065931196 0.9876 
960 13338 1055.2065931196 0.9876 
965 13407 1055.2065931196 0.9876 
970 13472 1055.2065931196 0.9876 
975 13539 1055.2065931196 0.9876 
980 13603 1055.2065931196 0.9876 
985 13662 1055.2065931196 0.9876 
990 13721 1055.2065931196 0.9876 
995 13782 1055.2065931196 0.9876 
1000 13851 1055.2065931196 0.9876 
1005 13912 1055.2065931196 0.9876 
1010 13985 1055.2065931196 0.9876 
1015 14051 1055.2065931196 0.9876 
1020 14112 1055.2065931196 0.9876 
1025 14178 1055.2065931196 0.9876 
1030 14242 1055.2065931196 0.9876 
1035 14301 1055.2065931196 0.9876 
1040 14375 1055.2065931196 0.9876 
1045 14442 1055.2065931196 0.9876 
1050 14510 1055.2065931196 0.9876 
1055 14575 1055.2065931196 0.9876 
1060 14629 1055.2065931196 0.9876 
1065 14687 1055.2065931196 0.9876 
1070 14748 1055.2065931196 0.9876 
1075 14803 1055.2065931196 0.9876 
1080 14860 1055.2065931196 0.9876 
1085 14928 1055.2065931196 0.9876 
1090 14997 1055.2065931196 0.9876 
1095 15066 1055.2065931196 0.9876 
1100 15122 1055.2065931196 0.9876 
1105 15178 1055.2065931196 0.9876 
1110 15247 1055.2065931196 0.9876 
1115 15314 1055.2065931196 0.9876 
1120 15375 1055.2065931196 0.9876 
1125 15426 1055.2065931196 0.9876 
1130 15490 1055.2065931196 0.9876 
1135 15551 1055.2065931196 0.9876 
1140 15611 1055.2065931196 0.9876 
1145 15670 1055.2065931196 0.9876 
1150 15734 1055.2065931196 0.9876 
1155 15792 1055.2065931196 0.9876 
1160 15856 1055.2065931196 0.9876 
1165 15917 1055.2065931196 0.9876 
1170 15987 1055.2065931196 0.9876 
1175 16043 1055.2065931196 0.9876 
1180 16101 1055.2065931196 0.9876 
1185 16161 1055.2065931196 0.9876 
1190 16228 1055.2065931196 0.9876 
1195 16287 1055.2065931196 0.9876 
1200 16350 1055.2065931196 0.9876 
1205 16419 1055.2065931196 0.9876 
1210 16476 1055.2065931196 0.9876 
1215 16526 1055.2065931196 0.9876 
1220 16585 1055.2065931196 0.9876 
1225 16643 1055.2065931196 0.9876 
1230 16700 1055.2065931196 0.9876 
1235 16756 1055.2065931196 0.9876 
1240 16825 1055.2065931196 0.9876 
1245 16889 1055.2065931196 0.9876 
1250 16945 1055.2065931196 0.9876 
1255 16996 1055.2065931196 0.9876 
1260 17044 1055.2065931196 0.9876 
1265 17096 1055.2065931196 0.9876 
1270 17155 1055.2065931196 0.9876 
1275 17211 1055.2065931196 0.9876 
1280 17258 1055.2065931196 0.9876 
1285 17312 1055.2065931196 0.9876 
1290 17374 1055.2065931196 0.9876 
1295 17426 1055.2065931196 0.9876 
1300 17476 1055.2065931196 0.9876 
1305 17530 1055.2065931196 0.9876 
1310 17592 1055.2065931196 0.9876 
1315 17649 1055.2065931196 0.9876 
1320 17708 1055.2065931196 0.9876 
1325 17764 1055.2065931196 0.9876 
1330 17825 1055.2065931196 0.9876 
1335 17873 1055.2065931196 0.9876 
1340 17933 1055.2065931196 0.9876 
1345 17987 1055.2065931196 0.9876 
1350 18040 1055.2065931196 0.9876 
1355 18093 1055.2065931196 0.9876 
1360 18144 1055.2065931196 0.9876 
1365 18193 1055.2065931196 0.9876 
1370 18241 1055.2065931196 0.9876 
1375 18300 1055.2065931196 0.9876 
1380 18361 1055.2065931196 0.9876 
1385 18416 1055.2065931196 0.9876 
1390 18477 1055.2065931196 0.9876 
1395 18521 1055.2065931196 0.9876 
1400 18571 1055.2065931196 0.9876 
1405 18623 1055.2065931196 0.9876 
1410 18670 1055.2065931196 0.9876 
1415 18726 1055.2065931196 0.9876 
1420 18779 1055.2065931196 0.9876 
1425 18831 1055.2065931196 0.9876 
1430 18882 1055.2065931196 0.9876 
1435 18931 1055.2065931196 0.9876 
1440 18983 1055.2065931196 0.9876 
1445 19034 1055.2065931196 0.9876 
1450 19090 1055.2065931196 0.9876 
1455 19141 1055.2065931196 0.9876 
1460 19194 1055.2065931196 0.9876 
1465 19237 1055.2065931196 0.9876 
1470 19291 1055.2065931196 0.9876 
1475 19327 1055.2065931196 0.9876 
1480 19382 1055.2065931196 0.9876 
1485 19428 1055.2065931196 0.9876 
1490 19475 1055.2065931196 0.9876 
1495 19534 1055.2065931196 0.9876 
1500 19593 1055.2065931196 0.9876 
