0 0 1098.3633372336 0.0000 
5 2 1035.1906210351 0.7917 
10 4 954.6943583117 0.8585 
15 6 910.8156458294 0.8998 
20 8 893.4881565074 0.9173 
25 11 886.7213066903 0.9243 
30 13 875.9637453519 0.9356 
35 15 869.9251507009 0.9421 
40 17 867.4998990222 0.9447 
45 19 867.4998990222 0.9447 
50 22 867.4998990222 0.9447 
55 24 866.6673866502 0.9456 
60 27 866.6673866502 0.9456 
65 29 863.4719460904 0.9491 
70 32 848.6439197435 0.9657 
75 35 834.2964101112 0.9823 
80 37 833.9284275386 0.9828 
85 40 832.8986020466 0.9840 
90 43 832.8986020466 0.9840 
95 47 831.1327590669 0.9861 
100 50 826.7262515920 0.9913 
105 54 825.6486929660 0.9926 
110 58 825.6486929660 0.9926 
115 62 825.6486929660 0.9926 
120 67 825.6486929660 0.9926 
125 73 825.6486929660 0.9926 
130 80 825.6486929660 0.9926 
135 91 825.6486929660 0.9926 
140 218 825.6486929660 0.9926 
145 387 825.6486929660 0.9926 
150 558 825.6486929660 0.9926 
155 731 825.3770366257 0.9930 
160 903 825.3770366257 0.9930 
165 1075 825.3770366257 0.9930 
170 1248 825.3770366257 0.9930 
175 1421 825.3770366257 0.9930 
180 1592 825.3770366257 0.9930 
185 1754 824.7767082213 0.9937 
190 1928 824.7767082213 0.9937 
195 2100 824.7767082213 0.9937 
200 2274 824.7767082213 0.9937 
205 2447 824.7767082213 0.9937 
210 2620 824.7767082213 0.9937 
215 2767 824.7767082213 0.9937 
220 2909 824.7767082213 0.9937 
225 3056 824.7767082213 0.9937 
230 3198 824.7767082213 0.9937 
235 3343 824.7767082213 0.9937 
240 3489 824.7767082213 0.9937 
245 3632 824.7767082213 0.9937 
250 3762 824.7767082213 0.9937 
255 3893 824.7767082213 0.9937 
260 4021 824.7767082213 0.9937 
265 4151 824.7767082213 0.9937 
270 4279 824.7767082213 0.9937 
275 4406 824.7767082213 0.9937 
280 4529 824.7767082213 0.9937 
285 4657 824.7767082213 0.9937 
290 4775 824.7767082213 0.9937 
295 4891 824.7767082213 0.9937 
300 5008 824.7767082213 0.9937 
305 5125 824.7767082213 0.9937 
310 5244 824.7767082213 0.9937 
315 5359 824.7767082213 0.9937 
320 5475 824.7767082213 0.9937 
325 5590 824.7767082213 0.9937 
330 5704 824.7767082213 0.9937 
335 5810 824.7767082213 0.9937 
340 5913 824.7767082213 0.9937 
345 6020 824.7767082213 0.9937 
350 6126 824.7767082213 0.9937 
355 6232 824.7767082213 0.9937 
360 6347 824.7767082213 0.9937 
365 6455 824.7767082213 0.9937 
370 6563 824.7767082213 0.9937 
375 6671 824.7767082213 0.9937 
380 6773 824.7767082213 0.9937 
385 6871 824.7767082213 0.9937 
390 6971 824.7767082213 0.9937 
395 7072 824.7767082213 0.9937 
400 7170 824.7767082213 0.9937 
405 7273 824.7767082213 0.9937 
410 7368 824.7767082213 0.9937 
415 7466 824.7767082213 0.9937 
420 7563 824.7767082213 0.9937 
425 7655 824.7767082213 0.9937 
430 7750 824.7767082213 0.9937 
435 7844 824.7767082213 0.9937 
440 7936 824.7767082213 0.9937 
445 8019 824.7767082213 0.9937 
450 8101 824.7767082213 0.9937 
455 8201 824.7767082213 0.9937 
460 8288 824.7767082213 0.9937 
465 8384 824.7767082213 0.9937 
470 8469 824.7767082213 0.9937 
475 8567 824.7767082213 0.9937 
480 8658 824.7767082213 0.9937 
485 8747 824.7767082213 0.9937 
490 8833 824.7767082213 0.9937 
495 8918 824.7767082213 0.9937 
500 9000 824.7767082213 0.9937 
505 9088 824.7767082213 0.9937 
510 9172 824.7767082213 0.9937 
515 9259 824.7767082213 0.9937 
520 9348 824.7767082213 0.9937 
525 9429 824.7767082213 0.9937 
530 9509 824.7767082213 0.9937 
535 9599 824.7767082213 0.9937 
540 9680 824.7767082213 0.9937 
545 9767 824.7767082213 0.9937 
550 9850 824.7767082213 0.9937 
555 9926 824.7767082213 0.9937 
560 10010 824.7767082213 0.9937 
565 10097 824.7767082213 0.9937 
570 10168 824.7767082213 0.9937 
575 10245 824.7767082213 0.9937 
580 10329 824.7767082213 0.9937 
585 10410 824.7767082213 0.9937 
590 10496 824.7767082213 0.9937 
595 10617 819.5575441875 1.0000 
600 10792 819.5575441875 1.0000 
605 10968 819.5575441875 1.0000 
610 11143 819.5575441875 1.0000 
615 11317 819.5575441875 1.0000 
620 11492 819.5575441875 1.0000 
625 11646 819.5575441875 1.0000 
630 11789 819.5575441875 1.0000 
635 11933 819.5575441875 1.0000 
640 12079 819.5575441875 1.0000 
645 12224 819.5575441875 1.0000 
650 12367 819.5575441875 1.0000 
655 12508 819.5575441875 1.0000 
660 12641 819.5575441875 1.0000 
665 12768 819.5575441875 1.0000 
670 12894 819.5575441875 1.0000 
675 13020 819.5575441875 1.0000 
680 13146 819.5575441875 1.0000 
685 13275 819.5575441875 1.0000 
690 13402 819.5575441875 1.0000 
695 13529 819.5575441875 1.0000 
700 13649 819.5575441875 1.0000 
705 13761 819.5575441875 1.0000 
710 13877 819.5575441875 1.0000 
715 13995 819.5575441875 1.0000 
720 14107 819.5575441875 1.0000 
725 14224 819.5575441875 1.0000 
730 14338 819.5575441875 1.0000 
735 14452 819.5575441875 1.0000 
740 14564 819.5575441875 1.0000 
745 14675 819.5575441875 1.0000 
750 14776 819.5575441875 1.0000 
755 14877 819.5575441875 1.0000 
760 14981 819.5575441875 1.0000 
765 15085 819.5575441875 1.0000 
770 15192 819.5575441875 1.0000 
775 15296 819.5575441875 1.0000 
780 15402 819.5575441875 1.0000 
785 15511 819.5575441875 1.0000 
790 15612 819.5575441875 1.0000 
795 15706 819.5575441875 1.0000 
800 15808 819.5575441875 1.0000 
805 15906 819.5575441875 1.0000 
810 16007 819.5575441875 1.0000 
815 16110 819.5575441875 1.0000 
820 16208 819.5575441875 1.0000 
825 16310 819.5575441875 1.0000 
830 16409 819.5575441875 1.0000 
835 16506 819.5575441875 1.0000 
840 16604 819.5575441875 1.0000 
845 16692 819.5575441875 1.0000 
850 16776 819.5575441875 1.0000 
855 16862 819.5575441875 1.0000 
860 16948 819.5575441875 1.0000 
865 17040 819.5575441875 1.0000 
870 17123 819.5575441875 1.0000 
875 17213 819.5575441875 1.0000 
880 17309 819.5575441875 1.0000 
885 17398 819.5575441875 1.0000 
890 17482 819.5575441875 1.0000 
895 17576 819.5575441875 1.0000 
900 17656 819.5575441875 1.0000 
905 17741 819.5575441875 1.0000 
910 17828 819.5575441875 1.0000 
915 17906 819.5575441875 1.0000 
920 17991 819.5575441875 1.0000 
925 18076 819.5575441875 1.0000 
930 18159 819.5575441875 1.0000 
935 18249 819.5575441875 1.0000 
940 18323 819.5575441875 1.0000 
945 18403 819.5575441875 1.0000 
950 18487 819.5575441875 1.0000 
955 18574 819.5575441875 1.0000 
960 18647 819.5575441875 1.0000 
965 18731 819.5575441875 1.0000 
970 18809 819.5575441875 1.0000 
975 18894 819.5575441875 1.0000 
980 18980 819.5575441875 1.0000 
985 19049 819.5575441875 1.0000 
990 19128 819.5575441875 1.0000 
995 19200 819.5575441875 1.0000 
1000 19280 819.5575441875 1.0000 
1005 19358 819.5575441875 1.0000 
1010 19438 819.5575441875 1.0000 
1015 19515 819.5575441875 1.0000 
1020 19588 819.5575441875 1.0000 
1025 19664 819.5575441875 1.0000 
1030 19739 819.5575441875 1.0000 
1035 19821 819.5575441875 1.0000 
1040 19882 819.5575441875 1.0000 
1045 19959 819.5575441875 1.0000 
1050 20030 819.5575441875 1.0000 
1055 20101 819.5575441875 1.0000 
1060 20177 819.5575441875 1.0000 
1065 20255 819.5575441875 1.0000 
1070 20328 819.5575441875 1.0000 
1075 20401 819.5575441875 1.0000 
1080 20471 819.5575441875 1.0000 
1085 20549 819.5575441875 1.0000 
1090 20612 819.5575441875 1.0000 
1095 20679 819.5575441875 1.0000 
1100 20754 819.5575441875 1.0000 
1105 20822 819.5575441875 1.0000 
1110 20886 819.5575441875 1.0000 
1115 20957 819.5575441875 1.0000 
1120 21035 819.5575441875 1.0000 
1125 21113 819.5575441875 1.0000 
1130 21173 819.5575441875 1.0000 
1135 21248 819.5575441875 1.0000 
1140 21311 819.5575441875 1.0000 
1145 21376 819.5575441875 1.0000 
1150 21448 819.5575441875 1.0000 
1155 21512 819.5575441875 1.0000 
1160 21576 819.5575441875 1.0000 
1165 21646 819.5575441875 1.0000 
1170 21710 819.5575441875 1.0000 
1175 21778 819.5575441875 1.0000 
1180 21842 819.5575441875 1.0000 
1185 21902 819.5575441875 1.0000 
1190 21969 819.5575441875 1.0000 
1195 22030 819.5575441875 1.0000 
1200 22092 819.5575441875 1.0000 
1205 22161 819.5575441875 1.0000 
1210 22227 819.5575441875 1.0000 
1215 22298 819.5575441875 1.0000 
1220 22360 819.5575441875 1.0000 
1225 22421 819.5575441875 1.0000 
1230 22490 819.5575441875 1.0000 
1235 22554 819.5575441875 1.0000 
1240 22609 819.5575441875 1.0000 
1245 22667 819.5575441875 1.0000 
1250 22731 819.5575441875 1.0000 
1255 22802 819.5575441875 1.0000 
1260 22858 819.5575441875 1.0000 
1265 22918 819.5575441875 1.0000 
1270 22991 819.5575441875 1.0000 
1275 23055 819.5575441875 1.0000 
1280 23120 819.5575441875 1.0000 
1285 23179 819.5575441875 1.0000 
1290 23236 819.5575441875 1.0000 
1295 23296 819.5575441875 1.0000 
1300 23364 819.5575441875 1.0000 
1305 23423 819.5575441875 1.0000 
1310 23485 819.5575441875 1.0000 
1315 23547 819.5575441875 1.0000 
1320 23603 819.5575441875 1.0000 
1325 23654 819.5575441875 1.0000 
1330 23709 819.5575441875 1.0000 
1335 23767 819.5575441875 1.0000 
1340 23828 819.5575441875 1.0000 
1345 23884 819.5575441875 1.0000 
1350 23944 819.5575441875 1.0000 
1355 23997 819.5575441875 1.0000 
1360 24056 819.5575441875 1.0000 
1365 24115 819.5575441875 1.0000 
1370 24169 819.5575441875 1.0000 
1375 24229 819.5575441875 1.0000 
1380 24293 819.5575441875 1.0000 
1385 24352 819.5575441875 1.0000 
1390 24417 819.5575441875 1.0000 
1395 24476 819.5575441875 1.0000 
1400 24539 819.5575441875 1.0000 
1405 24598 819.5575441875 1.0000 
1410 24655 819.5575441875 1.0000 
1415 24708 819.5575441875 1.0000 
1420 24761 819.5575441875 1.0000 
1425 24816 819.5575441875 1.0000 
1430 24871 819.5575441875 1.0000 
1435 24925 819.5575441875 1.0000 
1440 24982 819.5575441875 1.0000 
1445 25040 819.5575441875 1.0000 
1450 25101 819.5575441875 1.0000 
1455 25161 819.5575441875 1.0000 
1460 25209 819.5575441875 1.0000 
1465 25266 819.5575441875 1.0000 
1470 25317 819.5575441875 1.0000 
1475 25371 819.5575441875 1.0000 
1480 25430 819.5575441875 1.0000 
1485 25497 819.5575441875 1.0000 
1490 25553 819.5575441875 1.0000 
1495 25615 819.5575441875 1.0000 
1500 25675 819.5575441875 1.0000 
