0 0 1682.1864102304 0.0000 
5 2 1682.1864102304 0.0000 
10 3 1682.1864102304 0.0000 
15 4 1682.1864102304 0.0000 
20 6 1682.1864102304 0.0000 
25 7 1682.1864102304 0.0000 
30 8 1682.1864102304 0.0000 
35 10 1682.1864102304 0.0000 
40 11 1682.1864102304 0.0000 
45 12 1682.1864102304 0.0000 
50 14 1682.1864102304 0.0000 
55 15 1682.1864102304 0.0000 
60 17 1733.4817429737 0.8890 
65 18 1733.4817429737 0.8890 
70 20 1733.4817429737 0.8890 
75 21 1699.7621974054 0.9067 
80 23 1699.7621974054 0.9067 
85 24 1699.7621974054 0.9067 
90 26 1699.7621974054 0.9067 
95 28 1699.7621974054 0.9067 
100 29 1699.7621974054 0.9067 
105 31 1679.6890756017 0.9175 
110 33 1665.3726797956 0.9254 
115 35 1665.3726797956 0.9254 
120 37 1664.7086630577 0.9258 
125 39 1664.7086630577 0.9258 
130 41 1663.5590981251 0.9264 
135 43 1663.5590981251 0.9264 
140 45 1663.5590981251 0.9264 
145 47 1653.1260709439 0.9323 
150 49 1653.1260709439 0.9323 
155 52 1646.5349766539 0.9360 
160 54 1627.0286550985 0.9472 
165 57 1626.1335077030 0.9477 
170 60 1623.7621059670 0.9491 
175 63 1623.5338098066 0.9493 
180 67 1622.0173023151 0.9501 
185 71 1620.4300910149 0.9511 
190 75 1620.4300910149 0.9511 
195 80 1620.4300910149 0.9511 
200 87 1616.5851907242 0.9533 
205 132 1607.6993483190 0.9586 
210 257 1586.4851245380 0.9714 
215 381 1578.9441880105 0.9761 
220 505 1578.6815847502 0.9762 
225 631 1575.5127943494 0.9782 
230 755 1574.6868566056 0.9787 
235 879 1571.9749912275 0.9804 
240 997 1569.0084448221 0.9822 
245 1120 1568.7666323906 0.9824 
250 1246 1568.7666323906 0.9824 
255 1371 1567.4382649773 0.9832 
260 1493 1567.1678011930 0.9834 
265 1614 1564.8194526252 0.9849 
270 1737 1564.3130415139 0.9852 
275 1858 1564.2707177774 0.9852 
280 1981 1564.1193472222 0.9853 
285 2104 1564.1193472222 0.9853 
290 2228 1564.1193472222 0.9853 
295 2350 1564.1193472222 0.9853 
300 2476 1564.1193472222 0.9853 
305 2601 1564.1193472222 0.9853 
310 2724 1563.7238514826 0.9856 
315 2848 1563.7238514826 0.9856 
320 2973 1563.7238514826 0.9856 
325 3094 1563.6313420993 0.9856 
330 3220 1563.6313420993 0.9856 
335 3344 1563.2819541067 0.9858 
340 3466 1563.2819541067 0.9858 
345 3592 1563.2819541067 0.9858 
350 3715 1563.2819541067 0.9858 
355 3844 1563.2819541067 0.9858 
360 3968 1563.2819541067 0.9858 
365 4094 1563.2819541067 0.9858 
370 4219 1563.2819541067 0.9858 
375 4332 1563.2819541067 0.9858 
380 4443 1563.2819541067 0.9858 
385 4554 1563.2819541067 0.9858 
390 4667 1563.2819541067 0.9858 
395 4789 1553.4351892985 0.9921 
400 4913 1552.6223339675 0.9926 
405 5039 1552.5831619329 0.9926 
410 5164 1552.5831619329 0.9926 
415 5288 1550.7082665220 0.9938 
420 5410 1550.5470387528 0.9939 
425 5532 1549.8084297980 0.9944 
430 5654 1549.8084297980 0.9944 
435 5779 1549.7106222621 0.9945 
440 5906 1549.7106222621 0.9945 
445 6033 1549.7106222621 0.9945 
450 6158 1549.7106222621 0.9945 
455 6285 1549.7106222621 0.9945 
460 6409 1549.7106222621 0.9945 
465 6530 1549.7106222621 0.9945 
470 6655 1549.7106222621 0.9945 
475 6769 1549.7106222621 0.9945 
480 6881 1549.7106222621 0.9945 
485 6993 1549.7106222621 0.9945 
490 7106 1549.7106222621 0.9945 
495 7224 1549.7106222621 0.9945 
500 7337 1549.7106222621 0.9945 
505 7447 1549.7106222621 0.9945 
510 7557 1549.7106222621 0.9945 
515 7668 1549.7106222621 0.9945 
520 7776 1549.7106222621 0.9945 
525 7879 1549.7106222621 0.9945 
530 7982 1549.7106222621 0.9945 
535 8085 1549.7106222621 0.9945 
540 8191 1549.7106222621 0.9945 
545 8293 1549.7106222621 0.9945 
550 8400 1549.7106222621 0.9945 
555 8507 1549.7106222621 0.9945 
560 8613 1549.7106222621 0.9945 
565 8714 1549.7106222621 0.9945 
570 8810 1549.7106222621 0.9945 
575 8908 1549.7106222621 0.9945 
580 9005 1549.7106222621 0.9945 
585 9101 1549.7106222621 0.9945 
590 9199 1549.7106222621 0.9945 
595 9298 1549.7106222621 0.9945 
600 9396 1549.7106222621 0.9945 
605 9488 1549.7106222621 0.9945 
610 9585 1549.7106222621 0.9945 
615 9682 1549.7106222621 0.9945 
620 9774 1549.7106222621 0.9945 
625 9868 1549.7106222621 0.9945 
630 9950 1549.7106222621 0.9945 
635 10041 1549.7106222621 0.9945 
640 10128 1549.7106222621 0.9945 
645 10217 1549.7106222621 0.9945 
650 10308 1549.7106222621 0.9945 
655 10392 1549.7106222621 0.9945 
660 10484 1549.7106222621 0.9945 
665 10573 1549.7106222621 0.9945 
670 10660 1549.7106222621 0.9945 
675 10745 1549.7106222621 0.9945 
680 10820 1549.7106222621 0.9945 
685 10911 1549.7106222621 0.9945 
690 10996 1549.7106222621 0.9945 
695 11086 1549.7106222621 0.9945 
700 11178 1549.7106222621 0.9945 
705 11269 1549.7106222621 0.9945 
710 11356 1549.7106222621 0.9945 
715 11437 1549.7106222621 0.9945 
720 11525 1549.7106222621 0.9945 
725 11597 1549.7106222621 0.9945 
730 11681 1549.7106222621 0.9945 
735 11753 1549.7106222621 0.9945 
740 11829 1549.7106222621 0.9945 
745 11902 1549.7106222621 0.9945 
750 11980 1549.7106222621 0.9945 
755 12050 1549.7106222621 0.9945 
760 12125 1549.7106222621 0.9945 
765 12206 1549.7106222621 0.9945 
770 12285 1549.7106222621 0.9945 
775 12363 1549.7106222621 0.9945 
780 12441 1549.7106222621 0.9945 
785 12525 1549.7106222621 0.9945 
790 12608 1549.7106222621 0.9945 
795 12687 1549.7106222621 0.9945 
800 12758 1549.7106222621 0.9945 
805 12835 1549.7106222621 0.9945 
810 12915 1549.7106222621 0.9945 
815 12998 1549.7106222621 0.9945 
820 13077 1549.7106222621 0.9945 
825 13152 1549.7106222621 0.9945 
830 13223 1549.7106222621 0.9945 
835 13296 1549.7106222621 0.9945 
840 13375 1549.7106222621 0.9945 
845 13452 1549.7106222621 0.9945 
850 13519 1549.7106222621 0.9945 
855 13583 1549.7106222621 0.9945 
860 13651 1549.7106222621 0.9945 
865 13712 1549.7106222621 0.9945 
870 13777 1549.7106222621 0.9945 
875 13844 1549.7106222621 0.9945 
880 13924 1549.7106222621 0.9945 
885 13990 1549.7106222621 0.9945 
890 14065 1549.7106222621 0.9945 
895 14124 1549.7106222621 0.9945 
900 14193 1549.7106222621 0.9945 
905 14265 1549.7106222621 0.9945 
910 14327 1549.7106222621 0.9945 
915 14392 1549.7106222621 0.9945 
920 14472 1549.7106222621 0.9945 
925 14533 1549.7106222621 0.9945 
930 14595 1549.7106222621 0.9945 
935 14668 1549.7106222621 0.9945 
940 14728 1549.7106222621 0.9945 
945 14794 1549.7106222621 0.9945 
950 14853 1549.7106222621 0.9945 
955 14926 1549.7106222621 0.9945 
960 14995 1549.7106222621 0.9945 
965 15058 1549.7106222621 0.9945 
970 15118 1549.7106222621 0.9945 
975 15179 1549.7106222621 0.9945 
980 15252 1549.7106222621 0.9945 
985 15323 1549.7106222621 0.9945 
990 15392 1549.7106222621 0.9945 
995 15465 1549.7106222621 0.9945 
1000 15530 1549.7106222621 0.9945 
1005 15604 1549.7106222621 0.9945 
1010 15668 1549.7106222621 0.9945 
1015 15732 1549.7106222621 0.9945 
1020 15785 1549.7106222621 0.9945 
1025 15851 1549.7106222621 0.9945 
1030 15913 1549.7106222621 0.9945 
1035 15976 1549.7106222621 0.9945 
1040 16040 1549.7106222621 0.9945 
1045 16098 1549.7106222621 0.9945 
1050 16166 1549.7106222621 0.9945 
1055 16229 1549.7106222621 0.9945 
1060 16287 1549.7106222621 0.9945 
1065 16362 1549.7106222621 0.9945 
1070 16416 1549.7106222621 0.9945 
1075 16477 1549.7106222621 0.9945 
1080 16542 1549.7106222621 0.9945 
1085 16598 1549.7106222621 0.9945 
1090 16663 1549.7106222621 0.9945 
1095 16721 1549.7106222621 0.9945 
1100 16783 1549.7106222621 0.9945 
1105 16841 1549.7106222621 0.9945 
1110 16902 1549.7106222621 0.9945 
1115 16958 1549.7106222621 0.9945 
1120 17009 1549.7106222621 0.9945 
1125 17074 1549.7106222621 0.9945 
1130 17132 1549.7106222621 0.9945 
1135 17194 1549.7106222621 0.9945 
1140 17254 1549.7106222621 0.9945 
1145 17327 1549.7106222621 0.9945 
1150 17389 1549.7106222621 0.9945 
1155 17456 1549.7106222621 0.9945 
1160 17521 1549.7106222621 0.9945 
1165 17575 1549.7106222621 0.9945 
1170 17640 1549.7106222621 0.9945 
1175 17696 1549.7106222621 0.9945 
1180 17758 1549.7106222621 0.9945 
1185 17802 1549.7106222621 0.9945 
1190 17859 1549.7106222621 0.9945 
1195 17908 1549.7106222621 0.9945 
1200 17964 1549.7106222621 0.9945 
1205 18017 1549.7106222621 0.9945 
1210 18069 1549.7106222621 0.9945 
1215 18123 1549.7106222621 0.9945 
1220 18187 1549.7106222621 0.9945 
1225 18250 1549.7106222621 0.9945 
1230 18308 1549.7106222621 0.9945 
1235 18365 1549.7106222621 0.9945 
1240 18416 1549.7106222621 0.9945 
1245 18483 1549.7106222621 0.9945 
1250 18540 1549.7106222621 0.9945 
1255 18598 1549.7106222621 0.9945 
1260 18663 1549.7106222621 0.9945 
1265 18720 1549.7106222621 0.9945 
1270 18779 1549.7106222621 0.9945 
1275 18824 1549.7106222621 0.9945 
1280 18872 1549.7106222621 0.9945 
1285 18917 1549.7106222621 0.9945 
1290 18980 1549.7106222621 0.9945 
1295 19031 1549.7106222621 0.9945 
1300 19085 1549.7106222621 0.9945 
1305 19136 1549.7106222621 0.9945 
1310 19183 1549.7106222621 0.9945 
1315 19231 1549.7106222621 0.9945 
1320 19288 1549.7106222621 0.9945 
1325 19345 1549.7106222621 0.9945 
1330 19399 1549.7106222621 0.9945 
1335 19454 1549.7106222621 0.9945 
1340 19500 1549.7106222621 0.9945 
1345 19551 1549.7106222621 0.9945 
1350 19608 1549.7106222621 0.9945 
1355 19669 1549.7106222621 0.9945 
1360 19723 1549.7106222621 0.9945 
1365 19775 1549.7106222621 0.9945 
1370 19825 1549.7106222621 0.9945 
1375 19864 1549.7106222621 0.9945 
1380 19910 1549.7106222621 0.9945 
1385 19956 1549.7106222621 0.9945 
1390 20007 1549.7106222621 0.9945 
1395 20063 1549.7106222621 0.9945 
1400 20118 1549.7106222621 0.9945 
1405 20176 1549.7106222621 0.9945 
1410 20231 1549.7106222621 0.9945 
1415 20286 1549.7106222621 0.9945 
1420 20339 1549.7106222621 0.9945 
1425 20384 1549.7106222621 0.9945 
1430 20434 1549.7106222621 0.9945 
1435 20488 1549.7106222621 0.9945 
1440 20541 1549.7106222621 0.9945 
1445 20583 1549.7106222621 0.9945 
1450 20621 1549.7106222621 0.9945 
1455 20669 1549.7106222621 0.9945 
1460 20721 1549.7106222621 0.9945 
1465 20760 1549.7106222621 0.9945 
1470 20810 1549.7106222621 0.9945 
1475 20850 1549.7106222621 0.9945 
1480 20908 1549.7106222621 0.9945 
1485 20949 1549.7106222621 0.9945 
1490 20990 1549.7106222621 0.9945 
1495 21039 1549.7106222621 0.9945 
1500 21103 1549.7106222621 0.9945 
