0 0 1900.1203912445 0.0000 
5 3 1900.1203912445 0.0000 
10 7 1811.9121768360 0.7128 
15 10 1667.6779469151 0.7744 
20 14 1608.6922606352 0.8028 
25 18 1583.6079991268 0.8155 
30 22 1545.7685235042 0.8355 
35 26 1525.4971053029 0.8466 
40 31 1516.1099248727 0.8518 
45 35 1495.4610101700 0.8636 
50 39 1495.4610101700 0.8636 
55 43 1492.2287159782 0.8655 
60 48 1483.4061471481 0.8706 
65 53 1471.3093341548 0.8778 
70 57 1461.5653435581 0.8836 
75 62 1455.1119796335 0.8875 
80 67 1450.6622513208 0.8902 
85 72 1446.9231575165 0.8925 
90 78 1440.5071166532 0.8965 
95 83 1437.1686862955 0.8986 
100 89 1427.4128625122 0.9047 
105 95 1422.5750717580 0.9078 
110 101 1422.0101502219 0.9082 
115 108 1408.4006040144 0.9170 
120 115 1396.5347038289 0.9248 
125 122 1396.5347038289 0.9248 
130 130 1394.9377900913 0.9258 
135 137 1391.4737339034 0.9281 
140 146 1391.3923441247 0.9282 
145 155 1388.8979958123 0.9298 
150 165 1383.0149057289 0.9338 
155 176 1378.4950766478 0.9369 
160 190 1375.4565094562 0.9389 
165 209 1373.7924760202 0.9401 
170 237 1369.5573127239 0.9430 
175 266 1369.5573127239 0.9430 
180 293 1368.0982650554 0.9440 
185 323 1362.5230712687 0.9478 
190 350 1361.9520730092 0.9482 
195 378 1361.9282744313 0.9483 
200 407 1361.3652386650 0.9486 
205 435 1361.3652386650 0.9486 
210 463 1360.5126293283 0.9492 
215 492 1360.1604755224 0.9495 
220 522 1360.1604755224 0.9495 
225 550 1356.0596005615 0.9524 
230 578 1356.0596005615 0.9524 
235 608 1356.0596005615 0.9524 
240 637 1356.0596005615 0.9524 
245 665 1356.0596005615 0.9524 
250 695 1356.0596005615 0.9524 
255 723 1356.0596005615 0.9524 
260 752 1354.1657713687 0.9537 
265 781 1354.1657713687 0.9537 
270 810 1354.0529643302 0.9538 
275 839 1354.0246657036 0.9538 
280 869 1353.9349320840 0.9538 
285 899 1353.3042575163 0.9543 
290 929 1353.3042575163 0.9543 
295 958 1352.0941537880 0.9551 
300 987 1351.4227311488 0.9556 
305 1017 1351.4227311488 0.9556 
310 1046 1351.1469014653 0.9558 
315 1075 1351.1469014653 0.9558 
320 1103 1351.1469014653 0.9558 
325 1132 1351.1469014653 0.9558 
330 1161 1351.1469014653 0.9558 
335 1190 1351.1469014653 0.9558 
340 1218 1351.1469014653 0.9558 
345 1247 1351.1469014653 0.9558 
350 1275 1351.1469014653 0.9558 
355 1304 1351.1469014653 0.9558 
360 1335 1351.1358591670 0.9558 
365 1364 1351.1358591670 0.9558 
370 1392 1351.1358591670 0.9558 
375 1420 1351.1358591670 0.9558 
380 1449 1351.1358591670 0.9558 
385 1479 1351.1358591670 0.9558 
390 1508 1351.1358591670 0.9558 
395 1537 1351.1358591670 0.9558 
400 1565 1351.1358591670 0.9558 
405 1595 1351.1358591670 0.9558 
410 1625 1351.1358591670 0.9558 
415 1655 1351.1358591670 0.9558 
420 1684 1351.1358591670 0.9558 
425 1712 1351.1358591670 0.9558 
430 1743 1351.1358591670 0.9558 
435 1771 1351.1358591670 0.9558 
440 1802 1351.1358591670 0.9558 
445 1830 1351.1358591670 0.9558 
450 1860 1351.1358591670 0.9558 
455 1889 1351.1358591670 0.9558 
460 1917 1351.1358591670 0.9558 
465 1946 1351.1358591670 0.9558 
470 1974 1351.1358591670 0.9558 
475 2004 1351.1358591670 0.9558 
480 2031 1351.1358591670 0.9558 
485 2061 1351.1358591670 0.9558 
490 2090 1351.1358591670 0.9558 
495 2118 1351.1358591670 0.9558 
500 2147 1351.1358591670 0.9558 
505 2176 1351.1358591670 0.9558 
510 2206 1351.1358591670 0.9558 
515 2234 1351.1358591670 0.9558 
520 2262 1351.1358591670 0.9558 
525 2290 1351.1358591670 0.9558 
530 2317 1351.1358591670 0.9558 
535 2342 1351.1358591670 0.9558 
540 2368 1351.1358591670 0.9558 
545 2396 1351.1358591670 0.9558 
550 2425 1351.1358591670 0.9558 
555 2453 1351.0495264148 0.9559 
560 2483 1350.6985106641 0.9561 
565 2511 1350.1744546275 0.9565 
570 2540 1346.7449285390 0.9589 
575 2570 1346.7449285390 0.9589 
580 2600 1346.7449285390 0.9589 
585 2629 1346.7449285390 0.9589 
590 2657 1346.7449285390 0.9589 
595 2685 1346.7449285390 0.9589 
600 2713 1346.7449285390 0.9589 
605 2742 1346.7449285390 0.9589 
610 2771 1346.7449285390 0.9589 
615 2799 1346.7449285390 0.9589 
620 2828 1346.7449285390 0.9589 
625 2856 1346.6217800937 0.9590 
630 2886 1346.6217800937 0.9590 
635 2914 1346.6217800937 0.9590 
640 2943 1346.6217800937 0.9590 
645 2971 1346.6217800937 0.9590 
650 3000 1346.6217800937 0.9590 
655 3030 1346.6217800937 0.9590 
660 3058 1346.6217800937 0.9590 
665 3086 1346.6217800937 0.9590 
670 3115 1346.6217800937 0.9590 
675 3144 1346.6217800937 0.9590 
680 3172 1346.6217800937 0.9590 
685 3201 1346.3656234357 0.9592 
690 3229 1346.3656234357 0.9592 
695 3258 1346.3656234357 0.9592 
700 3288 1346.3656234357 0.9592 
705 3317 1346.3656234357 0.9592 
710 3347 1346.3656234357 0.9592 
715 3376 1346.3656234357 0.9592 
720 3406 1346.3656234357 0.9592 
725 3435 1346.3656234357 0.9592 
730 3465 1346.3656234357 0.9592 
735 3494 1346.3656234357 0.9592 
740 3524 1346.3656234357 0.9592 
745 3551 1346.3656234357 0.9592 
750 3579 1346.3656234357 0.9592 
755 3607 1346.3656234357 0.9592 
760 3637 1346.3656234357 0.9592 
765 3664 1346.3656234357 0.9592 
770 3694 1346.3656234357 0.9592 
775 3723 1346.3656234357 0.9592 
780 3751 1346.3656234357 0.9592 
785 3780 1346.3656234357 0.9592 
790 3809 1346.3656234357 0.9592 
795 3838 1346.3656234357 0.9592 
800 3868 1346.3656234357 0.9592 
805 3896 1346.3656234357 0.9592 
810 3925 1346.3656234357 0.9592 
815 3955 1345.7168421760 0.9597 
820 3984 1345.7168421760 0.9597 
825 4013 1345.7168421760 0.9597 
830 4042 1345.7168421760 0.9597 
835 4070 1345.7168421760 0.9597 
840 4099 1345.7168421760 0.9597 
845 4128 1345.7168421760 0.9597 
850 4158 1345.6064228095 0.9598 
855 4188 1345.6064228095 0.9598 
860 4215 1345.6064228095 0.9598 
865 4231 1345.6064228095 0.9598 
870 4258 1345.6064228095 0.9598 
875 4287 1345.6064228095 0.9598 
880 4316 1345.5380241060 0.9598 
885 4344 1345.5380241060 0.9598 
890 4373 1345.5380241060 0.9598 
895 4401 1345.5380241060 0.9598 
900 4431 1345.5380241060 0.9598 
905 4459 1345.5380241060 0.9598 
910 4488 1345.5380241060 0.9598 
915 4519 1345.5314388950 0.9598 
920 4548 1345.5314388950 0.9598 
925 4577 1345.5314388950 0.9598 
930 4606 1345.5314388950 0.9598 
935 4635 1345.5314388950 0.9598 
940 4664 1345.5314388950 0.9598 
945 4694 1345.5314388950 0.9598 
950 4723 1345.5314388950 0.9598 
955 4753 1345.4374034711 0.9599 
960 4783 1345.4374034711 0.9599 
965 4811 1345.4374034711 0.9599 
970 4840 1345.4374034711 0.9599 
975 4870 1345.4374034711 0.9599 
980 4899 1345.4374034711 0.9599 
985 4928 1345.4374034711 0.9599 
990 4957 1345.4374034711 0.9599 
995 4986 1345.2850108729 0.9600 
1000 5016 1345.0787523690 0.9601 
1005 5046 1345.0787523690 0.9601 
1010 5074 1344.1098131943 0.9608 
1015 5100 1344.1098131943 0.9608 
1020 5130 1344.1098131943 0.9608 
1025 5159 1344.1098131943 0.9608 
1030 5189 1344.1098131943 0.9608 
1035 5219 1344.1098131943 0.9608 
1040 5248 1344.1098131943 0.9608 
1045 5276 1344.1098131943 0.9608 
1050 5305 1344.1098131943 0.9608 
1055 5333 1344.1098131943 0.9608 
1060 5360 1344.1098131943 0.9608 
1065 5388 1343.5845635451 0.9612 
1070 5416 1343.5845635451 0.9612 
1075 5444 1343.5845635451 0.9612 
1080 5473 1343.5845635451 0.9612 
1085 5502 1341.7172257980 0.9625 
1090 5530 1341.7172257980 0.9625 
1095 5558 1341.7172257980 0.9625 
1100 5588 1341.7172257980 0.9625 
1105 5617 1341.7172257980 0.9625 
1110 5646 1341.7172257980 0.9625 
1115 5674 1341.7172257980 0.9625 
1120 5703 1340.1874959820 0.9636 
1125 5731 1340.1874959820 0.9636 
1130 5760 1340.1874959820 0.9636 
1135 5788 1340.1874959820 0.9636 
1140 5816 1340.1874959820 0.9636 
1145 5846 1340.1874959820 0.9636 
1150 5876 1340.1874959820 0.9636 
1155 5905 1340.1874959820 0.9636 
1160 5935 1340.1874959820 0.9636 
1165 5964 1340.1874959820 0.9636 
1170 5993 1340.1874959820 0.9636 
1175 6022 1340.1874959820 0.9636 
1180 6051 1340.1874959820 0.9636 
1185 6080 1340.1874959820 0.9636 
1190 6109 1340.1874959820 0.9636 
1195 6137 1340.1874959820 0.9636 
1200 6168 1338.4777383547 0.9649 
1205 6198 1338.4777383547 0.9649 
1210 6227 1338.4777383547 0.9649 
1215 6256 1338.4777383547 0.9649 
1220 6285 1338.4777383547 0.9649 
1225 6315 1338.4777383547 0.9649 
1230 6345 1338.4777383547 0.9649 
1235 6375 1338.4777383547 0.9649 
1240 6405 1338.4777383547 0.9649 
1245 6433 1338.4777383547 0.9649 
1250 6463 1338.4777383547 0.9649 
1255 6493 1338.4777383547 0.9649 
1260 6522 1338.4777383547 0.9649 
1265 6553 1338.4777383547 0.9649 
1270 6582 1338.4777383547 0.9649 
1275 6612 1338.4777383547 0.9649 
1280 6640 1338.4777383547 0.9649 
1285 6670 1338.4777383547 0.9649 
1290 6699 1338.4777383547 0.9649 
1295 6729 1338.4777383547 0.9649 
1300 6758 1338.4777383547 0.9649 
1305 6788 1338.4777383547 0.9649 
1310 6818 1338.4777383547 0.9649 
1315 6848 1338.4777383547 0.9649 
1320 6878 1338.4777383547 0.9649 
1325 6908 1338.4777383547 0.9649 
1330 6938 1338.4777383547 0.9649 
1335 6967 1338.4777383547 0.9649 
1340 6995 1338.4777383547 0.9649 
1345 7025 1338.4777383547 0.9649 
1350 7055 1338.4777383547 0.9649 
1355 7084 1338.4777383547 0.9649 
1360 7114 1338.4777383547 0.9649 
1365 7144 1338.4777383547 0.9649 
1370 7171 1338.4777383547 0.9649 
1375 7199 1338.4777383547 0.9649 
1380 7227 1338.4777383547 0.9649 
1385 7255 1338.4777383547 0.9649 
1390 7282 1338.4777383547 0.9649 
1395 7310 1338.4777383547 0.9649 
1400 7336 1338.4777383547 0.9649 
1405 7364 1338.4777383547 0.9649 
1410 7391 1338.4777383547 0.9649 
1415 7418 1338.4777383547 0.9649 
1420 7446 1338.4777383547 0.9649 
1425 7473 1338.4777383547 0.9649 
1430 7500 1338.4777383547 0.9649 
1435 7528 1338.4777383547 0.9649 
1440 7555 1338.4777383547 0.9649 
1445 7583 1338.4777383547 0.9649 
1450 7610 1338.4777383547 0.9649 
1455 7638 1338.4777383547 0.9649 
1460 7665 1338.4777383547 0.9649 
1465 7693 1338.4777383547 0.9649 
1470 7721 1338.4777383547 0.9649 
1475 7747 1338.4777383547 0.9649 
1480 7775 1338.4777383547 0.9649 
1485 7802 1338.4777383547 0.9649 
1490 7830 1338.4777383547 0.9649 
1495 7858 1338.4777383547 0.9649 
1500 7886 1338.4777383547 0.9649 
1505 7914 1338.4777383547 0.9649 
1510 7942 1338.4777383547 0.9649 
1515 7969 1338.4777383547 0.9649 
1520 7997 1338.4777383547 0.9649 
1525 8024 1338.4777383547 0.9649 
1530 8052 1338.4777383547 0.9649 
1535 8080 1338.4777383547 0.9649 
1540 8107 1338.4777383547 0.9649 
1545 8134 1338.4777383547 0.9649 
1550 8161 1338.4777383547 0.9649 
1555 8187 1338.4777383547 0.9649 
1560 8214 1338.4777383547 0.9649 
1565 8240 1338.4777383547 0.9649 
1570 8267 1338.4777383547 0.9649 
1575 8293 1338.4777383547 0.9649 
1580 8319 1338.4777383547 0.9649 
1585 8346 1338.4777383547 0.9649 
1590 8373 1338.4777383547 0.9649 
1595 8395 1338.4777383547 0.9649 
1600 8421 1338.4777383547 0.9649 
1605 8449 1338.4777383547 0.9649 
1610 8473 1337.5548914733 0.9655 
1615 8498 1337.5548914733 0.9655 
1620 8523 1337.5548914733 0.9655 
1625 8548 1337.5548914733 0.9655 
1630 8573 1337.5548914733 0.9655 
1635 8599 1337.5548914733 0.9655 
1640 8625 1337.5548914733 0.9655 
1645 8649 1337.5548914733 0.9655 
1650 8676 1337.5548914733 0.9655 
1655 8701 1337.5548914733 0.9655 
1660 8724 1337.5548914733 0.9655 
1665 8750 1337.5548914733 0.9655 
1670 8775 1337.5548914733 0.9655 
1675 8801 1337.5548914733 0.9655 
1680 8826 1337.5444191672 0.9655 
1685 8850 1337.5444191672 0.9655 
1690 8876 1337.5444191672 0.9655 
1695 8901 1337.5444191672 0.9655 
1700 8927 1337.5444191672 0.9655 
1705 8952 1337.5444191672 0.9655 
1710 8977 1337.5444191672 0.9655 
1715 9003 1337.5444191672 0.9655 
1720 9028 1337.5444191672 0.9655 
1725 9053 1337.5444191672 0.9655 
1730 9079 1337.5444191672 0.9655 
1735 9103 1337.5444191672 0.9655 
1740 9130 1337.5444191672 0.9655 
1745 9155 1337.5444191672 0.9655 
1750 9182 1337.5444191672 0.9655 
1755 9204 1337.5444191672 0.9655 
1760 9228 1337.5444191672 0.9655 
1765 9250 1337.5444191672 0.9655 
1770 9273 1337.5444191672 0.9655 
1775 9300 1337.5444191672 0.9655 
1780 9325 1337.5444191672 0.9655 
1785 9348 1337.5444191672 0.9655 
1790 9371 1337.5444191672 0.9655 
1795 9395 1337.5444191672 0.9655 
1800 9420 1337.5444191672 0.9655 
