0 0 2123.6948706711 0.0000 
5 4 2123.6948706711 0.0000 
10 8 2123.6948706711 0.0000 
15 12 2123.6948706711 0.0000 
20 16 2123.6948706711 0.0000 
25 20 2123.6948706711 0.0000 
30 24 2123.6948706711 0.0000 
35 28 2123.6948706711 0.0000 
40 33 2123.6948706711 0.0000 
45 37 1595.6688912430 0.8748 
50 42 1595.6688912430 0.8748 
55 46 1586.3963701072 0.8799 
60 51 1570.1260829144 0.8890 
65 56 1570.1260829144 0.8890 
70 61 1562.9267763391 0.8931 
75 66 1557.6078170143 0.8961 
80 71 1554.6751933150 0.8978 
85 76 1549.8225205880 0.9007 
90 81 1545.2221154462 0.9033 
95 87 1544.2066091682 0.9039 
100 93 1543.9287110943 0.9041 
105 99 1540.0852197147 0.9063 
110 105 1540.0852197147 0.9063 
115 112 1525.3418290962 0.9151 
120 119 1517.0720117627 0.9201 
125 127 1513.7755731823 0.9221 
130 135 1513.7755731823 0.9221 
135 144 1513.7755731823 0.9221 
140 153 1513.7755731823 0.9221 
145 164 1513.7755731823 0.9221 
150 176 1513.7755731823 0.9221 
155 190 1513.7755731823 0.9221 
160 209 1513.7755731823 0.9221 
165 238 1513.7755731823 0.9221 
170 267 1490.9158771848 0.9362 
175 296 1490.9158771848 0.9362 
180 324 1490.9158771848 0.9362 
185 354 1488.7082984890 0.9376 
190 384 1488.7082984890 0.9376 
195 415 1488.7082984890 0.9376 
200 444 1486.2828116722 0.9392 
205 475 1486.2828116722 0.9392 
210 505 1486.2828116722 0.9392 
215 535 1470.7023308250 0.9491 
220 565 1470.7023308250 0.9491 
225 594 1470.7023308250 0.9491 
230 625 1470.7023308250 0.9491 
235 656 1470.7023308250 0.9491 
240 686 1470.7023308250 0.9491 
245 716 1470.7023308250 0.9491 
250 745 1470.7023308250 0.9491 
255 774 1468.0072633334 0.9508 
260 804 1468.0072633334 0.9508 
265 835 1468.0072633334 0.9508 
270 865 1467.8545154626 0.9509 
275 896 1467.4575528416 0.9512 
280 925 1467.4575528416 0.9512 
285 954 1467.4575528416 0.9512 
290 984 1467.4575528416 0.9512 
295 1014 1467.4575528416 0.9512 
300 1045 1467.4575528416 0.9512 
305 1074 1467.4575528416 0.9512 
310 1105 1467.4575528416 0.9512 
315 1135 1467.2446759119 0.9513 
320 1165 1467.1680733390 0.9514 
325 1195 1467.0361468018 0.9515 
330 1225 1467.0361468018 0.9515 
335 1255 1467.0361468018 0.9515 
340 1284 1466.9493253236 0.9515 
345 1314 1466.9493253236 0.9515 
350 1344 1466.8419598404 0.9516 
355 1374 1466.8419598404 0.9516 
360 1403 1466.8419598404 0.9516 
365 1434 1466.8419598404 0.9516 
370 1463 1466.8419598404 0.9516 
375 1493 1466.8419598404 0.9516 
380 1522 1466.8419598404 0.9516 
385 1554 1466.8419598404 0.9516 
390 1583 1466.8419598404 0.9516 
395 1614 1466.0555459338 0.9521 
400 1642 1466.0555459338 0.9521 
405 1671 1466.0555459338 0.9521 
410 1701 1465.3484709067 0.9526 
415 1729 1465.3484709067 0.9526 
420 1759 1464.8933810670 0.9529 
425 1788 1464.8933810670 0.9529 
430 1817 1464.6744227412 0.9530 
435 1849 1464.6744227412 0.9530 
440 1878 1464.6744227412 0.9530 
445 1907 1464.6744227412 0.9530 
450 1938 1464.6744227412 0.9530 
455 1967 1464.6744227412 0.9530 
460 1996 1464.6744227412 0.9530 
465 2025 1464.6744227412 0.9530 
470 2054 1464.6744227412 0.9530 
475 2083 1464.6744227412 0.9530 
480 2113 1464.6744227412 0.9530 
485 2143 1464.6744227412 0.9530 
490 2172 1464.6744227412 0.9530 
495 2202 1464.6744227412 0.9530 
500 2232 1464.6744227412 0.9530 
505 2262 1464.6744227412 0.9530 
510 2291 1462.8307370508 0.9542 
515 2320 1462.8307370508 0.9542 
520 2347 1462.8307370508 0.9542 
525 2375 1462.8307370508 0.9542 
530 2404 1462.7439155725 0.9543 
535 2432 1462.7439155725 0.9543 
540 2460 1462.7439155725 0.9543 
545 2487 1462.7439155725 0.9543 
550 2516 1457.8525015403 0.9575 
555 2547 1456.7337290488 0.9582 
560 2576 1456.7337290488 0.9582 
565 2604 1456.7337290488 0.9582 
570 2632 1456.7337290488 0.9582 
575 2662 1456.7337290488 0.9582 
580 2692 1456.7337290488 0.9582 
585 2722 1456.7337290488 0.9582 
590 2751 1456.7337290488 0.9582 
595 2781 1456.7337290488 0.9582 
600 2810 1456.7337290488 0.9582 
605 2838 1456.7337290488 0.9582 
610 2867 1456.7337290488 0.9582 
615 2897 1456.7337290488 0.9582 
620 2925 1456.7337290488 0.9582 
625 2954 1456.4153054914 0.9584 
630 2983 1456.4153054914 0.9584 
635 3012 1456.4153054914 0.9584 
640 3041 1456.4153054914 0.9584 
645 3072 1456.4153054914 0.9584 
650 3102 1456.4153054914 0.9584 
655 3132 1456.4153054914 0.9584 
660 3161 1456.4153054914 0.9584 
665 3191 1456.4153054914 0.9584 
670 3220 1456.4153054914 0.9584 
675 3250 1456.3285535148 0.9585 
680 3280 1456.3285535148 0.9585 
685 3310 1456.3285535148 0.9585 
690 3340 1456.3285535148 0.9585 
695 3369 1456.3285535148 0.9585 
700 3400 1455.7510463101 0.9589 
705 3429 1455.7510463101 0.9589 
710 3459 1455.7510463101 0.9589 
715 3489 1455.7510463101 0.9589 
720 3518 1455.7510463101 0.9589 
725 3546 1455.7510463101 0.9589 
730 3575 1455.4284915589 0.9591 
735 3604 1455.4284915589 0.9591 
740 3632 1455.4284915589 0.9591 
745 3658 1455.4284915589 0.9591 
750 3685 1455.4284915589 0.9591 
755 3712 1455.4284915589 0.9591 
760 3740 1455.4284915589 0.9591 
765 3767 1455.4284915589 0.9591 
770 3790 1455.4284915589 0.9591 
775 3817 1455.4284915589 0.9591 
780 3843 1455.4284915589 0.9591 
785 3873 1455.4284915589 0.9591 
790 3902 1455.4284915589 0.9591 
795 3932 1455.4284915589 0.9591 
800 3962 1455.4284915589 0.9591 
805 3991 1455.4284915589 0.9591 
810 4020 1455.4284915589 0.9591 
815 4049 1455.4284915589 0.9591 
820 4079 1455.4284915589 0.9591 
825 4108 1455.4284915589 0.9591 
830 4137 1455.4284915589 0.9591 
835 4166 1455.4284915589 0.9591 
840 4194 1455.4284915589 0.9591 
845 4225 1455.4284915589 0.9591 
850 4253 1455.4284915589 0.9591 
855 4283 1455.4284915589 0.9591 
860 4312 1454.3967763048 0.9597 
865 4341 1454.3967763048 0.9597 
870 4370 1454.3967763048 0.9597 
875 4401 1454.3967763048 0.9597 
880 4432 1454.3967763048 0.9597 
885 4462 1454.3967763048 0.9597 
890 4492 1454.3967763048 0.9597 
895 4520 1454.3967763048 0.9597 
900 4549 1454.3967763048 0.9597 
905 4579 1454.3967763048 0.9597 
910 4608 1454.3967763048 0.9597 
915 4638 1454.3967763048 0.9597 
920 4667 1454.3967763048 0.9597 
925 4696 1454.3967763048 0.9597 
930 4725 1454.3967763048 0.9597 
935 4754 1454.3967763048 0.9597 
940 4783 1454.3967763048 0.9597 
945 4813 1454.3967763048 0.9597 
950 4841 1454.3967763048 0.9597 
955 4871 1454.3967763048 0.9597 
960 4900 1454.3967763048 0.9597 
965 4929 1454.3967763048 0.9597 
970 4959 1454.3967763048 0.9597 
975 4988 1454.3967763048 0.9597 
980 5017 1454.3967763048 0.9597 
985 5046 1454.3967763048 0.9597 
990 5074 1454.3967763048 0.9597 
995 5104 1454.3967763048 0.9597 
1000 5133 1454.3967763048 0.9597 
1005 5164 1454.3967763048 0.9597 
1010 5194 1454.3967763048 0.9597 
1015 5225 1454.3967763048 0.9597 
1020 5254 1454.3967763048 0.9597 
1025 5285 1454.3967763048 0.9597 
1030 5315 1454.3967763048 0.9597 
1035 5345 1454.3967763048 0.9597 
1040 5375 1454.3967763048 0.9597 
1045 5405 1454.3967763048 0.9597 
1050 5436 1454.3967763048 0.9597 
1055 5466 1454.3967763048 0.9597 
1060 5495 1454.3967763048 0.9597 
1065 5523 1454.3967763048 0.9597 
1070 5553 1454.3967763048 0.9597 
1075 5582 1454.3967763048 0.9597 
1080 5610 1454.3967763048 0.9597 
1085 5639 1454.3967763048 0.9597 
1090 5668 1454.3967763048 0.9597 
1095 5697 1454.3967763048 0.9597 
1100 5726 1454.3967763048 0.9597 
1105 5755 1454.3967763048 0.9597 
1110 5785 1454.3967763048 0.9597 
1115 5814 1454.3967763048 0.9597 
1120 5844 1454.3967763048 0.9597 
1125 5873 1454.3967763048 0.9597 
1130 5903 1454.3967763048 0.9597 
1135 5933 1454.3967763048 0.9597 
1140 5961 1454.3967763048 0.9597 
1145 5989 1454.0472864950 0.9600 
1150 6017 1454.0472864950 0.9600 
1155 6044 1453.1781743793 0.9605 
1160 6071 1453.1504871012 0.9606 
1165 6099 1452.0727998707 0.9613 
1170 6127 1452.0727998707 0.9613 
1175 6155 1452.0727998707 0.9613 
1180 6184 1452.0727998707 0.9613 
1185 6212 1452.0727998707 0.9613 
1190 6241 1452.0727998707 0.9613 
1195 6270 1452.0727998707 0.9613 
1200 6298 1452.0727998707 0.9613 
1205 6327 1452.0727998707 0.9613 
1210 6355 1452.0727998707 0.9613 
1215 6383 1452.0727998707 0.9613 
1220 6411 1452.0727998707 0.9613 
1225 6441 1452.0727998707 0.9613 
1230 6469 1452.0727998707 0.9613 
1235 6498 1452.0727998707 0.9613 
1240 6526 1452.0727998707 0.9613 
1245 6556 1452.0727998707 0.9613 
1250 6583 1451.4794714629 0.9617 
1255 6612 1451.4794714629 0.9617 
1260 6642 1451.4794714629 0.9617 
1265 6670 1451.4794714629 0.9617 
1270 6698 1451.4794714629 0.9617 
1275 6726 1451.4794714629 0.9617 
1280 6755 1451.4794714629 0.9617 
1285 6783 1451.4794714629 0.9617 
1290 6812 1451.4794714629 0.9617 
1295 6840 1451.4794714629 0.9617 
1300 6869 1451.4794714629 0.9617 
1305 6897 1451.4794714629 0.9617 
1310 6926 1451.4794714629 0.9617 
1315 6956 1451.4794714629 0.9617 
1320 6984 1451.4794714629 0.9617 
1325 7014 1451.4794714629 0.9617 
1330 7042 1451.4794714629 0.9617 
1335 7072 1451.4794714629 0.9617 
1340 7100 1451.4794714629 0.9617 
1345 7129 1451.4794714629 0.9617 
1350 7156 1451.4794714629 0.9617 
1355 7185 1451.4794714629 0.9617 
1360 7214 1451.4794714629 0.9617 
1365 7243 1451.4794714629 0.9617 
1370 7272 1451.4794714629 0.9617 
1375 7301 1451.4794714629 0.9617 
1380 7327 1451.4794714629 0.9617 
1385 7356 1451.4794714629 0.9617 
1390 7383 1451.4794714629 0.9617 
1395 7410 1451.4794714629 0.9617 
1400 7438 1451.4794714629 0.9617 
1405 7466 1451.4794714629 0.9617 
1410 7494 1451.4794714629 0.9617 
1415 7522 1451.4794714629 0.9617 
1420 7548 1451.4794714629 0.9617 
1425 7577 1451.4794714629 0.9617 
1430 7605 1451.4794714629 0.9617 
1435 7634 1451.4794714629 0.9617 
1440 7662 1451.4794714629 0.9617 
1445 7690 1451.4794714629 0.9617 
1450 7717 1451.4794714629 0.9617 
1455 7745 1451.4794714629 0.9617 
1460 7773 1451.4794714629 0.9617 
1465 7802 1451.4794714629 0.9617 
1470 7830 1451.4794714629 0.9617 
1475 7858 1451.4794714629 0.9617 
1480 7886 1451.4794714629 0.9617 
1485 7916 1451.4794714629 0.9617 
1490 7944 1451.4794714629 0.9617 
1495 7972 1451.4794714629 0.9617 
1500 8000 1451.4794714629 0.9617 
1505 8029 1451.4794714629 0.9617 
1510 8056 1451.4794714629 0.9617 
1515 8084 1451.4794714629 0.9617 
1520 8113 1451.4794714629 0.9617 
1525 8140 1451.4794714629 0.9617 
1530 8167 1451.4794714629 0.9617 
1535 8193 1451.4794714629 0.9617 
1540 8219 1451.4794714629 0.9617 
1545 8246 1451.4794714629 0.9617 
1550 8270 1451.4794714629 0.9617 
1555 8296 1451.4794714629 0.9617 
1560 8323 1451.4794714629 0.9617 
1565 8348 1451.4794714629 0.9617 
1570 8374 1451.4794714629 0.9617 
1575 8401 1451.4794714629 0.9617 
1580 8421 1451.4794714629 0.9617 
1585 8437 1451.4794714629 0.9617 
1590 8452 1451.4794714629 0.9617 
1595 8472 1451.4794714629 0.9617 
1600 8493 1451.4794714629 0.9617 
1605 8514 1451.4794714629 0.9617 
1610 8540 1451.4794714629 0.9617 
1615 8563 1451.4794714629 0.9617 
1620 8586 1451.4794714629 0.9617 
1625 8611 1451.4794714629 0.9617 
1630 8635 1451.4794714629 0.9617 
1635 8654 1451.4794714629 0.9617 
1640 8677 1451.4794714629 0.9617 
1645 8703 1451.4794714629 0.9617 
1650 8731 1451.4794714629 0.9617 
1655 8756 1451.4794714629 0.9617 
1660 8783 1451.4794714629 0.9617 
1665 8809 1451.4794714629 0.9617 
1670 8835 1451.4794714629 0.9617 
1675 8862 1451.4794714629 0.9617 
1680 8888 1451.4794714629 0.9617 
1685 8915 1451.4794714629 0.9617 
1690 8940 1451.4794714629 0.9617 
1695 8967 1451.4794714629 0.9617 
1700 8994 1451.4794714629 0.9617 
1705 9020 1451.4794714629 0.9617 
1710 9046 1451.4794714629 0.9617 
1715 9072 1451.4794714629 0.9617 
1720 9100 1451.4794714629 0.9617 
1725 9127 1451.4794714629 0.9617 
1730 9153 1451.4794714629 0.9617 
1735 9179 1451.4794714629 0.9617 
1740 9206 1451.4794714629 0.9617 
1745 9232 1451.4794714629 0.9617 
1750 9257 1451.4794714629 0.9617 
1755 9283 1451.4794714629 0.9617 
1760 9308 1451.4794714629 0.9617 
1765 9335 1451.4794714629 0.9617 
1770 9361 1451.4794714629 0.9617 
1775 9386 1451.4794714629 0.9617 
1780 9410 1451.4794714629 0.9617 
1785 9435 1451.4794714629 0.9617 
1790 9462 1451.4794714629 0.9617 
1795 9489 1451.4794714629 0.9617 
1800 9515 1451.4794714629 0.9617 
