0 0 1670.3715571417 0.0000 0 2016.8371703758 0.0000 0 1189.2475144776 0.0000 0 1798.6280893462 0.0000 0 1898.1783515073 0.0000 0 1295.6760255822 0.0000 0 1770.6730372539 0.0000
5 2 1670.3715571417 0.0000 2 2016.8371703758 0.0000 11 1189.2475144776 0.0000 3 1798.6280893462 0.0000 2 1898.1783515073 0.0000 5 1295.6760255822 0.0000 5 1770.6730372539 0.0000
10 6 1275.7529480188 0.8061 4 2016.8371703758 0.0000 22 1189.2475144776 0.0000 6 1798.6280893462 0.0000 4 1898.1783515073 0.0000 10 1295.6760255822 0.0000 10 1770.6730372539 0.0000
15 9 1217.7979562807 0.8445 6 1708.0509457220 0.7561 33 1189.2475144776 0.0000 9 1798.6280893462 0.0000 5 1898.1783515073 0.0000 16 1146.6539391432 0.9088 14 1770.6730372539 0.0000
20 12 1187.1529186152 0.8663 8 1628.4421885834 0.7931 44 1189.2475144776 0.0000 12 1798.6280893462 0.0000 7 1898.1783515073 0.0000 21 1137.4877488322 0.9162 19 1770.6730372539 0.0000
25 15 1180.7594244771 0.8710 9 1628.4421885834 0.7931 55 1189.2475144776 0.0000 15 1798.6280893462 0.0000 9 1898.1783515073 0.0000 26 1137.4877488322 0.9162 23 1770.6730372539 0.0000
30 18 1146.8098421105 0.8968 11 1574.3014802520 0.8203 67 1189.2475144776 0.0000 18 1798.6280893462 0.0000 10 1898.1783515073 0.0000 31 1137.4877488322 0.9162 27 1621.2345682824 0.9506
35 21 1125.8504264536 0.9135 12 1574.3014802520 0.8203 80 1189.2475144776 0.0000 21 1305.8729433072 0.8902 12 1898.1783515073 0.0000 37 1137.4877488322 0.9162 31 1611.4245748062 0.9564
40 25 1116.8426760068 0.9208 14 1526.9550254025 0.8458 92 1189.2475144776 0.0000 24 1305.8729433072 0.8902 13 1898.1783515073 0.0000 42 1137.4877488322 0.9162 35 1611.4245748062 0.9564
45 28 1113.6236013799 0.9235 16 1525.1616221988 0.8468 105 1189.2475144776 0.0000 27 1278.3281883895 0.9094 15 1898.1783515073 0.0000 48 1080.0469406179 0.9649 40 1602.1017062877 0.9619
50 31 1107.3218915058 0.9287 17 1525.1616221988 0.8468 119 1189.2475144776 0.0000 30 1278.3281883895 0.9094 16 1898.1783515073 0.0000 54 1074.0137626909 0.9703 45 1584.2479104781 0.9728
55 35 1094.8893471090 0.9393 19 1483.4333989541 0.8706 132 1189.2475144776 0.0000 33 1273.2980137639 0.9130 18 1898.1783515073 0.0000 60 1073.4707650343 0.9708 49 1582.7803801795 0.9737
60 38 1087.3364207853 0.9458 21 1477.8791127520 0.8739 146 1189.2475144776 0.0000 36 1265.9357279281 0.9183 19 1898.1783515073 0.0000 65 1073.4707650343 0.9708 54 1582.3506563335 0.9740
65 41 1085.7333883143 0.9472 22 1473.2937856720 0.8766 161 1189.2475144776 0.0000 40 1247.4761911907 0.9319 21 1898.1783515073 0.0000 71 1070.8652137589 0.9731 58 1579.4651853654 0.9757
70 45 1084.2184343766 0.9485 24 1473.2937856720 0.8766 175 1189.2475144776 0.0000 43 1235.1577277713 0.9412 22 1898.1783515073 0.0000 77 1068.4024532206 0.9754 64 1579.4651853654 0.9757
75 48 1080.4303205361 0.9519 25 1473.2937856720 0.8766 191 1189.2475144776 0.0000 46 1234.1509907103 0.9420 24 1898.1783515073 0.0000 83 1068.4024532206 0.9754 69 1576.1101752047 0.9778
80 52 1071.2309173240 0.9600 27 1466.7935829037 0.8805 209 1189.2475144776 0.0000 49 1234.1509907103 0.9420 25 1898.1783515073 0.0000 89 1068.4024532206 0.9754 74 1575.4514806487 0.9782
85 55 1063.8316965232 0.9667 29 1459.3068238054 0.8850 226 1189.2475144776 0.0000 53 1232.5471634321 0.9432 27 1898.1783515073 0.0000 96 1066.6276069910 0.9770 79 1573.9738674042 0.9791
90 58 1063.8316965232 0.9667 30 1457.9581505395 0.8858 246 1189.2475144776 0.0000 56 1232.5471634321 0.9432 29 1898.1783515073 0.0000 102 1066.6276069910 0.9770 84 1572.4568314110 0.9801
95 62 1063.7078503110 0.9668 32 1457.9581505395 0.8858 268 1189.2475144776 0.0000 59 1232.5471634321 0.9432 30 1898.1783515073 0.0000 108 1066.6276069910 0.9770 89 1572.4568314110 0.9801
100 65 1061.4567912130 0.9689 34 1457.4570514491 0.8861 292 1189.2475144776 0.0000 62 1232.1015858027 0.9436 32 1898.1783515073 0.0000 115 1065.5880772932 0.9780 95 1570.9558167409 0.9810
105 69 1061.1581990945 0.9691 35 1456.7587782953 0.8865 320 1189.2475144776 0.0000 66 1227.7541080290 0.9469 33 1898.1783515073 0.0000 121 1065.5238994135 0.9780 100 1569.8689429846 0.9817
110 73 1059.4784458366 0.9707 37 1452.7279075549 0.8890 352 1189.2475144776 0.0000 69 1227.7541080290 0.9469 35 1898.1783515073 0.0000 128 1065.5238994135 0.9780 106 1567.1382846633 0.9834
115 76 1057.7958100589 0.9722 39 1446.0688278050 0.8931 391 1189.2475144776 0.0000 73 1224.6707963381 0.9493 37 1898.1783515073 0.0000 134 1065.5238994135 0.9780 112 1567.1382846633 0.9834
120 80 1057.4901993815 0.9725 41 1445.8247780828 0.8932 449 1189.2475144776 0.0000 76 1221.5928757200 0.9517 38 1898.1783515073 0.0000 141 1065.5238994135 0.9780 117 1565.7666535994 0.9843
125 84 1057.4901993815 0.9725 42 1440.3810542112 0.8966 711 1189.2475144776 0.0000 80 1221.1773976617 0.9520 40 1898.1783515073 0.0000 148 1065.5238994135 0.9780 123 1565.7666535994 0.9843
130 87 1056.9200639133 0.9730 44 1439.0675987832 0.8974 997 1189.2475144776 0.0000 83 1221.1773976617 0.9520 41 1898.1783515073 0.0000 155 1059.5711638571 0.9835 129 1565.7666535994 0.9843
135 91 1056.9200639133 0.9730 46 1436.7933482204 0.8988 1283 1189.2475144776 0.0000 87 1221.1773976617 0.9520 43 1898.1783515073 0.0000 162 1059.5711638571 0.9835 134 1564.7052478394 0.9849
140 95 1056.9200639133 0.9730 47 1436.7933482204 0.8988 1569 1189.2475144776 0.0000 91 1221.1773976617 0.9520 45 1898.1783515073 0.0000 170 1059.5711638571 0.9835 140 1564.7052478394 0.9849
145 99 1056.9200639133 0.9730 49 1433.5852562220 0.9009 1861 1189.2475144776 0.0000 94 1221.1773976617 0.9520 46 1898.1783515073 0.0000 177 1059.5711638571 0.9835 146 1564.6257484343 0.9850
150 103 1056.9200639133 0.9730 51 1418.8228728008 0.9102 2156 1189.2475144776 0.0000 98 1214.8095204555 0.9570 48 1898.1783515073 0.0000 185 1059.5711638571 0.9835 153 1564.0495581215 0.9854
155 107 1056.5926768150 0.9733 53 1418.8228728008 0.9102 2441 1189.2475144776 0.0000 102 1214.7020849189 0.9571 50 1898.1783515073 0.0000 192 1059.5711638571 0.9835 159 1564.0495581215 0.9854
160 111 1055.1925660188 0.9746 54 1415.1451606734 0.9126 2742 1189.2475144776 0.0000 106 1214.7020849189 0.9571 52 1898.1783515073 0.0000 200 1059.5711638571 0.9835 166 1564.0495581215 0.9854
165 115 1055.1925660188 0.9746 56 1411.5954311244 0.9149 3029 1189.2475144776 0.0000 110 1211.5267378027 0.9596 53 1898.1783515073 0.0000 208 1059.5711638571 0.9835 173 1564.0495581215 0.9854
170 119 1054.3605057506 0.9754 58 1411.2142653521 0.9151 3331 1189.2475144776 0.0000 114 1211.5267378027 0.9596 55 1898.1783515073 0.0000 216 1059.5711638571 0.9835 180 1564.0495581215 0.9854
175 124 1054.3605057506 0.9754 59 1410.6569251226 0.9155 3633 909.6750532832 1.0000 118 1205.8711562631 0.9641 57 1898.1783515073 0.0000 225 1059.5711638571 0.9835 186 1564.0495581215 0.9854
180 128 1054.3605057506 0.9754 61 1410.6569251226 0.9155 3933 909.6750532832 1.0000 123 1205.8711562631 0.9641 58 1898.1783515073 0.0000 234 1059.5711638571 0.9835 193 1563.9570487382 0.9854
185 132 1054.3605057506 0.9754 63 1402.5664591965 0.9208 4236 909.6750532832 1.0000 127 1205.8711562631 0.9641 60 1898.1783515073 0.0000 243 1059.5711638571 0.9835 201 1563.9570487382 0.9854
190 136 1054.3605057506 0.9754 65 1402.5664591965 0.9208 4544 909.6750532832 1.0000 131 1205.8711562631 0.9641 62 1898.1783515073 0.0000 252 1059.5711638571 0.9835 208 1563.9570487382 0.9854
195 141 1054.3605057506 0.9754 67 1402.5664591965 0.9208 4852 909.6750532832 1.0000 136 1204.6212638176 0.9651 64 1898.1783515073 0.0000 261 1059.5711638571 0.9835 215 1563.9570487382 0.9854
200 145 1054.3605057506 0.9754 68 1401.7135097804 0.9213 5161 909.6750532832 1.0000 140 1204.4417554939 0.9652 65 1898.1783515073 0.0000 270 1059.5711638571 0.9835 223 1563.9570487382 0.9854
205 150 1054.3605057506 0.9754 70 1401.7135097804 0.9213 5466 909.6750532832 1.0000 145 1204.4417554939 0.9652 67 1898.1783515073 0.0000 281 1059.5711638571 0.9835 231 1563.8275388897 0.9855
210 154 1054.3605057506 0.9754 72 1396.9686938895 0.9245 5774 909.6750532832 1.0000 149 1204.4417554939 0.9652 69 1898.1783515073 0.0000 292 1059.5711638571 0.9835 239 1563.8275388897 0.9855
215 159 1054.3605057506 0.9754 74 1396.9686938895 0.9245 6078 909.6750532832 1.0000 154 1204.4417554939 0.9652 71 1898.1783515073 0.0000 303 1059.5711638571 0.9835 248 1563.1078740186 0.9859
220 164 1054.3605057506 0.9754 76 1396.9686938895 0.9245 6382 909.6750532832 1.0000 158 1204.4417554939 0.9652 73 1898.1783515073 0.0000 314 1059.5711638571 0.9835 257 1563.1078740186 0.9859
225 169 1054.3605057506 0.9754 78 1396.9686938895 0.9245 6681 909.6750532832 1.0000 163 1204.4417554939 0.9652 74 1898.1783515073 0.0000 326 1059.5711638571 0.9835 266 1563.1078740186 0.9859
230 174 1054.3605057506 0.9754 80 1396.9686938895 0.9245 6986 909.6750532832 1.0000 168 1204.4417554939 0.9652 76 1898.1783515073 0.0000 339 1059.5711638571 0.9835 275 1563.0191641998 0.9860
235 179 1054.3605057506 0.9754 81 1396.9686938895 0.9245 7287 909.6750532832 1.0000 173 1204.4417554939 0.9652 78 1898.1783515073 0.0000 354 1059.5711638571 0.9835 285 1562.5751992280 0.9863
240 184 1054.3605057506 0.9754 83 1395.8550681890 0.9252 7585 909.6750532832 1.0000 178 1203.8383757745 0.9657 80 1898.1783515073 0.0000 368 1059.5711638571 0.9835 295 1562.5751992280 0.9863
245 189 1054.3605057506 0.9754 85 1392.2379971530 0.9276 7886 909.6750532832 1.0000 183 1203.8383757745 0.9657 82 1898.1783515073 0.0000 384 1059.5711638571 0.9835 306 1561.0128568458 0.9873
250 194 1054.3605057506 0.9754 87 1392.2379971530 0.9276 8184 909.6750532832 1.0000 188 1203.8383757745 0.9657 84 1898.1783515073 0.0000 404 1059.5711638571 0.9835 317 1561.0128568458 0.9873
255 199 1054.3605057506 0.9754 89 1392.2379971530 0.9276 8487 909.6750532832 1.0000 194 1203.8383757745 0.9657 85 1898.1783515073 0.0000 427 1059.5711638571 0.9835 329 1561.0128568458 0.9873
260 205 1054.3605057506 0.9754 91 1385.0663788722 0.9324 8788 909.6750532832 1.0000 200 1203.8383757745 0.9657 87 1898.1783515073 0.0000 456 1059.5711638571 0.9835 341 1561.0128568458 0.9873
265 210 1054.3605057506 0.9754 93 1383.8366451154 0.9332 9093 909.6750532832 1.0000 205 1203.8383757745 0.9657 89 1898.1783515073 0.0000 526 1059.5711638571 0.9835 355 1561.0128568458 0.9873
270 216 1054.3605057506 0.9754 95 1383.8366451154 0.9332 9401 909.6750532832 1.0000 211 1203.8383757745 0.9657 91 1898.1783515073 0.0000 667 1059.5711638571 0.9835 370 1561.0128568458 0.9873
275 222 1054.3605057506 0.9754 97 1383.8366451154 0.9332 9702 909.6750532832 1.0000 218 1203.8383757745 0.9657 93 1898.1783515073 0.0000 808 1059.5711638571 0.9835 387 1561.0128568458 0.9873
280 228 1054.3605057506 0.9754 99 1383.8366451154 0.9332 10015 909.6750532832 1.0000 224 1203.8383757745 0.9657 95 1898.1783515073 0.0000 946 1059.5711638571 0.9835 407 1561.0128568458 0.9873
285 234 1054.3605057506 0.9754 101 1379.3873654016 0.9362 10324 909.6750532832 1.0000 231 1203.8383757745 0.9657 97 1898.1783515073 0.0000 1076 1055.2162531742 0.9876 431 1560.9506102182 0.9873
290 240 1054.3605057506 0.9754 103 1379.3873654016 0.9362 10628 909.6750532832 1.0000 238 1203.8383757745 0.9657 99 1898.1783515073 0.0000 1214 1055.2162531742 0.9876 471 1557.1422925171 0.9897
295 246 1054.3605057506 0.9754 106 1379.3873654016 0.9362 10926 909.6750532832 1.0000 245 1203.8383757745 0.9657 101 1898.1783515073 0.0000 1356 1055.2162531742 0.9876 594 1550.1030333942 0.9942
300 253 1054.3605057506 0.9754 108 1379.3873654016 0.9362 11230 909.6750532832 1.0000 252 1203.8383757745 0.9657 103 1898.1783515073 0.0000 1503 1055.2162531742 0.9876 732 1550.0425137850 0.9943
305 260 1054.3605057506 0.9754 110 1379.3873654016 0.9362 11534 909.6750532832 1.0000 259 1203.8383757745 0.9657 105 1898.1783515073 0.0000 1649 1055.2162531742 0.9876 870 1550.0425137850 0.9943
310 267 1054.3605057506 0.9754 112 1379.3873654016 0.9362 11838 909.6750532832 1.0000 267 1203.8383757745 0.9657 107 1898.1783515073 0.0000 1792 1055.2162531742 0.9876 1007 1550.0425137850 0.9943
315 274 1054.3605057506 0.9754 114 1378.3110995586 0.9370 12139 909.6750532832 1.0000 275 1203.8383757745 0.9657 108 1898.1783515073 0.0000 1941 1055.2162531742 0.9876 1139 1550.0425137850 0.9943
320 281 1054.3605057506 0.9754 117 1378.3110995586 0.9370 12445 909.6750532832 1.0000 283 1203.8383757745 0.9657 110 1898.1783515073 0.0000 2081 1055.2162531742 0.9876 1277 1550.0425137850 0.9943
325 288 1054.3605057506 0.9754 119 1378.3110995586 0.9370 12756 909.6750532832 1.0000 291 1203.8383757745 0.9657 112 1898.1783515073 0.0000 2224 1055.2162531742 0.9876 1410 1549.0471442474 0.9949
330 296 1054.3605057506 0.9754 121 1378.1624353509 0.9371 13065 909.6750532832 1.0000 301 1203.8383757745 0.9657 114 1898.1783515073 0.0000 2369 1055.2162531742 0.9876 1545 1549.0471442474 0.9949
335 304 1054.3605057506 0.9754 123 1377.0516219165 0.9378 13370 909.6750532832 1.0000 310 1203.8383757745 0.9657 116 1898.1783515073 0.0000 2511 1055.2162531742 0.9876 1682 1549.0471442474 0.9949
340 313 1054.2584599189 0.9755 126 1377.0516219165 0.9378 13672 909.6750532832 1.0000 321 1203.8383757745 0.9657 118 1898.1783515073 0.0000 2655 1055.2162531742 0.9876 1820 1549.0471442474 0.9949
345 322 1054.2584599189 0.9755 128 1377.0516219165 0.9378 13981 909.6750532832 1.0000 332 1203.8383757745 0.9657 120 1898.1783515073 0.0000 2798 1055.2162531742 0.9876 1955 1549.0471442474 0.9949
350 331 1054.2584599189 0.9755 130 1375.1979331062 0.9391 14296 909.6750532832 1.0000 345 1203.8383757745 0.9657 122 1898.1783515073 0.0000 2930 1055.2162531742 0.9876 2091 1549.0471442474 0.9949
355 340 1054.2584599189 0.9755 132 1373.2806891593 0.9404 14602 909.6750532832 1.0000 361 1203.8383757745 0.9657 125 1898.1783515073 0.0000 3074 1055.2162531742 0.9876 2226 1549.0471442474 0.9949
360 350 1054.2584599189 0.9755 135 1373.2806891593 0.9404 14906 909.6750532832 1.0000 377 1203.8383757745 0.9657 127 1898.1783515073 0.0000 3207 1055.2162531742 0.9876 2364 1549.0471442474 0.9949
365 361 1054.2584599189 0.9755 137 1373.0478306707 0.9406 15210 909.6750532832 1.0000 402 1203.8383757745 0.9657 129 1898.1783515073 0.0000 3345 1055.2162531742 0.9876 2501 1549.0471442474 0.9949
370 372 1054.2584599189 0.9755 139 1372.8737330253 0.9407 15519 909.6750532832 1.0000 451 1191.9196156324 0.9754 131 1898.1783515073 0.0000 3484 1055.1869926071 0.9876 2639 1549.0471442474 0.9949
375 385 1053.6465737812 0.9761 142 1372.8737330253 0.9407 15829 909.6750532832 1.0000 551 1184.0391525803 0.9819 133 1898.1783515073 0.0000 3619 1055.1869926071 0.9876 2773 1549.0471442474 0.9949
380 398 1053.6465737812 0.9761 144 1372.8737330253 0.9407 16132 909.6750532832 1.0000 654 1184.0391525803 0.9819 135 1898.1783515073 0.0000 3760 1054.1946767395 0.9885 2909 1549.0471442474 0.9949
385 414 1053.4455557896 0.9762 146 1372.8737330253 0.9407 16440 909.6750532832 1.0000 761 1184.0391525803 0.9819 138 1898.1783515073 0.0000 3896 1054.1946767395 0.9885 3042 1549.0471442474 0.9949
390 432 1052.8936995040 0.9768 149 1372.8737330253 0.9407 16737 909.6750532832 1.0000 867 1184.0391525803 0.9819 140 1898.1783515073 0.0000 4035 1054.1946767395 0.9885 3176 1549.0471442474 0.9949
395 456 1052.8936995040 0.9768 151 1372.8737330253 0.9407 17038 909.6750532832 1.0000 973 1184.0391525803 0.9819 142 1898.1783515073 0.0000 4165 1054.1946767395 0.9885 3303 1549.0471442474 0.9949
400 498 1051.3078957608 0.9782 153 1372.8737330253 0.9407 17322 909.6750532832 1.0000 1069 1184.0391525803 0.9819 144 1898.1783515073 0.0000 4305 1054.1946767395 0.9885 3430 1549.0471442474 0.9949
405 590 1051.3078957608 0.9782 156 1372.6782972778 0.9408 17626 909.6750532832 1.0000 1175 1184.0391525803 0.9819 146 1898.1783515073 0.0000 4448 1054.1946767395 0.9885 3560 1549.0471442474 0.9949
410 684 1049.8329782455 0.9796 158 1372.6782972778 0.9408 17934 909.6750532832 1.0000 1278 1184.0391525803 0.9819 149 1898.1783515073 0.0000 4595 1054.1946767395 0.9885 3697 1549.0471442474 0.9949
415 775 1049.8329782455 0.9796 161 1372.6782972778 0.9408 18241 909.6750532832 1.0000 1383 1184.0391525803 0.9819 151 1898.1783515073 0.0000 4741 1054.1946767395 0.9885 3830 1549.0471442474 0.9949
420 867 1048.8186289647 0.9806 163 1372.6782972778 0.9408 18544 909.6750532832 1.0000 1487 1184.0391525803 0.9819 153 1898.1783515073 0.0000 4878 1054.1946767395 0.9885 3965 1549.0471442474 0.9949
425 960 1048.8186289647 0.9806 166 1372.6782972778 0.9408 18850 909.6750532832 1.0000 1595 1184.0391525803 0.9819 155 1898.1783515073 0.0000 5014 1054.1946767395 0.9885 4091 1549.0471442474 0.9949
430 1054 1048.8186289647 0.9806 168 1372.6782972778 0.9408 19153 909.6750532832 1.0000 1697 1184.0391525803 0.9819 157 1898.1783515073 0.0000 5150 1053.0412768000 0.9896 4225 1549.0471442474 0.9949
435 1145 1048.8186289647 0.9806 171 1372.6558566434 0.9408 19462 909.6750532832 1.0000 1802 1184.0391525803 0.9819 160 1898.1783515073 0.0000 5289 1053.0412768000 0.9896 4357 1549.0471442474 0.9949
440 1238 1048.8186289647 0.9806 174 1372.6558566434 0.9408 19772 909.6750532832 1.0000 1906 1184.0391525803 0.9819 162 1898.1783515073 0.0000 5431 1053.0412768000 0.9896 4491 1549.0471442474 0.9949
445 1333 1048.8186289647 0.9806 176 1371.8543873767 0.9414 20081 909.6750532832 1.0000 2011 1184.0391525803 0.9819 165 1898.1783515073 0.0000 5568 1053.0412768000 0.9896 4621 1549.0471442474 0.9949
450 1427 1048.8186289647 0.9806 179 1371.8543873767 0.9414 20383 909.6750532832 1.0000 2112 1184.0391525803 0.9819 167 1898.1783515073 0.0000 5706 1053.0412768000 0.9896 4752 1549.0471442474 0.9949
455 1521 1048.8186289647 0.9806 181 1371.8543873767 0.9414 20692 909.6750532832 1.0000 2218 1184.0391525803 0.9819 169 1898.1783515073 0.0000 5831 1053.0412768000 0.9896 4882 1549.0471442474 0.9949
460 1614 1048.8186289647 0.9806 184 1371.8543873767 0.9414 21002 909.6750532832 1.0000 2320 1184.0391525803 0.9819 172 1898.1783515073 0.0000 5971 1053.0412768000 0.9896 5014 1549.0471442474 0.9949
465 1707 1048.8186289647 0.9806 187 1371.8543873767 0.9414 21307 909.6750532832 1.0000 2421 1184.0391525803 0.9819 174 1898.1783515073 0.0000 6102 1053.0412768000 0.9896 5146 1549.0471442474 0.9949
470 1802 1048.8186289647 0.9806 190 1371.8543873767 0.9414 21613 909.6750532832 1.0000 2525 1184.0391525803 0.9819 177 1898.1783515073 0.0000 6231 1053.0412768000 0.9896 5276 1549.0471442474 0.9949
475 1896 1048.8186289647 0.9806 193 1371.8543873767 0.9414 21920 909.6750532832 1.0000 2628 1184.0391525803 0.9819 179 1898.1783515073 0.0000 6344 1053.0412768000 0.9896 5406 1549.0471442474 0.9949
480 1988 1048.8186289647 0.9806 195 1371.8543873767 0.9414 22224 909.6750532832 1.0000 2731 1184.0391525803 0.9819 181 1898.1783515073 0.0000 6455 1053.0412768000 0.9896 5538 1549.0471442474 0.9949
485 2079 1048.8186289647 0.9806 198 1371.8543873767 0.9414 22523 909.6750532832 1.0000 2835 1184.0391525803 0.9819 184 1898.1783515073 0.0000 6590 1053.0412768000 0.9896 5669 1548.9651015558 0.9949
490 2174 1048.8186289647 0.9806 201 1371.8543873767 0.9414 22833 909.6750532832 1.0000 2937 1184.0391525803 0.9819 186 1898.1783515073 0.0000 6696 1053.0412768000 0.9896 5798 1548.9651015558 0.9949
495 2267 1048.8186289647 0.9806 204 1370.1180375948 0.9426 23147 909.6750532832 1.0000 3040 1184.0391525803 0.9819 189 1898.1783515073 0.0000 6820 1053.0412768000 0.9896 5929 1548.9651015558 0.9949
500 2358 1048.8186289647 0.9806 207 1369.7701541109 0.9428 23458 909.6750532832 1.0000 3141 1184.0391525803 0.9819 191 1898.1783515073 0.0000 6948 1053.0412768000 0.9896 6062 1548.9651015558 0.9949
505 2449 1048.8186289647 0.9806 210 1369.7701541109 0.9428 23765 909.6750532832 1.0000 3245 1184.0391525803 0.9819 194 1898.1783515073 0.0000 7085 1053.0412768000 0.9896 6192 1548.9651015558 0.9949
510 2542 1048.8186289647 0.9806 213 1369.7701541109 0.9428 24074 909.6750532832 1.0000 3349 1184.0391525803 0.9819 196 1898.1783515073 0.0000 7227 1053.0412768000 0.9896 6327 1548.9651015558 0.9949
515 2634 1048.8186289647 0.9806 215 1369.7701541109 0.9428 24384 909.6750532832 1.0000 3450 1184.0391525803 0.9819 199 1898.1783515073 0.0000 7369 1053.0412768000 0.9896 6455 1548.9651015558 0.9949
520 2726 1048.8186289647 0.9806 218 1369.7701541109 0.9428 24692 909.6750532832 1.0000 3554 1184.0391525803 0.9819 201 1898.1783515073 0.0000 7501 1053.0412768000 0.9896 6587 1548.9651015558 0.9949
525 2819 1048.8186289647 0.9806 221 1369.6678549376 0.9429 25001 909.6750532832 1.0000 3659 1181.2768813026 0.9841 204 1898.1783515073 0.0000 7614 1053.0412768000 0.9896 6717 1548.9100149481 0.9950
530 2912 1048.8186289647 0.9806 225 1369.5866101976 0.9429 25311 909.6750532832 1.0000 3762 1181.2768813026 0.9841 206 1898.1783515073 0.0000 7749 1053.0412768000 0.9896 6851 1548.9100149481 0.9950
535 3008 1048.8186289647 0.9806 227 1369.5866101976 0.9429 25618 909.6750532832 1.0000 3867 1181.2768813026 0.9841 209 1898.1783515073 0.0000 7893 1053.0412768000 0.9896 6980 1548.9100149481 0.9950
540 3101 1048.8186289647 0.9806 230 1369.5866101976 0.9429 25901 909.6750532832 1.0000 3971 1181.2768813026 0.9841 211 1898.1783515073 0.0000 8031 1053.0412768000 0.9896 7114 1548.9100149481 0.9950
545 3194 1048.8186289647 0.9806 233 1369.5866101976 0.9429 26184 909.6750532832 1.0000 4067 1181.2768813026 0.9841 214 1898.1783515073 0.0000 8169 1053.0412768000 0.9896 7243 1548.9100149481 0.9950
550 3288 1048.8186289647 0.9806 236 1369.3302970862 0.9431 26476 909.6750532832 1.0000 4162 1181.2768813026 0.9841 216 1898.1783515073 0.0000 8307 1053.0412768000 0.9896 7378 1548.9100149481 0.9950
555 3383 1047.8508164454 0.9815 240 1369.3302970862 0.9431 26761 909.6750532832 1.0000 4257 1181.2768813026 0.9841 219 1898.1783515073 0.0000 8449 1053.0412768000 0.9896 7509 1548.9100149481 0.9950
560 3475 1047.7951972676 0.9815 243 1369.3302970862 0.9431 27043 909.6750532832 1.0000 4361 1181.2768813026 0.9841 222 1898.1783515073 0.0000 8586 1053.0412768000 0.9896 7642 1548.9100149481 0.9950
565 3567 1047.0367156303 0.9822 246 1369.3302970862 0.9431 27334 909.6750532832 1.0000 4465 1181.2768813026 0.9841 225 1898.1783515073 0.0000 8726 1053.0412768000 0.9896 7768 1548.9100149481 0.9950
570 3661 1047.0367156303 0.9822 249 1369.3302970862 0.9431 27634 909.6750532832 1.0000 4568 1181.2768813026 0.9841 227 1898.1783515073 0.0000 8863 1053.0412768000 0.9896 7900 1548.9100149481 0.9950
575 3755 1047.0367156303 0.9822 252 1369.3302970862 0.9431 27915 909.6750532832 1.0000 4669 1181.2768813026 0.9841 230 1898.1783515073 0.0000 8998 1053.0412768000 0.9896 8028 1548.8580093114 0.9950
580 3842 1047.0367156303 0.9822 255 1365.9819576858 0.9454 28204 909.6750532832 1.0000 4773 1181.2768813026 0.9841 233 1898.1783515073 0.0000 9136 1053.0412768000 0.9896 8161 1548.8580093114 0.9950
585 3935 1047.0367156303 0.9822 259 1365.9819576858 0.9454 28499 909.6750532832 1.0000 4876 1181.2768813026 0.9841 236 1898.1783515073 0.0000 9273 1053.0412768000 0.9896 8295 1548.8580093114 0.9950
590 4030 1047.0367156303 0.9822 262 1365.9819576858 0.9454 28793 909.6750532832 1.0000 4981 1181.2768813026 0.9841 239 1898.1783515073 0.0000 9404 1053.0412768000 0.9896 8427 1548.8580093114 0.9950
595 4123 1047.0367156303 0.9822 266 1365.9819576858 0.9454 29086 909.6750532832 1.0000 5083 1181.2768813026 0.9841 242 1898.1783515073 0.0000 9541 1053.0412768000 0.9896 8560 1548.6936726816 0.9951
600 4216 1047.0367156303 0.9822 269 1365.9819576858 0.9454 29388 909.6750532832 1.0000 5188 1181.2768813026 0.9841 245 1898.1783515073 0.0000 9676 1053.0412768000 0.9896 8693 1548.5715200153 0.9952
605 4311 1047.0367156303 0.9822 273 1365.9819576858 0.9454 29683 909.6750532832 1.0000 5291 1181.2768813026 0.9841 247 1898.1783515073 0.0000 9811 1053.0412768000 0.9896 8824 1548.5715200153 0.9952
610 4406 1047.0367156303 0.9822 276 1365.9819576858 0.9454 29977 909.6750532832 1.0000 5395 1181.2768813026 0.9841 250 1898.1783515073 0.0000 9943 1053.0412768000 0.9896 8962 1548.5715200153 0.9952
615 4501 1047.0367156303 0.9822 280 1365.9819576858 0.9454 30271 909.6750532832 1.0000 5501 1181.2768813026 0.9841 253 1898.1783515073 0.0000 10089 1052.1763529345 0.9904 9097 1548.5715200153 0.9952
620 4594 1047.0367156303 0.9822 284 1365.9819576858 0.9454 30567 909.6750532832 1.0000 5603 1181.2768813026 0.9841 256 1898.1783515073 0.0000 10236 1052.1763529345 0.9904 9233 1548.5715200153 0.9952
625 4687 1047.0367156303 0.9822 288 1364.7606102737 0.9463 30863 909.6750532832 1.0000 5706 1181.2768813026 0.9841 260 1898.1783515073 0.0000 10378 1052.1763529345 0.9904 9362 1548.5715200153 0.9952
630 4780 1047.0367156303 0.9822 292 1364.7606102737 0.9463 31152 909.6750532832 1.0000 5807 1181.2768813026 0.9841 263 1898.1783515073 0.0000 10526 1052.1763529345 0.9904 9503 1548.5715200153 0.9952
635 4870 1047.0367156303 0.9822 296 1364.7606102737 0.9463 31437 909.6750532832 1.0000 5910 1181.2768813026 0.9841 266 1898.1783515073 0.0000 10672 1052.1763529345 0.9904 9640 1548.5715200153 0.9952
640 4963 1047.0367156303 0.9822 300 1364.7606102737 0.9463 31729 909.6750532832 1.0000 6017 1181.2768813026 0.9841 269 1898.1783515073 0.0000 10816 1052.1763529345 0.9904 9774 1548.5715200153 0.9952
645 5057 1047.0367156303 0.9822 304 1364.7606102737 0.9463 32022 909.6750532832 1.0000 6119 1181.2768813026 0.9841 272 1898.1783515073 0.0000 10962 1052.1763529345 0.9904 9911 1548.5715200153 0.9952
650 5151 1047.0367156303 0.9822 309 1364.7606102737 0.9463 32316 909.6750532832 1.0000 6221 1181.2768813026 0.9841 276 1898.1783515073 0.0000 11102 1052.1763529345 0.9904 10049 1548.5715200153 0.9952
655 5245 1047.0367156303 0.9822 314 1363.6643108311 0.9470 32610 909.6750532832 1.0000 6327 1181.2768813026 0.9841 279 1898.1783515073 0.0000 11243 1052.1763529345 0.9904 10186 1548.5715200153 0.9952
660 5338 1047.0367156303 0.9822 318 1363.6643108311 0.9470 32902 909.6750532832 1.0000 6429 1181.2768813026 0.9841 282 1898.1783515073 0.0000 11380 1052.1763529345 0.9904 10325 1548.5715200153 0.9952
665 5431 1047.0367156303 0.9822 323 1363.3131439969 0.9473 33195 909.6750532832 1.0000 6533 1181.2768813026 0.9841 286 1898.1783515073 0.0000 11509 1052.1763529345 0.9904 10462 1548.5715200153 0.9952
670 5524 1047.0367156303 0.9822 328 1363.3131439969 0.9473 33491 909.6750532832 1.0000 6637 1181.2768813026 0.9841 289 1898.1783515073 0.0000 11647 1052.1763529345 0.9904 10601 1548.5715200153 0.9952
675 5617 1047.0367156303 0.9822 334 1362.8570043689 0.9476 33790 909.6750532832 1.0000 6744 1181.2768813026 0.9841 293 1898.1783515073 0.0000 11782 1052.1763529345 0.9904 10737 1548.5715200153 0.9952
680 5709 1047.0367156303 0.9822 339 1362.7709729295 0.9477 34083 909.6750532832 1.0000 6849 1181.2768813026 0.9841 296 1898.1783515073 0.0000 11923 1052.1763529345 0.9904 10876 1548.5715200153 0.9952
685 5803 1047.0367156303 0.9822 345 1362.7709729295 0.9477 34370 909.6750532832 1.0000 6953 1181.2768813026 0.9841 300 1898.1783515073 0.0000 12058 1052.1763529345 0.9904 11010 1548.4972044153 0.9952
690 5897 1047.0367156303 0.9822 351 1361.8176419378 0.9483 34665 909.6750532832 1.0000 7056 1181.2768813026 0.9841 304 1898.1783515073 0.0000 12198 1052.1763529345 0.9904 11135 1548.4972044153 0.9952
695 5989 1047.0367156303 0.9822 357 1361.8176419378 0.9483 34947 909.6750532832 1.0000 7157 1181.2768813026 0.9841 307 1898.1783515073 0.0000 12335 1052.1763529345 0.9904 11262 1548.4675611323 0.9953
700 6080 1047.0367156303 0.9822 363 1361.8176419378 0.9483 35236 909.6750532832 1.0000 7261 1181.2768813026 0.9841 311 1898.1783515073 0.0000 12478 1052.1763529345 0.9904 11401 1548.4675611323 0.9953
705 6170 1047.0367156303 0.9822 370 1361.8176419378 0.9483 35525 909.6750532832 1.0000 7366 1181.2768813026 0.9841 315 1898.1783515073 0.0000 12622 1052.1763529345 0.9904 11537 1548.4675611323 0.9953
710 6263 1047.0367156303 0.9822 378 1361.8176419378 0.9483 35811 909.6750532832 1.0000 7469 1181.2768813026 0.9841 319 1898.1783515073 0.0000 12769 1052.1763529345 0.9904 11672 1548.4675611323 0.9953
715 6356 1047.0367156303 0.9822 385 1361.5709242903 0.9485 36101 909.6750532832 1.0000 7573 1181.2768813026 0.9841 323 1898.1783515073 0.0000 12915 1052.1763529345 0.9904 11808 1548.4675611323 0.9953
720 6450 1047.0367156303 0.9822 394 1361.5709242903 0.9485 36395 909.6750532832 1.0000 7676 1181.2768813026 0.9841 327 1898.1783515073 0.0000 13058 1052.1763529345 0.9904 11946 1548.4675611323 0.9953
725 6544 1047.0367156303 0.9822 404 1361.2352627046 0.9487 36687 909.6750532832 1.0000 7777 1181.2768813026 0.9841 331 1898.1783515073 0.0000 13201 1052.1763529345 0.9904 12079 1547.3541986442 0.9960
730 6634 1047.0367156303 0.9822 414 1361.2352627046 0.9487 36974 909.6750532832 1.0000 7879 1181.2768813026 0.9841 336 1898.1783515073 0.0000 13344 1052.1763529345 0.9904 12218 1547.3541986442 0.9960
735 6728 1047.0367156303 0.9822 427 1361.2352627046 0.9487 37270 909.6750532832 1.0000 7984 1181.2768813026 0.9841 340 1898.1783515073 0.0000 13487 1052.1763529345 0.9904 12354 1546.7838133962 0.9964
740 6820 1047.0367156303 0.9822 442 1361.2352627046 0.9487 37563 909.6750532832 1.0000 8088 1181.2768813026 0.9841 345 1898.1783515073 0.0000 13633 1052.1763529345 0.9904 12494 1546.7838133962 0.9964
745 6914 1047.0367156303 0.9822 466 1359.8894234573 0.9497 37832 909.6750532832 1.0000 8191 1181.2768813026 0.9841 350 1898.1783515073 0.0000 13779 1052.1763529345 0.9904 12630 1546.7838133962 0.9964
750 7007 1047.0367156303 0.9822 516 1357.2999383681 0.9515 38104 909.6750532832 1.0000 8293 1181.2768813026 0.9841 356 1898.1783515073 0.0000 13921 1052.1763529345 0.9904 12767 1546.7838133962 0.9964
755 7101 1047.0367156303 0.9822 568 1353.3175593421 0.9543 38381 909.6750532832 1.0000 8395 1181.2768813026 0.9841 361 1898.1783515073 0.0000 14061 1052.1763529345 0.9904 12904 1546.7838133962 0.9964
760 7197 1047.0367156303 0.9822 618 1351.9743795900 0.9552 38668 909.6750532832 1.0000 8498 1181.2768813026 0.9841 367 1898.1783515073 0.0000 14181 1052.1763529345 0.9904 13043 1546.7838133962 0.9964
765 7288 1047.0367156303 0.9822 667 1351.7103669818 0.9554 38959 909.6750532832 1.0000 8595 1181.2768813026 0.9841 372 1898.1783515073 0.0000 14314 1052.1763529345 0.9904 13177 1546.7838133962 0.9964
770 7382 1047.0367156303 0.9822 718 1349.6951343141 0.9568 39248 909.6750532832 1.0000 8693 1181.2768813026 0.9841 379 1898.1783515073 0.0000 14447 1052.1763529345 0.9904 13315 1546.7838133962 0.9964
775 7476 1047.0367156303 0.9822 771 1346.1172876095 0.9594 39534 909.6750532832 1.0000 8794 1181.2768813026 0.9841 385 1898.1783515073 0.0000 14589 1052.1763529345 0.9904 13451 1546.7838133962 0.9964
780 7569 1047.0367156303 0.9822 823 1343.4564971181 0.9613 39821 909.6750532832 1.0000 8898 1181.2768813026 0.9841 392 1898.1783515073 0.0000 14713 1052.1763529345 0.9904 13592 1546.7838133962 0.9964
785 7662 1047.0367156303 0.9822 873 1343.4496176797 0.9613 40108 909.6750532832 1.0000 9006 1181.2768813026 0.9841 399 1898.1783515073 0.0000 14830 1052.1763529345 0.9904 13728 1546.7838133962 0.9964
790 7757 1047.0367156303 0.9822 924 1343.4496176797 0.9613 40399 909.6750532832 1.0000 9108 1181.2768813026 0.9841 406 1898.1783515073 0.0000 14967 1052.1763529345 0.9904 13866 1546.7838133962 0.9964
795 7848 1047.0367156303 0.9822 975 1343.4496176797 0.9613 40686 909.6750532832 1.0000 9214 1181.2768813026 0.9841 414 1898.1783515073 0.0000 15107 1052.1763529345 0.9904 14003 1546.7838133962 0.9964
800 7940 1047.0367156303 0.9822 1027 1343.4496176797 0.9613 40973 909.6750532832 1.0000 9318 1181.2768813026 0.9841 424 1898.1783515073 0.0000 15238 1052.1763529345 0.9904 14137 1546.7838133962 0.9964
805 8035 1047.0367156303 0.9822 1079 1343.4496176797 0.9613 41256 909.6750532832 1.0000 9421 1181.2768813026 0.9841 434 1898.1783515073 0.0000 15364 1052.1763529345 0.9904 14256 1546.7838133962 0.9964
810 8129 1047.0367156303 0.9822 1130 1343.4496176797 0.9613 41547 909.6750532832 1.0000 9526 1181.2768813026 0.9841 445 1898.1783515073 0.0000 15484 1052.1763529345 0.9904 14384 1546.7838133962 0.9964
815 8221 1047.0367156303 0.9822 1180 1342.9124484666 0.9617 41833 909.6750532832 1.0000 9630 1181.2768813026 0.9841 457 1898.1783515073 0.0000 15586 1052.1763529345 0.9904 14507 1546.7838133962 0.9964
820 8317 1047.0367156303 0.9822 1231 1342.5202090162 0.9620 42118 909.6750532832 1.0000 9734 1181.2768813026 0.9841 475 1898.1783515073 0.0000 15696 1052.1763529345 0.9904 14632 1546.7838133962 0.9964
825 8409 1047.0367156303 0.9822 1279 1342.5202090162 0.9620 42403 909.6750532832 1.0000 9838 1181.2768813026 0.9841 502 1898.1783515073 0.0000 15835 1052.1763529345 0.9904 14749 1546.7838133962 0.9964
830 8501 1047.0367156303 0.9822 1332 1342.5202090162 0.9620 42693 909.6750532832 1.0000 9942 1181.2768813026 0.9841 548 1898.1783515073 0.0000 15977 1052.1763529345 0.9904 14880 1546.7838133962 0.9964
835 8593 1047.0367156303 0.9822 1384 1342.5202090162 0.9620 42986 909.6750532832 1.0000 10046 1181.2768813026 0.9841 594 1898.1783515073 0.0000 16095 1052.1763529345 0.9904 15006 1546.7838133962 0.9964
840 8686 1047.0367156303 0.9822 1436 1342.5202090162 0.9620 43270 909.6750532832 1.0000 10150 1181.2768813026 0.9841 643 1898.1783515073 0.0000 16213 1052.1763529345 0.9904 15133 1546.7838133962 0.9964
845 8778 1047.0367156303 0.9822 1488 1342.5202090162 0.9620 43544 909.6750532832 1.0000 10257 1181.2768813026 0.9841 689 1898.1783515073 0.0000 16349 1052.1763529345 0.9904 15270 1546.7838133962 0.9964
850 8871 1047.0367156303 0.9822 1541 1342.5202090162 0.9620 43805 909.6750532832 1.0000 10359 1181.2768813026 0.9841 733 1898.1783515073 0.0000 16476 1052.1763529345 0.9904 15404 1546.7838133962 0.9964
855 8963 1047.0367156303 0.9822 1591 1342.5202090162 0.9620 44080 909.6750532832 1.0000 10462 1181.2768813026 0.9841 779 1898.1783515073 0.0000 16593 1052.1763529345 0.9904 15540 1546.7838133962 0.9964
860 9055 1047.0367156303 0.9822 1643 1342.5202090162 0.9620 44373 909.6750532832 1.0000 10565 1181.2768813026 0.9841 826 1898.1783515073 0.0000 16715 1052.1763529345 0.9904 15676 1546.7838133962 0.9964
865 9151 1047.0367156303 0.9822 1694 1342.5202090162 0.9620 44667 909.6750532832 1.0000 10668 1181.2768813026 0.9841 871 1898.1783515073 0.0000 16856 1052.1763529345 0.9904 15809 1546.7838133962 0.9964
870 9247 1047.0367156303 0.9822 1745 1342.5202090162 0.9620 44957 909.6750532832 1.0000 10771 1181.2768813026 0.9841 917 1898.1783515073 0.0000 16997 1051.8828789164 0.9907 15945 1546.7838133962 0.9964
875 9341 1047.0367156303 0.9822 1797 1342.5202090162 0.9620 45246 909.6750532832 1.0000 10877 1180.9761807333 0.9844 966 1898.1783515073 0.0000 17139 1051.8828789164 0.9907 16078 1546.7838133962 0.9964
880 9433 1047.0367156303 0.9822 1847 1342.5202090162 0.9620 45525 909.6750532832 1.0000 10983 1179.4163787159 0.9857 1015 1898.1783515073 0.0000 17279 1051.8828789164 0.9907 16213 1546.7838133962 0.9964
885 9527 1047.0367156303 0.9822 1898 1342.5202090162 0.9620 45795 909.6750532832 1.0000 11086 1179.4163787159 0.9857 1063 1898.1783515073 0.0000 17419 1051.8828789164 0.9907 16351 1546.7838133962 0.9964
890 9619 1047.0367156303 0.9822 1949 1342.5202090162 0.9620 46076 909.6750532832 1.0000 11190 1179.4163787159 0.9857 1111 1898.1783515073 0.0000 17560 1051.8828789164 0.9907 16486 1546.7838133962 0.9964
895 9711 1047.0367156303 0.9822 1999 1342.5202090162 0.9620 46370 909.6750532832 1.0000 11295 1179.4163787159 0.9857 1160 1898.1783515073 0.0000 17702 1051.8828789164 0.9907 16622 1546.7838133962 0.9964
900 9805 1047.0367156303 0.9822 2047 1342.5202090162 0.9620 46664 909.6750532832 1.0000 11398 1179.4163787159 0.9857 1208 1898.1783515073 0.0000 17846 1051.8828789164 0.9907 16761 1546.7838133962 0.9964
905 9896 1047.0367156303 0.9822 2099 1342.5202090162 0.9620 46952 909.6750532832 1.0000 11504 1179.4163787159 0.9857 1252 1898.1783515073 0.0000 17988 1051.8828789164 0.9907 16894 1546.7838133962 0.9964
910 9989 1047.0367156303 0.9822 2148 1342.5202090162 0.9620 47240 909.6750532832 1.0000 11609 1179.4163787159 0.9857 1301 1898.1783515073 0.0000 18128 1051.8828789164 0.9907 17028 1546.7838133962 0.9964
915 10081 1047.0367156303 0.9822 2199 1342.5202090162 0.9620 47537 909.6750532832 1.0000 11712 1179.0222737664 0.9860 1349 1898.1783515073 0.0000 18274 1051.8828789164 0.9907 17162 1546.7838133962 0.9964
920 10175 1047.0367156303 0.9822 2250 1342.5202090162 0.9620 47835 909.6750532832 1.0000 11817 1179.0222737664 0.9860 1396 1898.1783515073 0.0000 18414 1051.8828789164 0.9907 17297 1546.7838133962 0.9964
925 10267 1047.0367156303 0.9822 2301 1342.5202090162 0.9620 48126 909.6750532832 1.0000 11922 1179.0222737664 0.9860 1445 1898.1783515073 0.0000 18559 1051.8828789164 0.9907 17429 1546.7838133962 0.9964
930 10361 1047.0367156303 0.9822 2351 1342.5202090162 0.9620 48418 909.6750532832 1.0000 12027 1179.0222737664 0.9860 1493 1898.1783515073 0.0000 18705 1051.8828789164 0.9907 17563 1546.7838133962 0.9964
935 10454 1047.0367156303 0.9822 2403 1342.5202090162 0.9620 48709 909.6750532832 1.0000 12131 1179.0222737664 0.9860 1536 1898.1783515073 0.0000 18848 1051.8828789164 0.9907 17693 1546.7838133962 0.9964
940 10549 1047.0367156303 0.9822 2453 1342.5202090162 0.9620 49007 909.6750532832 1.0000 12230 1179.0222737664 0.9860 1580 1898.1783515073 0.0000 18988 1051.8828789164 0.9907 17826 1546.7838133962 0.9964
945 10640 1047.0367156303 0.9822 2507 1342.5202090162 0.9620 49291 909.6750532832 1.0000 12335 1173.1178184305 0.9910 1626 1898.1783515073 0.0000 19135 1051.8828789164 0.9907 17960 1546.7838133962 0.9964
950 10733 1047.0367156303 0.9822 2558 1342.5202090162 0.9620 49587 909.6750532832 1.0000 12435 1173.1178184305 0.9910 1671 1898.1783515073 0.0000 19278 1051.8828789164 0.9907 18093 1546.7838133962 0.9964
955 10825 1047.0367156303 0.9822 2609 1342.5202090162 0.9620 49878 909.6750532832 1.0000 12539 1173.1178184305 0.9910 1717 1898.1783515073 0.0000 19425 1051.8828789164 0.9907 18227 1546.7838133962 0.9964
960 10918 1047.0367156303 0.9822 2660 1342.5202090162 0.9620 50173 909.6750532832 1.0000 12642 1173.1178184305 0.9910 1760 1898.1783515073 0.0000 19554 1051.8828789164 0.9907 18363 1546.7838133962 0.9964
965 11010 1047.0367156303 0.9822 2712 1342.5202090162 0.9620 50457 909.6750532832 1.0000 12745 1173.1178184305 0.9910 1801 1898.1783515073 0.0000 19692 1051.8828789164 0.9907 18499 1546.7838133962 0.9964
970 11104 1047.0367156303 0.9822 2761 1342.5202090162 0.9620 50748 909.6750532832 1.0000 12846 1173.1178184305 0.9910 1849 1898.1783515073 0.0000 19839 1051.8828789164 0.9907 18634 1546.7838133962 0.9964
975 11196 1047.0367156303 0.9822 2814 1342.5202090162 0.9620 51044 909.6750532832 1.0000 12947 1173.1178184305 0.9910 1896 1898.1783515073 0.0000 19978 1051.8828789164 0.9907 18767 1546.7838133962 0.9964
980 11291 1047.0367156303 0.9822 2864 1342.5202090162 0.9620 51331 909.6750532832 1.0000 13050 1173.1178184305 0.9910 1944 1898.1783515073 0.0000 20120 1051.8828789164 0.9907 18902 1546.7838133962 0.9964
985 11386 1047.0367156303 0.9822 2914 1342.5202090162 0.9620 51620 909.6750532832 1.0000 13151 1173.1178184305 0.9910 1993 1898.1783515073 0.0000 20266 1051.8828789164 0.9907 19035 1546.7838133962 0.9964
990 11480 1047.0367156303 0.9822 2966 1342.5202090162 0.9620 51919 909.6750532832 1.0000 13253 1173.1178184305 0.9910 2041 1898.1783515073 0.0000 20409 1051.8828789164 0.9907 19172 1546.7838133962 0.9964
995 11574 1047.0367156303 0.9822 3017 1342.5202090162 0.9620 52210 909.6750532832 1.0000 13353 1173.1178184305 0.9910 2085 1898.1783515073 0.0000 20546 1051.8828789164 0.9907 19298 1546.7838133962 0.9964
1000 11669 1047.0367156303 0.9822 3066 1342.5202090162 0.9620 52503 909.6750532832 1.0000 13457 1173.1178184305 0.9910 2134 1898.1783515073 0.0000 20694 1051.8828789164 0.9907 19430 1546.7838133962 0.9964
1005 11763 1047.0367156303 0.9822 3116 1342.5202090162 0.9620 52800 909.6750532832 1.0000 13561 1173.1178184305 0.9910 2183 1898.1783515073 0.0000 20845 1051.8828789164 0.9907 19569 1546.7838133962 0.9964
1010 11857 1047.0367156303 0.9822 3167 1342.5202090162 0.9620 53092 909.6750532832 1.0000 13664 1173.1178184305 0.9910 2233 1898.1783515073 0.0000 20991 1051.8828789164 0.9907 19709 1546.7838133962 0.9964
1015 11950 1047.0367156303 0.9822 3218 1342.5202090162 0.9620 53384 909.6750532832 1.0000 13767 1173.1178184305 0.9910 2282 1898.1783515073 0.0000 21141 1051.8828789164 0.9907 19845 1546.7838133962 0.9964
1020 12045 1047.0367156303 0.9822 3268 1342.5202090162 0.9620 53687 909.6750532832 1.0000 13868 1173.1178184305 0.9910 2332 1898.1783515073 0.0000 21290 1051.8828789164 0.9907 19986 1546.7838133962 0.9964
1025 12140 1047.0367156303 0.9822 3319 1342.5202090162 0.9620 53986 909.6750532832 1.0000 13970 1173.1178184305 0.9910 2379 1898.1783515073 0.0000 21435 1051.8828789164 0.9907 20121 1546.7838133962 0.9964
1030 12229 1047.0367156303 0.9822 3369 1342.5202090162 0.9620 54268 909.6750532832 1.0000 14073 1173.1178184305 0.9910 2428 1898.1783515073 0.0000 21581 1051.8828789164 0.9907 20258 1546.7838133962 0.9964
1035 12324 1047.0367156303 0.9822 3418 1342.5202090162 0.9620 54560 909.6750532832 1.0000 14176 1173.1178184305 0.9910 2477 1898.1783515073 0.0000 21724 1051.8828789164 0.9907 20399 1546.7838133962 0.9964
1040 12418 1047.0367156303 0.9822 3469 1342.5202090162 0.9620 54851 909.6750532832 1.0000 14280 1173.1178184305 0.9910 2528 1898.1783515073 0.0000 21867 1051.8828789164 0.9907 20535 1546.7838133962 0.9964
1045 12511 1047.0367156303 0.9822 3520 1342.5202090162 0.9620 55143 909.6750532832 1.0000 14386 1173.1178184305 0.9910 2577 1898.1783515073 0.0000 22011 1051.8828789164 0.9907 20672 1546.7838133962 0.9964
1050 12606 1047.0367156303 0.9822 3571 1342.5202090162 0.9620 55437 909.6750532832 1.0000 14489 1173.1178184305 0.9910 2626 1898.1783515073 0.0000 22155 1051.8828789164 0.9907 20807 1546.7838133962 0.9964
1055 12700 1047.0367156303 0.9822 3622 1342.5202090162 0.9620 55726 909.6750532832 1.0000 14591 1173.1178184305 0.9910 2673 1898.1783515073 0.0000 22298 1051.8828789164 0.9907 20943 1546.7838133962 0.9964
1060 12793 1047.0367156303 0.9822 3672 1342.5202090162 0.9620 56025 909.6750532832 1.0000 14693 1173.1178184305 0.9910 2721 1898.1783515073 0.0000 22440 1051.8828789164 0.9907 21079 1546.7838133962 0.9964
1065 12887 1047.0367156303 0.9822 3721 1342.5202090162 0.9620 56316 909.6750532832 1.0000 14793 1173.1178184305 0.9910 2771 1898.1783515073 0.0000 22584 1051.8828789164 0.9907 21218 1546.7838133962 0.9964
1070 12980 1047.0367156303 0.9822 3773 1342.5202090162 0.9620 56612 909.6750532832 1.0000 14898 1173.1178184305 0.9910 2820 1898.1783515073 0.0000 22726 1051.8828789164 0.9907 21353 1546.7838133962 0.9964
1075 13073 1047.0367156303 0.9822 3825 1342.5202090162 0.9620 56903 909.6750532832 1.0000 15005 1173.1178184305 0.9910 2869 1898.1783515073 0.0000 22862 1051.8828789164 0.9907 21484 1546.7838133962 0.9964
1080 13165 1047.0367156303 0.9822 3875 1342.5202090162 0.9620 57194 909.6750532832 1.0000 15105 1173.1178184305 0.9910 2919 1898.1783515073 0.0000 22997 1051.8828789164 0.9907 21613 1546.7838133962 0.9964
1085 13257 1047.0367156303 0.9822 3928 1342.5202090162 0.9620 57480 909.6750532832 1.0000 15207 1173.1178184305 0.9910 2969 1898.1783515073 0.0000 23136 1051.8828789164 0.9907 21734 1546.7838133962 0.9964
1090 13350 1047.0367156303 0.9822 3980 1342.5202090162 0.9620 57759 909.6750532832 1.0000 15307 1173.1178184305 0.9910 3014 1898.1783515073 0.0000 23271 1051.8828789164 0.9907 21862 1546.7838133962 0.9964
1095 13443 1047.0367156303 0.9822 4028 1342.5202090162 0.9620 58035 909.6750532832 1.0000 15404 1173.1178184305 0.9910 3064 1898.1783515073 0.0000 23409 1051.8828789164 0.9907 21999 1546.7838133962 0.9964
1100 13538 1047.0367156303 0.9822 4080 1342.5202090162 0.9620 58331 909.6750532832 1.0000 15498 1173.1178184305 0.9910 3113 1898.1783515073 0.0000 23547 1051.8828789164 0.9907 22137 1546.7838133962 0.9964
1105 13631 1047.0367156303 0.9822 4131 1342.5202090162 0.9620 58622 909.6750532832 1.0000 15596 1173.1178184305 0.9910 3162 1898.1783515073 0.0000 23687 1051.8828789164 0.9907 22274 1546.7838133962 0.9964
1110 13725 1047.0367156303 0.9822 4184 1342.5202090162 0.9620 58909 909.6750532832 1.0000 15689 1173.1178184305 0.9910 3212 1898.1783515073 0.0000 23824 1051.8828789164 0.9907 22415 1546.7838133962 0.9964
1115 13816 1047.0367156303 0.9822 4234 1342.5202090162 0.9620 59198 909.6750532832 1.0000 15784 1173.1178184305 0.9910 3260 1898.1783515073 0.0000 23963 1051.8828789164 0.9907 22548 1546.7838133962 0.9964
1120 13908 1047.0367156303 0.9822 4286 1342.5202090162 0.9620 59489 909.6750532832 1.0000 15876 1173.1178184305 0.9910 3307 1898.1783515073 0.0000 24107 1051.8828789164 0.9907 22680 1546.7838133962 0.9964
1125 13999 1047.0367156303 0.9822 4337 1342.5202090162 0.9620 59776 909.6750532832 1.0000 15977 1173.1178184305 0.9910 3355 1898.1783515073 0.0000 24251 1051.8828789164 0.9907 22811 1546.7838133962 0.9964
1130 14093 1047.0367156303 0.9822 4388 1342.5202090162 0.9620 60070 909.6750532832 1.0000 16078 1173.1178184305 0.9910 3406 1898.1783515073 0.0000 24392 1051.8828789164 0.9907 22936 1546.7838133962 0.9964
1135 14187 1047.0367156303 0.9822 4439 1342.5202090162 0.9620 60359 909.6750532832 1.0000 16181 1173.1178184305 0.9910 3454 1898.1783515073 0.0000 24533 1051.8828789164 0.9907 23068 1546.7838133962 0.9964
1140 14278 1047.0367156303 0.9822 4490 1342.5202090162 0.9620 60653 909.6750532832 1.0000 16265 1173.1178184305 0.9910 3502 1898.1783515073 0.0000 24662 1051.8828789164 0.9907 23204 1546.7838133962 0.9964
1145 14372 1047.0367156303 0.9822 4540 1342.5202090162 0.9620 60936 909.6750532832 1.0000 16342 1173.1178184305 0.9910 3551 1898.1783515073 0.0000 24771 1051.8828789164 0.9907 23340 1546.6416951964 0.9964
1150 14465 1047.0367156303 0.9822 4590 1342.5202090162 0.9620 61221 909.6750532832 1.0000 16442 1173.1178184305 0.9910 3600 1898.1783515073 0.0000 24896 1051.8828789164 0.9907 23474 1546.6416951964 0.9964
1155 14561 1045.9999595106 0.9832 4639 1342.5202090162 0.9620 61511 909.6750532832 1.0000 16545 1173.1178184305 0.9910 3650 1898.1783515073 0.0000 25029 1051.8828789164 0.9907 23609 1546.6416951964 0.9964
1160 14655 1045.9999595106 0.9832 4692 1342.5202090162 0.9620 61802 909.6750532832 1.0000 16629 1173.1178184305 0.9910 3699 1898.1783515073 0.0000 25171 1051.8828789164 0.9907 23746 1546.6416951964 0.9964
1165 14747 1045.9999595106 0.9832 4745 1342.5202090162 0.9620 62093 909.6750532832 1.0000 16720 1173.1178184305 0.9910 3747 1898.1783515073 0.0000 25319 1051.8828789164 0.9907 23878 1546.6416951964 0.9964
1170 14840 1045.9999595106 0.9832 4797 1342.5202090162 0.9620 62383 909.6750532832 1.0000 16820 1173.1178184305 0.9910 3795 1898.1783515073 0.0000 25460 1051.8828789164 0.9907 24012 1546.6416951964 0.9964
1175 14933 1045.9999595106 0.9832 4848 1342.5202090162 0.9620 62665 909.6750532832 1.0000 16917 1173.1178184305 0.9910 3841 1898.1783515073 0.0000 25600 1051.8828789164 0.9907 24143 1546.6416951964 0.9964
1180 15026 1045.9999595106 0.9832 4894 1342.5202090162 0.9620 62950 909.6750532832 1.0000 17017 1173.1178184305 0.9910 3888 1898.1783515073 0.0000 25733 1051.8828789164 0.9907 24278 1546.6416951964 0.9964
1185 15115 1045.9999595106 0.9832 4945 1342.5202090162 0.9620 63231 909.6750532832 1.0000 17124 1173.1178184305 0.9910 3935 1898.1783515073 0.0000 25877 1051.8828789164 0.9907 24415 1546.6416951964 0.9964
1190 15210 1045.9999595106 0.9832 4996 1342.5202090162 0.9620 63523 909.6750532832 1.0000 17227 1173.1178184305 0.9910 3984 1898.1783515073 0.0000 26011 1051.8828789164 0.9907 24548 1546.6416951964 0.9964
1195 15303 1045.9999595106 0.9832 5049 1342.5202090162 0.9620 63812 909.6750532832 1.0000 17331 1173.1178184305 0.9910 4035 1898.1783515073 0.0000 26151 1051.8828789164 0.9907 24680 1546.6416951964 0.9964
1200 15398 1045.9999595106 0.9832 5100 1342.5202090162 0.9620 64099 909.6750532832 1.0000 17435 1173.1178184305 0.9910 4085 1898.1783515073 0.0000 26288 1051.8828789164 0.9907 24817 1546.6416951964 0.9964
1205 15490 1045.1165698312 0.9840 5151 1342.5202090162 0.9620 64384 909.6750532832 1.0000 17537 1173.1178184305 0.9910 4134 1898.1783515073 0.0000 26420 1051.8828789164 0.9907 24953 1546.6416951964 0.9964
1210 15585 1045.1165698312 0.9840 5202 1342.5202090162 0.9620 64667 909.6750532832 1.0000 17639 1173.1178184305 0.9910 4183 1898.1783515073 0.0000 26542 1051.8828789164 0.9907 25088 1546.6416951964 0.9964
1215 15676 1045.1165698312 0.9840 5251 1342.5202090162 0.9620 64957 909.6750532832 1.0000 17742 1173.1178184305 0.9910 4230 1898.1783515073 0.0000 26676 1051.8828789164 0.9907 25220 1546.6416951964 0.9964
1220 15770 1045.1165698312 0.9840 5302 1342.5202090162 0.9620 65249 909.6750532832 1.0000 17846 1173.1178184305 0.9910 4279 1898.1783515073 0.0000 26817 1051.8828789164 0.9907 25354 1546.6416951964 0.9964
1225 15863 1045.1165698312 0.9840 5354 1342.5202090162 0.9620 65534 909.6750532832 1.0000 17948 1173.1178184305 0.9910 4326 1898.1783515073 0.0000 26954 1051.8828789164 0.9907 25490 1546.6416951964 0.9964
1230 15956 1045.1165698312 0.9840 5403 1342.5202090162 0.9620 65815 909.6750532832 1.0000 18050 1173.1178184305 0.9910 4376 1898.1783515073 0.0000 27089 1051.8828789164 0.9907 25623 1546.6416951964 0.9964
1235 16050 1045.1165698312 0.9840 5455 1342.5202090162 0.9620 66102 909.6750532832 1.0000 18151 1173.1178184305 0.9910 4425 1898.1783515073 0.0000 27215 1051.8828789164 0.9907 25758 1546.6416951964 0.9964
1240 16142 1045.1165698312 0.9840 5506 1342.5202090162 0.9620 66387 909.6750532832 1.0000 18253 1173.1178184305 0.9910 4473 1898.1783515073 0.0000 27343 1051.8828789164 0.9907 25893 1546.6416951964 0.9964
1245 16234 1045.1165698312 0.9840 5555 1342.5202090162 0.9620 66677 909.6750532832 1.0000 18354 1173.1178184305 0.9910 4523 1898.1783515073 0.0000 27478 1051.8828789164 0.9907 26029 1546.6416951964 0.9964
1250 16327 1045.1165698312 0.9840 5605 1342.5202090162 0.9620 66972 909.6750532832 1.0000 18455 1173.1178184305 0.9910 4573 1898.1783515073 0.0000 27602 1051.8828789164 0.9907 26164 1546.6416951964 0.9964
1255 16419 1045.1165698312 0.9840 5656 1342.5202090162 0.9620 67254 909.6750532832 1.0000 18559 1173.1178184305 0.9910 4621 1898.1783515073 0.0000 27724 1051.8828789164 0.9907 26294 1546.6416951964 0.9964
1260 16511 1045.1165698312 0.9840 5706 1342.5202090162 0.9620 67536 909.6750532832 1.0000 18664 1173.1178184305 0.9910 4668 1898.1783515073 0.0000 27852 1051.8828789164 0.9907 26417 1546.6416951964 0.9964
1265 16603 1045.1165698312 0.9840 5756 1342.5202090162 0.9620 67826 909.6750532832 1.0000 18767 1173.1178184305 0.9910 4714 1898.1783515073 0.0000 27991 1051.8828789164 0.9907 26551 1546.6416951964 0.9964
1270 16697 1045.1165698312 0.9840 5806 1342.5202090162 0.9620 68115 909.6750532832 1.0000 18873 1173.1178184305 0.9910 4761 1898.1783515073 0.0000 28126 1051.8828789164 0.9907 26688 1546.6416951964 0.9964
1275 16789 1045.1165698312 0.9840 5856 1342.5202090162 0.9620 68402 909.6750532832 1.0000 18977 1173.1178184305 0.9910 4809 1898.1783515073 0.0000 28271 1051.8828789164 0.9907 26822 1546.6416951964 0.9964
1280 16884 1045.1165698312 0.9840 5909 1342.5202090162 0.9620 68694 909.6750532832 1.0000 19081 1173.1178184305 0.9910 4855 1898.1783515073 0.0000 28413 1051.8828789164 0.9907 26957 1546.6416951964 0.9964
1285 16977 1045.1165698312 0.9840 5961 1342.5202090162 0.9620 68976 909.6750532832 1.0000 19185 1173.1178184305 0.9910 4901 1898.1783515073 0.0000 28559 1051.8828789164 0.9907 27091 1546.6416951964 0.9964
1290 17070 1045.1165698312 0.9840 6013 1342.5202090162 0.9620 69259 909.6750532832 1.0000 19287 1173.1178184305 0.9910 4949 1898.1783515073 0.0000 28699 1051.8828789164 0.9907 27227 1546.6416951964 0.9964
1295 17165 1045.1165698312 0.9840 6061 1342.5202090162 0.9620 69536 909.6750532832 1.0000 19391 1173.1178184305 0.9910 4993 1898.1783515073 0.0000 28833 1051.8828789164 0.9907 27352 1546.6416951964 0.9964
1300 17253 1045.1165698312 0.9840 6108 1342.5202090162 0.9620 69813 909.6750532832 1.0000 19490 1173.1178184305 0.9910 5039 1898.1783515073 0.0000 28963 1051.8828789164 0.9907 27487 1546.6416951964 0.9964
1305 17345 1045.1165698312 0.9840 6159 1342.5202090162 0.9620 70082 909.6750532832 1.0000 19594 1173.1178184305 0.9910 5084 1898.1783515073 0.0000 29100 1051.8828789164 0.9907 27622 1546.6416951964 0.9964
1310 17439 1045.1165698312 0.9840 6208 1342.5202090162 0.9620 70359 909.6750532832 1.0000 19697 1173.1178184305 0.9910 5130 1898.1783515073 0.0000 29239 1051.8828789164 0.9907 27755 1546.6416951964 0.9964
1315 17531 1045.1165698312 0.9840 6261 1342.5202090162 0.9620 70640 909.6750532832 1.0000 19801 1173.1178184305 0.9910 5178 1898.1783515073 0.0000 29377 1051.8828789164 0.9907 27889 1546.6416951964 0.9964
1320 17620 1045.1165698312 0.9840 6311 1342.5202090162 0.9620 70923 909.6750532832 1.0000 19901 1173.1178184305 0.9910 5226 1898.1783515073 0.0000 29516 1051.8828789164 0.9907 28022 1546.6416951964 0.9964
1325 17713 1045.1165698312 0.9840 6364 1342.5202090162 0.9620 71204 909.6750532832 1.0000 20006 1173.1178184305 0.9910 5274 1898.1783515073 0.0000 29651 1051.8828789164 0.9907 28150 1546.6416951964 0.9964
1330 17805 1045.1165698312 0.9840 6413 1342.5202090162 0.9620 71480 909.6750532832 1.0000 20106 1173.1178184305 0.9910 5325 1898.1783515073 0.0000 29786 1051.8828789164 0.9907 28280 1546.6416951964 0.9964
1335 17898 1045.1165698312 0.9840 6463 1342.5202090162 0.9620 71766 909.6750532832 1.0000 20210 1173.1178184305 0.9910 5373 1898.1783515073 0.0000 29911 1051.8828789164 0.9907 28411 1546.6416951964 0.9964
1340 17991 1045.1165698312 0.9840 6512 1342.5202090162 0.9620 72055 909.6750532832 1.0000 20310 1173.1178184305 0.9910 5416 1898.1783515073 0.0000 30044 1051.8828789164 0.9907 28543 1546.6416951964 0.9964
1345 18086 1045.1165698312 0.9840 6563 1342.5202090162 0.9620 72334 909.6750532832 1.0000 20417 1173.1178184305 0.9910 5459 1898.1783515073 0.0000 30175 1051.8828789164 0.9907 28675 1546.6416951964 0.9964
1350 18181 1045.1165698312 0.9840 6615 1342.5202090162 0.9620 72617 909.6750532832 1.0000 20523 1173.1178184305 0.9910 5504 1898.1783515073 0.0000 30310 1051.8828789164 0.9907 28812 1546.6416951964 0.9964
1355 18273 1045.1165698312 0.9840 6665 1342.5202090162 0.9620 72903 909.6750532832 1.0000 20626 1173.1178184305 0.9910 5552 1898.1783515073 0.0000 30446 1051.8828789164 0.9907 28948 1546.6416951964 0.9964
1360 18366 1045.1165698312 0.9840 6715 1342.5202090162 0.9620 73191 909.6750532832 1.0000 20729 1173.1178184305 0.9910 5601 1898.1783515073 0.0000 30582 1051.8828789164 0.9907 29089 1546.6416951964 0.9964
1365 18459 1045.1165698312 0.9840 6765 1342.5202090162 0.9620 73479 909.6750532832 1.0000 20832 1173.1178184305 0.9910 5649 1898.1783515073 0.0000 30715 1051.8828789164 0.9907 29227 1546.6416951964 0.9964
1370 18553 1045.1165698312 0.9840 6815 1342.5202090162 0.9620 73754 909.6750532832 1.0000 20935 1173.1178184305 0.9910 5698 1898.1783515073 0.0000 30842 1051.8828789164 0.9907 29367 1546.6416951964 0.9964
1375 18647 1045.1165698312 0.9840 6867 1340.5212374726 0.9634 74035 909.6750532832 1.0000 21037 1173.1178184305 0.9910 5746 1898.1783515073 0.0000 30961 1051.8828789164 0.9907 29506 1546.6416951964 0.9964
1380 18743 1045.1165698312 0.9840 6918 1338.7352383272 0.9647 74320 909.6750532832 1.0000 21140 1173.1178184305 0.9910 5796 1898.1783515073 0.0000 31086 1051.8828789164 0.9907 29646 1546.6416951964 0.9964
1385 18836 1045.1165698312 0.9840 6970 1338.7352383272 0.9647 74603 909.6750532832 1.0000 21247 1173.1178184305 0.9910 5845 1898.1783515073 0.0000 31191 1051.8828789164 0.9907 29787 1546.6416951964 0.9964
1390 18933 1045.1165698312 0.9840 7021 1338.7352383272 0.9647 74885 909.6750532832 1.0000 21349 1173.1178184305 0.9910 5893 1898.1783515073 0.0000 31315 1051.8828789164 0.9907 29927 1546.6416951964 0.9964
1395 19028 1045.1165698312 0.9840 7070 1338.7352383272 0.9647 75167 909.6750532832 1.0000 21454 1173.1178184305 0.9910 5941 1898.1783515073 0.0000 31450 1051.8828789164 0.9907 30065 1546.6416951964 0.9964
1400 19123 1045.1165698312 0.9840 7120 1338.7352383272 0.9647 75455 909.6750532832 1.0000 21555 1173.1178184305 0.9910 5991 1898.1783515073 0.0000 31580 1051.8828789164 0.9907 30201 1546.6416951964 0.9964
1405 19213 1045.1165698312 0.9840 7173 1338.7352383272 0.9647 75738 909.6750532832 1.0000 21659 1173.1178184305 0.9910 6038 1898.1783515073 0.0000 31714 1051.8828789164 0.9907 30341 1546.6416951964 0.9964
1410 19308 1045.1165698312 0.9840 7224 1338.7352383272 0.9647 76022 909.6750532832 1.0000 21762 1173.1178184305 0.9910 6088 1898.1783515073 0.0000 31845 1051.8828789164 0.9907 30481 1546.6416951964 0.9964
1415 19402 1045.1165698312 0.9840 7273 1335.8881532805 0.9667 76288 909.6750532832 1.0000 21866 1173.1178184305 0.9910 6135 1898.1783515073 0.0000 31977 1051.8828789164 0.9907 30619 1546.6416951964 0.9964
1420 19498 1045.1165698312 0.9840 7324 1334.4390720865 0.9678 76566 909.6750532832 1.0000 21971 1173.1178184305 0.9910 6184 1898.1783515073 0.0000 32106 1051.8828789164 0.9907 30756 1546.6416951964 0.9964
1425 19592 1045.1165698312 0.9840 7374 1334.4390720865 0.9678 76849 909.6750532832 1.0000 22075 1173.1178184305 0.9910 6231 1898.1783515073 0.0000 32239 1051.8828789164 0.9907 30897 1546.6416951964 0.9964
1430 19688 1045.1165698312 0.9840 7422 1334.0566832422 0.9681 77133 909.6750532832 1.0000 22178 1173.1178184305 0.9910 6280 1898.1783515073 0.0000 32365 1051.8828789164 0.9907 31036 1546.6416951964 0.9964
1435 19783 1045.1165698312 0.9840 7475 1334.0566832422 0.9681 77420 909.6750532832 1.0000 22283 1173.1178184305 0.9910 6329 1898.1783515073 0.0000 32498 1051.8828789164 0.9907 31173 1546.6416951964 0.9964
1440 19878 1045.1165698312 0.9840 7526 1334.0566832422 0.9681 77701 909.6750532832 1.0000 22386 1173.1178184305 0.9910 6378 1898.1783515073 0.0000 32624 1051.8828789164 0.9907 31309 1546.6416951964 0.9964
1445 19973 1045.1165698312 0.9840 7576 1334.0566832422 0.9681 77986 909.6750532832 1.0000 22491 1173.1178184305 0.9910 6424 1898.1783515073 0.0000 32754 1051.8828789164 0.9907 31441 1546.6416951964 0.9964
1450 20067 1045.1165698312 0.9840 7628 1334.0566832422 0.9681 78273 909.6750532832 1.0000 22595 1173.1178184305 0.9910 6472 1898.1783515073 0.0000 32878 1051.8828789164 0.9907 31578 1546.6416951964 0.9964
1455 20161 1045.1165698312 0.9840 7679 1334.0566832422 0.9681 78555 909.6750532832 1.0000 22697 1173.1178184305 0.9910 6520 1898.1783515073 0.0000 33001 1051.8828789164 0.9907 31717 1546.6416951964 0.9964
1460 20257 1045.1165698312 0.9840 7726 1334.0566832422 0.9681 78838 909.6750532832 1.0000 22803 1173.1178184305 0.9910 6568 1898.1783515073 0.0000 33126 1051.8828789164 0.9907 31856 1546.6416951964 0.9964
1465 20350 1045.1165698312 0.9840 7778 1334.0566832422 0.9681 79125 909.6750532832 1.0000 22907 1173.1178184305 0.9910 6617 1898.1783515073 0.0000 33248 1051.8828789164 0.9907 31993 1546.6416951964 0.9964
1470 20445 1045.1165698312 0.9840 7830 1334.0566832422 0.9681 79410 909.6750532832 1.0000 23011 1173.1178184305 0.9910 6664 1898.1783515073 0.0000 33369 1051.8828789164 0.9907 32133 1546.6416951964 0.9964
1475 20535 1045.1165698312 0.9840 7883 1334.0566832422 0.9681 79692 909.6750532832 1.0000 23112 1173.1178184305 0.9910 6712 1898.1783515073 0.0000 33492 1051.8828789164 0.9907 32272 1546.6416951964 0.9964
1480 20630 1045.1165698312 0.9840 7934 1334.0566832422 0.9681 79994 909.6750532832 1.0000 23215 1173.1178184305 0.9910 6761 1898.1783515073 0.0000 33612 1051.8828789164 0.9907 32409 1546.6416951964 0.9964
1485 20725 1045.0819378189 0.9841 7986 1334.0566832422 0.9681 80291 909.6750532832 1.0000 23315 1173.1178184305 0.9910 6808 1898.1783515073 0.0000 33725 1051.8828789164 0.9907 32547 1546.6416951964 0.9964
1490 20821 1044.2314509868 0.9849 8034 1334.0566832422 0.9681 80585 909.6750532832 1.0000 23413 1173.1178184305 0.9910 6856 1898.1783515073 0.0000 33839 1051.8828789164 0.9907 32685 1546.6416951964 0.9964
1495 20913 1044.2314509868 0.9849 8086 1334.0566832422 0.9681 80882 909.6750532832 1.0000 23512 1173.1178184305 0.9910 6903 1898.1783515073 0.0000 33960 1051.8828789164 0.9907 32822 1546.6416951964 0.9964
1500 21009 1044.2314509868 0.9849 8138 1334.0566832422 0.9681 81181 909.6750532832 1.0000 23609 1173.1178184305 0.9910 6953 1898.1783515073 0.0000 34080 1051.8828789164 0.9907 32957 1546.6416951964 0.9964
1505 21103 1044.2314509868 0.9849 8188 1334.0566832422 0.9681 81474 909.6750532832 1.0000 23706 1173.1178184305 0.9910 7001 1898.1783515073 0.0000 34193 1051.8828789164 0.9907 33093 1546.6416951964 0.9964
1510 21195 1044.2314509868 0.9849 8239 1332.7511400896 0.9690 81774 909.6750532832 1.0000 23807 1173.1178184305 0.9910 7047 1898.1783515073 0.0000 34314 1051.8828789164 0.9907 33227 1546.6416951964 0.9964
1515 21288 1044.2314509868 0.9849 8289 1332.7511400896 0.9690 82073 909.6750532832 1.0000 23910 1173.1178184305 0.9910 7095 1898.1783515073 0.0000 34429 1051.8828789164 0.9907 33359 1546.6416951964 0.9964
1520 21381 1044.2314509868 0.9849 8337 1332.7511400896 0.9690 82374 909.6750532832 1.0000 24010 1173.1178184305 0.9910 7142 1898.1783515073 0.0000 34565 1051.8828789164 0.9907 33492 1546.6416951964 0.9964
1525 21473 1044.2314509868 0.9849 8389 1332.7391331847 0.9690 82672 909.6750532832 1.0000 24110 1173.1178184305 0.9910 7189 1898.1783515073 0.0000 34697 1051.8828789164 0.9907 33629 1546.6416951964 0.9964
1530 21567 1044.2314509868 0.9849 8440 1332.7391331847 0.9690 82972 909.6750532832 1.0000 24212 1173.1178184305 0.9910 7237 1898.1783515073 0.0000 34830 1051.8828789164 0.9907 33765 1546.6416951964 0.9964
1535 21660 1044.2314509868 0.9849 8491 1332.6074538898 0.9691 83274 909.6750532832 1.0000 24317 1173.1178184305 0.9910 7283 1898.1783515073 0.0000 34956 1051.8828789164 0.9907 33899 1546.6416951964 0.9964
1540 21754 1044.2314509868 0.9849 8542 1332.6074538898 0.9691 83573 909.6750532832 1.0000 24421 1173.1178184305 0.9910 7328 1898.1783515073 0.0000 35070 1051.8828789164 0.9907 34035 1546.6416951964 0.9964
1545 21850 1044.2314509868 0.9849 8593 1332.6074538898 0.9691 83870 909.6750532832 1.0000 24524 1173.1178184305 0.9910 7373 1898.1783515073 0.0000 35202 1051.8828789164 0.9907 34174 1546.6416951964 0.9964
1550 21945 1044.2314509868 0.9849 8641 1332.6074538898 0.9691 84167 909.6750532832 1.0000 24627 1173.1178184305 0.9910 7419 1898.1783515073 0.0000 35334 1051.8828789164 0.9907 34313 1546.6416951964 0.9964
1555 22039 1044.2314509868 0.9849 8692 1332.6074538898 0.9691 84465 909.6750532832 1.0000 24732 1173.1178184305 0.9910 7468 1898.1783515073 0.0000 35462 1051.8828789164 0.9907 34446 1546.6416951964 0.9964
1560 22134 1044.2314509868 0.9849 8743 1332.3206915442 0.9693 84765 909.6750532832 1.0000 24837 1173.1178184305 0.9910 7513 1898.1783515073 0.0000 35572 1051.8828789164 0.9907 34584 1546.6416951964 0.9964
1565 22226 1044.2314509868 0.9849 8794 1332.3206915442 0.9693 85059 909.6750532832 1.0000 24941 1173.1178184305 0.9910 7558 1898.1783515073 0.0000 35677 1051.8828789164 0.9907 34721 1546.6416951964 0.9964
1570 22322 1044.2314509868 0.9849 8844 1332.3206915442 0.9693 85357 909.6750532832 1.0000 25043 1173.1178184305 0.9910 7606 1898.1783515073 0.0000 35801 1051.8828789164 0.9907 34859 1546.6416951964 0.9964
1575 22411 1044.2314509868 0.9849 8894 1332.3206915442 0.9693 85654 909.6750532832 1.0000 25142 1173.1178184305 0.9910 7654 1898.1783515073 0.0000 35934 1051.8828789164 0.9907 34996 1546.6416951964 0.9964
1580 22506 1044.2314509868 0.9849 8943 1332.3206915442 0.9693 85951 909.6750532832 1.0000 25245 1173.1178184305 0.9910 7701 1898.1783515073 0.0000 36066 1051.8828789164 0.9907 35135 1546.6416951964 0.9964
1585 22599 1044.2314509868 0.9849 8995 1332.3206915442 0.9693 86249 909.6750532832 1.0000 25351 1173.1178184305 0.9910 7749 1898.1783515073 0.0000 36199 1051.8828789164 0.9907 35272 1546.6416951964 0.9964
1590 22695 1044.2314509868 0.9849 9046 1332.3206915442 0.9693 86548 909.6750532832 1.0000 25452 1173.1178184305 0.9910 7796 1898.1783515073 0.0000 36341 1051.8828789164 0.9907 35412 1546.6416951964 0.9964
1595 22790 1044.2314509868 0.9849 9099 1332.3206915442 0.9693 86841 909.6750532832 1.0000 25553 1173.1178184305 0.9910 7843 1898.1783515073 0.0000 36482 1051.8828789164 0.9907 35547 1546.6416951964 0.9964
1600 22880 1044.2314509868 0.9849 9149 1332.3206915442 0.9693 87137 909.6750532832 1.0000 25660 1173.1178184305 0.9910 7891 1898.1783515073 0.0000 36624 1051.8828789164 0.9907 35686 1546.6416951964 0.9964
1605 22971 1044.2314509868 0.9849 9198 1332.3206915442 0.9693 87440 909.6750532832 1.0000 25763 1173.1178184305 0.9910 7937 1898.1783515073 0.0000 36767 1051.8828789164 0.9907 35822 1546.6416951964 0.9964
1610 23065 1044.2314509868 0.9849 9249 1332.3206915442 0.9693 87737 909.6750532832 1.0000 25863 1173.1178184305 0.9910 7979 1898.1783515073 0.0000 36907 1051.8828789164 0.9907 35960 1546.6416951964 0.9964
1615 23160 1044.2314509868 0.9849 9297 1332.3206915442 0.9693 88033 909.6750532832 1.0000 25964 1173.1178184305 0.9910 8027 1898.1783515073 0.0000 37049 1051.8828789164 0.9907 36099 1546.6416951964 0.9964
1620 23251 1044.2314509868 0.9849 9348 1332.3206915442 0.9693 88331 909.6750532832 1.0000 26070 1173.1178184305 0.9910 8071 1898.1783515073 0.0000 37187 1051.8828789164 0.9907 36231 1546.6416951964 0.9964
1625 23343 1044.2314509868 0.9849 9400 1332.3206915442 0.9693 88624 909.6750532832 1.0000 26173 1173.1178184305 0.9910 8112 1898.1783515073 0.0000 37320 1051.8828789164 0.9907 36365 1546.6416951964 0.9964
1630 23432 1044.2314509868 0.9849 9449 1332.3206915442 0.9693 88889 909.6750532832 1.0000 26270 1173.1178184305 0.9910 8156 1898.1783515073 0.0000 37459 1051.8828789164 0.9907 36504 1546.6416951964 0.9964
1635 23524 1044.2314509868 0.9849 9501 1332.3206915442 0.9693 89164 909.6750532832 1.0000 26373 1173.1178184305 0.9910 8201 1898.1783515073 0.0000 37595 1051.8828789164 0.9907 36641 1546.6416951964 0.9964
1640 23616 1044.2314509868 0.9849 9550 1332.3206915442 0.9693 89448 909.6750532832 1.0000 26477 1173.1178184305 0.9910 8244 1898.1783515073 0.0000 37730 1051.8828789164 0.9907 36780 1546.6416951964 0.9964
1645 23707 1044.2314509868 0.9849 9600 1332.3206915442 0.9693 89741 909.6750532832 1.0000 26579 1173.1178184305 0.9910 8286 1898.1783515073 0.0000 37872 1051.8828789164 0.9907 36915 1546.6416951964 0.9964
1650 23800 1044.2314509868 0.9849 9652 1331.2290357787 0.9701 90040 909.6750532832 1.0000 26680 1173.1178184305 0.9910 8330 1898.1783515073 0.0000 38008 1051.8828789164 0.9907 37051 1546.6416951964 0.9964
1655 23890 1044.2314509868 0.9849 9703 1331.2290357787 0.9701 90310 909.6750532832 1.0000 26785 1173.1178184305 0.9910 8374 1898.1783515073 0.0000 38148 1051.8828789164 0.9907 37185 1546.6416951964 0.9964
1660 23984 1044.2314509868 0.9849 9754 1331.2290357787 0.9701 90591 909.6750532832 1.0000 26887 1173.1178184305 0.9910 8418 1898.1783515073 0.0000 38287 1051.8828789164 0.9907 37324 1546.6416951964 0.9964
1665 24075 1044.2314509868 0.9849 9805 1331.2290357787 0.9701 90879 909.6750532832 1.0000 26991 1173.1178184305 0.9910 8460 1898.1783515073 0.0000 38433 1051.8828789164 0.9907 37458 1546.6416951964 0.9964
1670 24169 1044.2314509868 0.9849 9855 1331.2290357787 0.9701 91164 909.6750532832 1.0000 27093 1173.1178184305 0.9910 8503 1898.1783515073 0.0000 38580 1051.8828789164 0.9907 37597 1546.6416951964 0.9964
1675 24260 1044.2314509868 0.9849 9904 1331.2290357787 0.9701 91450 909.6750532832 1.0000 27200 1173.1178184305 0.9910 8544 1898.1783515073 0.0000 38722 1051.8828789164 0.9907 37731 1546.6416951964 0.9964
1680 24353 1044.2314509868 0.9849 9954 1331.2290357787 0.9701 91731 909.6750532832 1.0000 27301 1173.1178184305 0.9910 8587 1898.1783515073 0.0000 38859 1051.8828789164 0.9907 37868 1546.6416951964 0.9964
1685 24447 1044.2314509868 0.9849 10006 1331.2290357787 0.9701 92014 909.6750532832 1.0000 27406 1173.1178184305 0.9910 8630 1898.1783515073 0.0000 39001 1051.8828789164 0.9907 38004 1546.6416951964 0.9964
1690 24543 1044.2314509868 0.9849 10057 1331.2290357787 0.9701 92294 909.6750532832 1.0000 27508 1173.1178184305 0.9910 8674 1898.1783515073 0.0000 39145 1051.8828789164 0.9907 38142 1546.6416951964 0.9964
1695 24635 1044.2314509868 0.9849 10109 1331.2290357787 0.9701 92576 909.6750532832 1.0000 27614 1173.1178184305 0.9910 8718 1898.1783515073 0.0000 39281 1051.8828789164 0.9907 38276 1546.6416951964 0.9964
1700 24728 1044.2314509868 0.9849 10159 1331.2290357787 0.9701 92859 909.6750532832 1.0000 27717 1173.1178184305 0.9910 8761 1898.1783515073 0.0000 39421 1051.8828789164 0.9907 38413 1546.6416951964 0.9964
1705 24822 1044.2314509868 0.9849 10207 1331.2290357787 0.9701 93137 909.6750532832 1.0000 27822 1173.1178184305 0.9910 8804 1898.1783515073 0.0000 39561 1051.8828789164 0.9907 38549 1546.6416951964 0.9964
1710 24916 1044.2314509868 0.9849 10258 1331.2290357787 0.9701 93420 909.6750532832 1.0000 27928 1173.1178184305 0.9910 8849 1898.1783515073 0.0000 39697 1051.8828789164 0.9907 38687 1546.6416951964 0.9964
1715 25010 1044.2314509868 0.9849 10308 1331.2290357787 0.9701 93698 909.6750532832 1.0000 28034 1173.1178184305 0.9910 8892 1898.1783515073 0.0000 39829 1051.8828789164 0.9907 38825 1546.3421161849 0.9966
1720 25101 1044.2314509868 0.9849 10359 1331.2290357787 0.9701 93982 909.6750532832 1.0000 28139 1173.1178184305 0.9910 8934 1898.1783515073 0.0000 39956 1051.8828789164 0.9907 38962 1546.3421161849 0.9966
1725 25197 1044.2314509868 0.9849 10410 1331.2290357787 0.9701 94267 909.6750532832 1.0000 28243 1173.1178184305 0.9910 8979 1898.1783515073 0.0000 40093 1051.8828789164 0.9907 39100 1546.3421161849 0.9966
1730 25290 1044.2314509868 0.9849 10460 1331.2290357787 0.9701 94554 909.6750532832 1.0000 28345 1173.1178184305 0.9910 9022 1898.1783515073 0.0000 40227 1051.8828789164 0.9907 39214 1546.3421161849 0.9966
1735 25385 1044.2314509868 0.9849 10510 1331.2290357787 0.9701 94826 909.6750532832 1.0000 28446 1173.1178184305 0.9910 9061 1898.1783515073 0.0000 40358 1051.8828789164 0.9907 39352 1546.3421161849 0.9966
1740 25477 1044.2314509868 0.9849 10562 1331.2290357787 0.9701 95124 909.6750532832 1.0000 28553 1173.1178184305 0.9910 9102 1898.1783515073 0.0000 40493 1051.8828789164 0.9907 39494 1546.3421161849 0.9966
1745 25572 1044.0445772548 0.9850 10613 1331.2290357787 0.9701 95408 909.6750532832 1.0000 28655 1173.1178184305 0.9910 9144 1898.1783515073 0.0000 40626 1051.8828789164 0.9907 39634 1546.3421161849 0.9966
1750 25664 1044.0445772548 0.9850 10663 1331.2290357787 0.9701 95692 909.6750532832 1.0000 28756 1173.1178184305 0.9910 9186 1898.1783515073 0.0000 40759 1051.8828789164 0.9907 39766 1546.3421161849 0.9966
1755 25756 1043.7300035635 0.9853 10714 1331.2290357787 0.9701 95973 909.6750532832 1.0000 28861 1173.1178184305 0.9910 9226 1898.1783515073 0.0000 40896 1051.8828789164 0.9907 39899 1546.3421161849 0.9966
1760 25849 1043.7300035635 0.9853 10764 1331.2290357787 0.9701 96259 909.6750532832 1.0000 28967 1173.1178184305 0.9910 9267 1898.1783515073 0.0000 41027 1051.8828789164 0.9907 40035 1546.3421161849 0.9966
1765 25942 1043.7300035635 0.9853 10815 1331.2290357787 0.9701 96540 909.6750532832 1.0000 29072 1173.1178184305 0.9910 9304 1898.1783515073 0.0000 41165 1051.8828789164 0.9907 40170 1546.3421161849 0.9966
1770 26034 1043.7300035635 0.9853 10865 1331.2290357787 0.9701 96820 909.6750532832 1.0000 29166 1173.1178184305 0.9910 9344 1898.1783515073 0.0000 41296 1051.8828789164 0.9907 40304 1546.3421161849 0.9966
1775 26128 1043.7300035635 0.9853 10915 1331.2290357787 0.9701 97099 909.6750532832 1.0000 29263 1173.1178184305 0.9910 9378 1898.1783515073 0.0000 41430 1051.8828789164 0.9907 40435 1546.3421161849 0.9966
1780 26222 1043.7300035635 0.9853 10967 1331.2290357787 0.9701 97383 909.6750532832 1.0000 29366 1173.1178184305 0.9910 9416 1898.1783515073 0.0000 41565 1051.8828789164 0.9907 40571 1546.3421161849 0.9966
1785 26315 1043.7300035635 0.9853 11019 1331.2290357787 0.9701 97666 909.6750532832 1.0000 29469 1173.1178184305 0.9910 9454 1898.1783515073 0.0000 41707 1051.8828789164 0.9907 40705 1546.3421161849 0.9966
1790 26409 1043.7300035635 0.9853 11070 1331.2290357787 0.9701 97949 909.6750532832 1.0000 29571 1173.1178184305 0.9910 9492 1898.1783515073 0.0000 41848 1051.8828789164 0.9907 40836 1546.3421161849 0.9966
1795 26501 1043.7300035635 0.9853 11121 1331.2290357787 0.9701 98231 909.6750532832 1.0000 29674 1173.1178184305 0.9910 9532 1898.1783515073 0.0000 41994 1051.8828789164 0.9907 40968 1546.3421161849 0.9966
1800 26594 1043.7300035635 0.9853 11171 1331.2290357787 0.9701 98513 909.6750532832 1.0000 29779 1173.1178184305 0.9910 9570 1898.1783515073 0.0000 42134 1051.8828789164 0.9907 41101 1546.3421161849 0.9966
