0 0 1670.3715571417 0.0000 
5 2 1670.3715571417 0.0000 
10 6 1275.7529480188 0.8061 
15 9 1217.7979562807 0.8445 
20 12 1187.1529186152 0.8663 
25 15 1180.7594244771 0.8710 
30 18 1146.8098421105 0.8968 
35 21 1125.8504264536 0.9135 
40 25 1116.8426760068 0.9208 
45 28 1113.6236013799 0.9235 
50 31 1107.3218915058 0.9287 
55 35 1094.8893471090 0.9393 
60 38 1087.3364207853 0.9458 
65 41 1085.7333883143 0.9472 
70 45 1084.2184343766 0.9485 
75 48 1080.4303205361 0.9519 
80 52 1071.2309173240 0.9600 
85 55 1063.8316965232 0.9667 
90 58 1063.8316965232 0.9667 
95 62 1063.7078503110 0.9668 
100 65 1061.4567912130 0.9689 
105 69 1061.1581990945 0.9691 
110 73 1059.4784458366 0.9707 
115 76 1057.7958100589 0.9722 
120 80 1057.4901993815 0.9725 
125 84 1057.4901993815 0.9725 
130 87 1056.9200639133 0.9730 
135 91 1056.9200639133 0.9730 
140 95 1056.9200639133 0.9730 
145 99 1056.9200639133 0.9730 
150 103 1056.9200639133 0.9730 
155 107 1056.5926768150 0.9733 
160 111 1055.1925660188 0.9746 
165 115 1055.1925660188 0.9746 
170 119 1054.3605057506 0.9754 
175 124 1054.3605057506 0.9754 
180 128 1054.3605057506 0.9754 
185 132 1054.3605057506 0.9754 
190 136 1054.3605057506 0.9754 
195 141 1054.3605057506 0.9754 
200 145 1054.3605057506 0.9754 
205 150 1054.3605057506 0.9754 
210 154 1054.3605057506 0.9754 
215 159 1054.3605057506 0.9754 
220 164 1054.3605057506 0.9754 
225 169 1054.3605057506 0.9754 
230 174 1054.3605057506 0.9754 
235 179 1054.3605057506 0.9754 
240 184 1054.3605057506 0.9754 
245 189 1054.3605057506 0.9754 
250 194 1054.3605057506 0.9754 
255 199 1054.3605057506 0.9754 
260 205 1054.3605057506 0.9754 
265 210 1054.3605057506 0.9754 
270 216 1054.3605057506 0.9754 
275 222 1054.3605057506 0.9754 
280 228 1054.3605057506 0.9754 
285 234 1054.3605057506 0.9754 
290 240 1054.3605057506 0.9754 
295 246 1054.3605057506 0.9754 
300 253 1054.3605057506 0.9754 
305 260 1054.3605057506 0.9754 
310 267 1054.3605057506 0.9754 
315 274 1054.3605057506 0.9754 
320 281 1054.3605057506 0.9754 
325 288 1054.3605057506 0.9754 
330 296 1054.3605057506 0.9754 
335 304 1054.3605057506 0.9754 
340 313 1054.2584599189 0.9755 
345 322 1054.2584599189 0.9755 
350 331 1054.2584599189 0.9755 
355 340 1054.2584599189 0.9755 
360 350 1054.2584599189 0.9755 
365 361 1054.2584599189 0.9755 
370 372 1054.2584599189 0.9755 
375 385 1053.6465737812 0.9761 
380 398 1053.6465737812 0.9761 
385 414 1053.4455557896 0.9762 
390 432 1052.8936995040 0.9768 
395 456 1052.8936995040 0.9768 
400 498 1051.3078957608 0.9782 
405 590 1051.3078957608 0.9782 
410 684 1049.8329782455 0.9796 
415 775 1049.8329782455 0.9796 
420 867 1048.8186289647 0.9806 
425 960 1048.8186289647 0.9806 
430 1054 1048.8186289647 0.9806 
435 1145 1048.8186289647 0.9806 
440 1238 1048.8186289647 0.9806 
445 1333 1048.8186289647 0.9806 
450 1427 1048.8186289647 0.9806 
455 1521 1048.8186289647 0.9806 
460 1614 1048.8186289647 0.9806 
465 1707 1048.8186289647 0.9806 
470 1802 1048.8186289647 0.9806 
475 1896 1048.8186289647 0.9806 
480 1988 1048.8186289647 0.9806 
485 2079 1048.8186289647 0.9806 
490 2174 1048.8186289647 0.9806 
495 2267 1048.8186289647 0.9806 
500 2358 1048.8186289647 0.9806 
505 2449 1048.8186289647 0.9806 
510 2542 1048.8186289647 0.9806 
515 2634 1048.8186289647 0.9806 
520 2726 1048.8186289647 0.9806 
525 2819 1048.8186289647 0.9806 
530 2912 1048.8186289647 0.9806 
535 3008 1048.8186289647 0.9806 
540 3101 1048.8186289647 0.9806 
545 3194 1048.8186289647 0.9806 
550 3288 1048.8186289647 0.9806 
555 3383 1047.8508164454 0.9815 
560 3475 1047.7951972676 0.9815 
565 3567 1047.0367156303 0.9822 
570 3661 1047.0367156303 0.9822 
575 3755 1047.0367156303 0.9822 
580 3842 1047.0367156303 0.9822 
585 3935 1047.0367156303 0.9822 
590 4030 1047.0367156303 0.9822 
595 4123 1047.0367156303 0.9822 
600 4216 1047.0367156303 0.9822 
605 4311 1047.0367156303 0.9822 
610 4406 1047.0367156303 0.9822 
615 4501 1047.0367156303 0.9822 
620 4594 1047.0367156303 0.9822 
625 4687 1047.0367156303 0.9822 
630 4780 1047.0367156303 0.9822 
635 4870 1047.0367156303 0.9822 
640 4963 1047.0367156303 0.9822 
645 5057 1047.0367156303 0.9822 
650 5151 1047.0367156303 0.9822 
655 5245 1047.0367156303 0.9822 
660 5338 1047.0367156303 0.9822 
665 5431 1047.0367156303 0.9822 
670 5524 1047.0367156303 0.9822 
675 5617 1047.0367156303 0.9822 
680 5709 1047.0367156303 0.9822 
685 5803 1047.0367156303 0.9822 
690 5897 1047.0367156303 0.9822 
695 5989 1047.0367156303 0.9822 
700 6080 1047.0367156303 0.9822 
705 6170 1047.0367156303 0.9822 
710 6263 1047.0367156303 0.9822 
715 6356 1047.0367156303 0.9822 
720 6450 1047.0367156303 0.9822 
725 6544 1047.0367156303 0.9822 
730 6634 1047.0367156303 0.9822 
735 6728 1047.0367156303 0.9822 
740 6820 1047.0367156303 0.9822 
745 6914 1047.0367156303 0.9822 
750 7007 1047.0367156303 0.9822 
755 7101 1047.0367156303 0.9822 
760 7197 1047.0367156303 0.9822 
765 7288 1047.0367156303 0.9822 
770 7382 1047.0367156303 0.9822 
775 7476 1047.0367156303 0.9822 
780 7569 1047.0367156303 0.9822 
785 7662 1047.0367156303 0.9822 
790 7757 1047.0367156303 0.9822 
795 7848 1047.0367156303 0.9822 
800 7940 1047.0367156303 0.9822 
805 8035 1047.0367156303 0.9822 
810 8129 1047.0367156303 0.9822 
815 8221 1047.0367156303 0.9822 
820 8317 1047.0367156303 0.9822 
825 8409 1047.0367156303 0.9822 
830 8501 1047.0367156303 0.9822 
835 8593 1047.0367156303 0.9822 
840 8686 1047.0367156303 0.9822 
845 8778 1047.0367156303 0.9822 
850 8871 1047.0367156303 0.9822 
855 8963 1047.0367156303 0.9822 
860 9055 1047.0367156303 0.9822 
865 9151 1047.0367156303 0.9822 
870 9247 1047.0367156303 0.9822 
875 9341 1047.0367156303 0.9822 
880 9433 1047.0367156303 0.9822 
885 9527 1047.0367156303 0.9822 
890 9619 1047.0367156303 0.9822 
895 9711 1047.0367156303 0.9822 
900 9805 1047.0367156303 0.9822 
905 9896 1047.0367156303 0.9822 
910 9989 1047.0367156303 0.9822 
915 10081 1047.0367156303 0.9822 
920 10175 1047.0367156303 0.9822 
925 10267 1047.0367156303 0.9822 
930 10361 1047.0367156303 0.9822 
935 10454 1047.0367156303 0.9822 
940 10549 1047.0367156303 0.9822 
945 10640 1047.0367156303 0.9822 
950 10733 1047.0367156303 0.9822 
955 10825 1047.0367156303 0.9822 
960 10918 1047.0367156303 0.9822 
965 11010 1047.0367156303 0.9822 
970 11104 1047.0367156303 0.9822 
975 11196 1047.0367156303 0.9822 
980 11291 1047.0367156303 0.9822 
985 11386 1047.0367156303 0.9822 
990 11480 1047.0367156303 0.9822 
995 11574 1047.0367156303 0.9822 
1000 11669 1047.0367156303 0.9822 
1005 11763 1047.0367156303 0.9822 
1010 11857 1047.0367156303 0.9822 
1015 11950 1047.0367156303 0.9822 
1020 12045 1047.0367156303 0.9822 
1025 12140 1047.0367156303 0.9822 
1030 12229 1047.0367156303 0.9822 
1035 12324 1047.0367156303 0.9822 
1040 12418 1047.0367156303 0.9822 
1045 12511 1047.0367156303 0.9822 
1050 12606 1047.0367156303 0.9822 
1055 12700 1047.0367156303 0.9822 
1060 12793 1047.0367156303 0.9822 
1065 12887 1047.0367156303 0.9822 
1070 12980 1047.0367156303 0.9822 
1075 13073 1047.0367156303 0.9822 
1080 13165 1047.0367156303 0.9822 
1085 13257 1047.0367156303 0.9822 
1090 13350 1047.0367156303 0.9822 
1095 13443 1047.0367156303 0.9822 
1100 13538 1047.0367156303 0.9822 
1105 13631 1047.0367156303 0.9822 
1110 13725 1047.0367156303 0.9822 
1115 13816 1047.0367156303 0.9822 
1120 13908 1047.0367156303 0.9822 
1125 13999 1047.0367156303 0.9822 
1130 14093 1047.0367156303 0.9822 
1135 14187 1047.0367156303 0.9822 
1140 14278 1047.0367156303 0.9822 
1145 14372 1047.0367156303 0.9822 
1150 14465 1047.0367156303 0.9822 
1155 14561 1045.9999595106 0.9832 
1160 14655 1045.9999595106 0.9832 
1165 14747 1045.9999595106 0.9832 
1170 14840 1045.9999595106 0.9832 
1175 14933 1045.9999595106 0.9832 
1180 15026 1045.9999595106 0.9832 
1185 15115 1045.9999595106 0.9832 
1190 15210 1045.9999595106 0.9832 
1195 15303 1045.9999595106 0.9832 
1200 15398 1045.9999595106 0.9832 
1205 15490 1045.1165698312 0.9840 
1210 15585 1045.1165698312 0.9840 
1215 15676 1045.1165698312 0.9840 
1220 15770 1045.1165698312 0.9840 
1225 15863 1045.1165698312 0.9840 
1230 15956 1045.1165698312 0.9840 
1235 16050 1045.1165698312 0.9840 
1240 16142 1045.1165698312 0.9840 
1245 16234 1045.1165698312 0.9840 
1250 16327 1045.1165698312 0.9840 
1255 16419 1045.1165698312 0.9840 
1260 16511 1045.1165698312 0.9840 
1265 16603 1045.1165698312 0.9840 
1270 16697 1045.1165698312 0.9840 
1275 16789 1045.1165698312 0.9840 
1280 16884 1045.1165698312 0.9840 
1285 16977 1045.1165698312 0.9840 
1290 17070 1045.1165698312 0.9840 
1295 17165 1045.1165698312 0.9840 
1300 17253 1045.1165698312 0.9840 
1305 17345 1045.1165698312 0.9840 
1310 17439 1045.1165698312 0.9840 
1315 17531 1045.1165698312 0.9840 
1320 17620 1045.1165698312 0.9840 
1325 17713 1045.1165698312 0.9840 
1330 17805 1045.1165698312 0.9840 
1335 17898 1045.1165698312 0.9840 
1340 17991 1045.1165698312 0.9840 
1345 18086 1045.1165698312 0.9840 
1350 18181 1045.1165698312 0.9840 
1355 18273 1045.1165698312 0.9840 
1360 18366 1045.1165698312 0.9840 
1365 18459 1045.1165698312 0.9840 
1370 18553 1045.1165698312 0.9840 
1375 18647 1045.1165698312 0.9840 
1380 18743 1045.1165698312 0.9840 
1385 18836 1045.1165698312 0.9840 
1390 18933 1045.1165698312 0.9840 
1395 19028 1045.1165698312 0.9840 
1400 19123 1045.1165698312 0.9840 
1405 19213 1045.1165698312 0.9840 
1410 19308 1045.1165698312 0.9840 
1415 19402 1045.1165698312 0.9840 
1420 19498 1045.1165698312 0.9840 
1425 19592 1045.1165698312 0.9840 
1430 19688 1045.1165698312 0.9840 
1435 19783 1045.1165698312 0.9840 
1440 19878 1045.1165698312 0.9840 
1445 19973 1045.1165698312 0.9840 
1450 20067 1045.1165698312 0.9840 
1455 20161 1045.1165698312 0.9840 
1460 20257 1045.1165698312 0.9840 
1465 20350 1045.1165698312 0.9840 
1470 20445 1045.1165698312 0.9840 
1475 20535 1045.1165698312 0.9840 
1480 20630 1045.1165698312 0.9840 
1485 20725 1045.0819378189 0.9841 
1490 20821 1044.2314509868 0.9849 
1495 20913 1044.2314509868 0.9849 
1500 21009 1044.2314509868 0.9849 
1505 21103 1044.2314509868 0.9849 
1510 21195 1044.2314509868 0.9849 
1515 21288 1044.2314509868 0.9849 
1520 21381 1044.2314509868 0.9849 
1525 21473 1044.2314509868 0.9849 
1530 21567 1044.2314509868 0.9849 
1535 21660 1044.2314509868 0.9849 
1540 21754 1044.2314509868 0.9849 
1545 21850 1044.2314509868 0.9849 
1550 21945 1044.2314509868 0.9849 
1555 22039 1044.2314509868 0.9849 
1560 22134 1044.2314509868 0.9849 
1565 22226 1044.2314509868 0.9849 
1570 22322 1044.2314509868 0.9849 
1575 22411 1044.2314509868 0.9849 
1580 22506 1044.2314509868 0.9849 
1585 22599 1044.2314509868 0.9849 
1590 22695 1044.2314509868 0.9849 
1595 22790 1044.2314509868 0.9849 
1600 22880 1044.2314509868 0.9849 
1605 22971 1044.2314509868 0.9849 
1610 23065 1044.2314509868 0.9849 
1615 23160 1044.2314509868 0.9849 
1620 23251 1044.2314509868 0.9849 
1625 23343 1044.2314509868 0.9849 
1630 23432 1044.2314509868 0.9849 
1635 23524 1044.2314509868 0.9849 
1640 23616 1044.2314509868 0.9849 
1645 23707 1044.2314509868 0.9849 
1650 23800 1044.2314509868 0.9849 
1655 23890 1044.2314509868 0.9849 
1660 23984 1044.2314509868 0.9849 
1665 24075 1044.2314509868 0.9849 
1670 24169 1044.2314509868 0.9849 
1675 24260 1044.2314509868 0.9849 
1680 24353 1044.2314509868 0.9849 
1685 24447 1044.2314509868 0.9849 
1690 24543 1044.2314509868 0.9849 
1695 24635 1044.2314509868 0.9849 
1700 24728 1044.2314509868 0.9849 
1705 24822 1044.2314509868 0.9849 
1710 24916 1044.2314509868 0.9849 
1715 25010 1044.2314509868 0.9849 
1720 25101 1044.2314509868 0.9849 
1725 25197 1044.2314509868 0.9849 
1730 25290 1044.2314509868 0.9849 
1735 25385 1044.2314509868 0.9849 
1740 25477 1044.2314509868 0.9849 
1745 25572 1044.0445772548 0.9850 
1750 25664 1044.0445772548 0.9850 
1755 25756 1043.7300035635 0.9853 
1760 25849 1043.7300035635 0.9853 
1765 25942 1043.7300035635 0.9853 
1770 26034 1043.7300035635 0.9853 
1775 26128 1043.7300035635 0.9853 
1780 26222 1043.7300035635 0.9853 
1785 26315 1043.7300035635 0.9853 
1790 26409 1043.7300035635 0.9853 
1795 26501 1043.7300035635 0.9853 
1800 26594 1043.7300035635 0.9853 
