0 0 2016.8371703758 0.0000 
5 2 2016.8371703758 0.0000 
10 4 2016.8371703758 0.0000 
15 6 1708.0509457220 0.7561 
20 8 1628.4421885834 0.7931 
25 9 1628.4421885834 0.7931 
30 11 1574.3014802520 0.8203 
35 12 1574.3014802520 0.8203 
40 14 1526.9550254025 0.8458 
45 16 1525.1616221988 0.8468 
50 17 1525.1616221988 0.8468 
55 19 1483.4333989541 0.8706 
60 21 1477.8791127520 0.8739 
65 22 1473.2937856720 0.8766 
70 24 1473.2937856720 0.8766 
75 25 1473.2937856720 0.8766 
80 27 1466.7935829037 0.8805 
85 29 1459.3068238054 0.8850 
90 30 1457.9581505395 0.8858 
95 32 1457.9581505395 0.8858 
100 34 1457.4570514491 0.8861 
105 35 1456.7587782953 0.8865 
110 37 1452.7279075549 0.8890 
115 39 1446.0688278050 0.8931 
120 41 1445.8247780828 0.8932 
125 42 1440.3810542112 0.8966 
130 44 1439.0675987832 0.8974 
135 46 1436.7933482204 0.8988 
140 47 1436.7933482204 0.8988 
145 49 1433.5852562220 0.9009 
150 51 1418.8228728008 0.9102 
155 53 1418.8228728008 0.9102 
160 54 1415.1451606734 0.9126 
165 56 1411.5954311244 0.9149 
170 58 1411.2142653521 0.9151 
175 59 1410.6569251226 0.9155 
180 61 1410.6569251226 0.9155 
185 63 1402.5664591965 0.9208 
190 65 1402.5664591965 0.9208 
195 67 1402.5664591965 0.9208 
200 68 1401.7135097804 0.9213 
205 70 1401.7135097804 0.9213 
210 72 1396.9686938895 0.9245 
215 74 1396.9686938895 0.9245 
220 76 1396.9686938895 0.9245 
225 78 1396.9686938895 0.9245 
230 80 1396.9686938895 0.9245 
235 81 1396.9686938895 0.9245 
240 83 1395.8550681890 0.9252 
245 85 1392.2379971530 0.9276 
250 87 1392.2379971530 0.9276 
255 89 1392.2379971530 0.9276 
260 91 1385.0663788722 0.9324 
265 93 1383.8366451154 0.9332 
270 95 1383.8366451154 0.9332 
275 97 1383.8366451154 0.9332 
280 99 1383.8366451154 0.9332 
285 101 1379.3873654016 0.9362 
290 103 1379.3873654016 0.9362 
295 106 1379.3873654016 0.9362 
300 108 1379.3873654016 0.9362 
305 110 1379.3873654016 0.9362 
310 112 1379.3873654016 0.9362 
315 114 1378.3110995586 0.9370 
320 117 1378.3110995586 0.9370 
325 119 1378.3110995586 0.9370 
330 121 1378.1624353509 0.9371 
335 123 1377.0516219165 0.9378 
340 126 1377.0516219165 0.9378 
345 128 1377.0516219165 0.9378 
350 130 1375.1979331062 0.9391 
355 132 1373.2806891593 0.9404 
360 135 1373.2806891593 0.9404 
365 137 1373.0478306707 0.9406 
370 139 1372.8737330253 0.9407 
375 142 1372.8737330253 0.9407 
380 144 1372.8737330253 0.9407 
385 146 1372.8737330253 0.9407 
390 149 1372.8737330253 0.9407 
395 151 1372.8737330253 0.9407 
400 153 1372.8737330253 0.9407 
405 156 1372.6782972778 0.9408 
410 158 1372.6782972778 0.9408 
415 161 1372.6782972778 0.9408 
420 163 1372.6782972778 0.9408 
425 166 1372.6782972778 0.9408 
430 168 1372.6782972778 0.9408 
435 171 1372.6558566434 0.9408 
440 174 1372.6558566434 0.9408 
445 176 1371.8543873767 0.9414 
450 179 1371.8543873767 0.9414 
455 181 1371.8543873767 0.9414 
460 184 1371.8543873767 0.9414 
465 187 1371.8543873767 0.9414 
470 190 1371.8543873767 0.9414 
475 193 1371.8543873767 0.9414 
480 195 1371.8543873767 0.9414 
485 198 1371.8543873767 0.9414 
490 201 1371.8543873767 0.9414 
495 204 1370.1180375948 0.9426 
500 207 1369.7701541109 0.9428 
505 210 1369.7701541109 0.9428 
510 213 1369.7701541109 0.9428 
515 215 1369.7701541109 0.9428 
520 218 1369.7701541109 0.9428 
525 221 1369.6678549376 0.9429 
530 225 1369.5866101976 0.9429 
535 227 1369.5866101976 0.9429 
540 230 1369.5866101976 0.9429 
545 233 1369.5866101976 0.9429 
550 236 1369.3302970862 0.9431 
555 240 1369.3302970862 0.9431 
560 243 1369.3302970862 0.9431 
565 246 1369.3302970862 0.9431 
570 249 1369.3302970862 0.9431 
575 252 1369.3302970862 0.9431 
580 255 1365.9819576858 0.9454 
585 259 1365.9819576858 0.9454 
590 262 1365.9819576858 0.9454 
595 266 1365.9819576858 0.9454 
600 269 1365.9819576858 0.9454 
605 273 1365.9819576858 0.9454 
610 276 1365.9819576858 0.9454 
615 280 1365.9819576858 0.9454 
620 284 1365.9819576858 0.9454 
625 288 1364.7606102737 0.9463 
630 292 1364.7606102737 0.9463 
635 296 1364.7606102737 0.9463 
640 300 1364.7606102737 0.9463 
645 304 1364.7606102737 0.9463 
650 309 1364.7606102737 0.9463 
655 314 1363.6643108311 0.9470 
660 318 1363.6643108311 0.9470 
665 323 1363.3131439969 0.9473 
670 328 1363.3131439969 0.9473 
675 334 1362.8570043689 0.9476 
680 339 1362.7709729295 0.9477 
685 345 1362.7709729295 0.9477 
690 351 1361.8176419378 0.9483 
695 357 1361.8176419378 0.9483 
700 363 1361.8176419378 0.9483 
705 370 1361.8176419378 0.9483 
710 378 1361.8176419378 0.9483 
715 385 1361.5709242903 0.9485 
720 394 1361.5709242903 0.9485 
725 404 1361.2352627046 0.9487 
730 414 1361.2352627046 0.9487 
735 427 1361.2352627046 0.9487 
740 442 1361.2352627046 0.9487 
745 466 1359.8894234573 0.9497 
750 516 1357.2999383681 0.9515 
755 568 1353.3175593421 0.9543 
760 618 1351.9743795900 0.9552 
765 667 1351.7103669818 0.9554 
770 718 1349.6951343141 0.9568 
775 771 1346.1172876095 0.9594 
780 823 1343.4564971181 0.9613 
785 873 1343.4496176797 0.9613 
790 924 1343.4496176797 0.9613 
795 975 1343.4496176797 0.9613 
800 1027 1343.4496176797 0.9613 
805 1079 1343.4496176797 0.9613 
810 1130 1343.4496176797 0.9613 
815 1180 1342.9124484666 0.9617 
820 1231 1342.5202090162 0.9620 
825 1279 1342.5202090162 0.9620 
830 1332 1342.5202090162 0.9620 
835 1384 1342.5202090162 0.9620 
840 1436 1342.5202090162 0.9620 
845 1488 1342.5202090162 0.9620 
850 1541 1342.5202090162 0.9620 
855 1591 1342.5202090162 0.9620 
860 1643 1342.5202090162 0.9620 
865 1694 1342.5202090162 0.9620 
870 1745 1342.5202090162 0.9620 
875 1797 1342.5202090162 0.9620 
880 1847 1342.5202090162 0.9620 
885 1898 1342.5202090162 0.9620 
890 1949 1342.5202090162 0.9620 
895 1999 1342.5202090162 0.9620 
900 2047 1342.5202090162 0.9620 
905 2099 1342.5202090162 0.9620 
910 2148 1342.5202090162 0.9620 
915 2199 1342.5202090162 0.9620 
920 2250 1342.5202090162 0.9620 
925 2301 1342.5202090162 0.9620 
930 2351 1342.5202090162 0.9620 
935 2403 1342.5202090162 0.9620 
940 2453 1342.5202090162 0.9620 
945 2507 1342.5202090162 0.9620 
950 2558 1342.5202090162 0.9620 
955 2609 1342.5202090162 0.9620 
960 2660 1342.5202090162 0.9620 
965 2712 1342.5202090162 0.9620 
970 2761 1342.5202090162 0.9620 
975 2814 1342.5202090162 0.9620 
980 2864 1342.5202090162 0.9620 
985 2914 1342.5202090162 0.9620 
990 2966 1342.5202090162 0.9620 
995 3017 1342.5202090162 0.9620 
1000 3066 1342.5202090162 0.9620 
1005 3116 1342.5202090162 0.9620 
1010 3167 1342.5202090162 0.9620 
1015 3218 1342.5202090162 0.9620 
1020 3268 1342.5202090162 0.9620 
1025 3319 1342.5202090162 0.9620 
1030 3369 1342.5202090162 0.9620 
1035 3418 1342.5202090162 0.9620 
1040 3469 1342.5202090162 0.9620 
1045 3520 1342.5202090162 0.9620 
1050 3571 1342.5202090162 0.9620 
1055 3622 1342.5202090162 0.9620 
1060 3672 1342.5202090162 0.9620 
1065 3721 1342.5202090162 0.9620 
1070 3773 1342.5202090162 0.9620 
1075 3825 1342.5202090162 0.9620 
1080 3875 1342.5202090162 0.9620 
1085 3928 1342.5202090162 0.9620 
1090 3980 1342.5202090162 0.9620 
1095 4028 1342.5202090162 0.9620 
1100 4080 1342.5202090162 0.9620 
1105 4131 1342.5202090162 0.9620 
1110 4184 1342.5202090162 0.9620 
1115 4234 1342.5202090162 0.9620 
1120 4286 1342.5202090162 0.9620 
1125 4337 1342.5202090162 0.9620 
1130 4388 1342.5202090162 0.9620 
1135 4439 1342.5202090162 0.9620 
1140 4490 1342.5202090162 0.9620 
1145 4540 1342.5202090162 0.9620 
1150 4590 1342.5202090162 0.9620 
1155 4639 1342.5202090162 0.9620 
1160 4692 1342.5202090162 0.9620 
1165 4745 1342.5202090162 0.9620 
1170 4797 1342.5202090162 0.9620 
1175 4848 1342.5202090162 0.9620 
1180 4894 1342.5202090162 0.9620 
1185 4945 1342.5202090162 0.9620 
1190 4996 1342.5202090162 0.9620 
1195 5049 1342.5202090162 0.9620 
1200 5100 1342.5202090162 0.9620 
1205 5151 1342.5202090162 0.9620 
1210 5202 1342.5202090162 0.9620 
1215 5251 1342.5202090162 0.9620 
1220 5302 1342.5202090162 0.9620 
1225 5354 1342.5202090162 0.9620 
1230 5403 1342.5202090162 0.9620 
1235 5455 1342.5202090162 0.9620 
1240 5506 1342.5202090162 0.9620 
1245 5555 1342.5202090162 0.9620 
1250 5605 1342.5202090162 0.9620 
1255 5656 1342.5202090162 0.9620 
1260 5706 1342.5202090162 0.9620 
1265 5756 1342.5202090162 0.9620 
1270 5806 1342.5202090162 0.9620 
1275 5856 1342.5202090162 0.9620 
1280 5909 1342.5202090162 0.9620 
1285 5961 1342.5202090162 0.9620 
1290 6013 1342.5202090162 0.9620 
1295 6061 1342.5202090162 0.9620 
1300 6108 1342.5202090162 0.9620 
1305 6159 1342.5202090162 0.9620 
1310 6208 1342.5202090162 0.9620 
1315 6261 1342.5202090162 0.9620 
1320 6311 1342.5202090162 0.9620 
1325 6364 1342.5202090162 0.9620 
1330 6413 1342.5202090162 0.9620 
1335 6463 1342.5202090162 0.9620 
1340 6512 1342.5202090162 0.9620 
1345 6563 1342.5202090162 0.9620 
1350 6615 1342.5202090162 0.9620 
1355 6665 1342.5202090162 0.9620 
1360 6715 1342.5202090162 0.9620 
1365 6765 1342.5202090162 0.9620 
1370 6815 1342.5202090162 0.9620 
1375 6867 1340.5212374726 0.9634 
1380 6918 1338.7352383272 0.9647 
1385 6970 1338.7352383272 0.9647 
1390 7021 1338.7352383272 0.9647 
1395 7070 1338.7352383272 0.9647 
1400 7120 1338.7352383272 0.9647 
1405 7173 1338.7352383272 0.9647 
1410 7224 1338.7352383272 0.9647 
1415 7273 1335.8881532805 0.9667 
1420 7324 1334.4390720865 0.9678 
1425 7374 1334.4390720865 0.9678 
1430 7422 1334.0566832422 0.9681 
1435 7475 1334.0566832422 0.9681 
1440 7526 1334.0566832422 0.9681 
1445 7576 1334.0566832422 0.9681 
1450 7628 1334.0566832422 0.9681 
1455 7679 1334.0566832422 0.9681 
1460 7726 1334.0566832422 0.9681 
1465 7778 1334.0566832422 0.9681 
1470 7830 1334.0566832422 0.9681 
1475 7883 1334.0566832422 0.9681 
1480 7934 1334.0566832422 0.9681 
1485 7986 1334.0566832422 0.9681 
1490 8034 1334.0566832422 0.9681 
1495 8086 1334.0566832422 0.9681 
1500 8138 1334.0566832422 0.9681 
1505 8188 1334.0566832422 0.9681 
1510 8239 1332.7511400896 0.9690 
1515 8289 1332.7511400896 0.9690 
1520 8337 1332.7511400896 0.9690 
1525 8389 1332.7391331847 0.9690 
1530 8440 1332.7391331847 0.9690 
1535 8491 1332.6074538898 0.9691 
1540 8542 1332.6074538898 0.9691 
1545 8593 1332.6074538898 0.9691 
1550 8641 1332.6074538898 0.9691 
1555 8692 1332.6074538898 0.9691 
1560 8743 1332.3206915442 0.9693 
1565 8794 1332.3206915442 0.9693 
1570 8844 1332.3206915442 0.9693 
1575 8894 1332.3206915442 0.9693 
1580 8943 1332.3206915442 0.9693 
1585 8995 1332.3206915442 0.9693 
1590 9046 1332.3206915442 0.9693 
1595 9099 1332.3206915442 0.9693 
1600 9149 1332.3206915442 0.9693 
1605 9198 1332.3206915442 0.9693 
1610 9249 1332.3206915442 0.9693 
1615 9297 1332.3206915442 0.9693 
1620 9348 1332.3206915442 0.9693 
1625 9400 1332.3206915442 0.9693 
1630 9449 1332.3206915442 0.9693 
1635 9501 1332.3206915442 0.9693 
1640 9550 1332.3206915442 0.9693 
1645 9600 1332.3206915442 0.9693 
1650 9652 1331.2290357787 0.9701 
1655 9703 1331.2290357787 0.9701 
1660 9754 1331.2290357787 0.9701 
1665 9805 1331.2290357787 0.9701 
1670 9855 1331.2290357787 0.9701 
1675 9904 1331.2290357787 0.9701 
1680 9954 1331.2290357787 0.9701 
1685 10006 1331.2290357787 0.9701 
1690 10057 1331.2290357787 0.9701 
1695 10109 1331.2290357787 0.9701 
1700 10159 1331.2290357787 0.9701 
1705 10207 1331.2290357787 0.9701 
1710 10258 1331.2290357787 0.9701 
1715 10308 1331.2290357787 0.9701 
1720 10359 1331.2290357787 0.9701 
1725 10410 1331.2290357787 0.9701 
1730 10460 1331.2290357787 0.9701 
1735 10510 1331.2290357787 0.9701 
1740 10562 1331.2290357787 0.9701 
1745 10613 1331.2290357787 0.9701 
1750 10663 1331.2290357787 0.9701 
1755 10714 1331.2290357787 0.9701 
1760 10764 1331.2290357787 0.9701 
1765 10815 1331.2290357787 0.9701 
1770 10865 1331.2290357787 0.9701 
1775 10915 1331.2290357787 0.9701 
1780 10967 1331.2290357787 0.9701 
1785 11019 1331.2290357787 0.9701 
1790 11070 1331.2290357787 0.9701 
1795 11121 1331.2290357787 0.9701 
1800 11171 1331.2290357787 0.9701 
