0 0 1798.6280893462 0.0000 
5 3 1798.6280893462 0.0000 
10 6 1798.6280893462 0.0000 
15 9 1798.6280893462 0.0000 
20 12 1798.6280893462 0.0000 
25 15 1798.6280893462 0.0000 
30 18 1798.6280893462 0.0000 
35 21 1305.8729433072 0.8902 
40 24 1305.8729433072 0.8902 
45 27 1278.3281883895 0.9094 
50 30 1278.3281883895 0.9094 
55 33 1273.2980137639 0.9130 
60 36 1265.9357279281 0.9183 
65 40 1247.4761911907 0.9319 
70 43 1235.1577277713 0.9412 
75 46 1234.1509907103 0.9420 
80 49 1234.1509907103 0.9420 
85 53 1232.5471634321 0.9432 
90 56 1232.5471634321 0.9432 
95 59 1232.5471634321 0.9432 
100 62 1232.1015858027 0.9436 
105 66 1227.7541080290 0.9469 
110 69 1227.7541080290 0.9469 
115 73 1224.6707963381 0.9493 
120 76 1221.5928757200 0.9517 
125 80 1221.1773976617 0.9520 
130 83 1221.1773976617 0.9520 
135 87 1221.1773976617 0.9520 
140 91 1221.1773976617 0.9520 
145 94 1221.1773976617 0.9520 
150 98 1214.8095204555 0.9570 
155 102 1214.7020849189 0.9571 
160 106 1214.7020849189 0.9571 
165 110 1211.5267378027 0.9596 
170 114 1211.5267378027 0.9596 
175 118 1205.8711562631 0.9641 
180 123 1205.8711562631 0.9641 
185 127 1205.8711562631 0.9641 
190 131 1205.8711562631 0.9641 
195 136 1204.6212638176 0.9651 
200 140 1204.4417554939 0.9652 
205 145 1204.4417554939 0.9652 
210 149 1204.4417554939 0.9652 
215 154 1204.4417554939 0.9652 
220 158 1204.4417554939 0.9652 
225 163 1204.4417554939 0.9652 
230 168 1204.4417554939 0.9652 
235 173 1204.4417554939 0.9652 
240 178 1203.8383757745 0.9657 
245 183 1203.8383757745 0.9657 
250 188 1203.8383757745 0.9657 
255 194 1203.8383757745 0.9657 
260 200 1203.8383757745 0.9657 
265 205 1203.8383757745 0.9657 
270 211 1203.8383757745 0.9657 
275 218 1203.8383757745 0.9657 
280 224 1203.8383757745 0.9657 
285 231 1203.8383757745 0.9657 
290 238 1203.8383757745 0.9657 
295 245 1203.8383757745 0.9657 
300 252 1203.8383757745 0.9657 
305 259 1203.8383757745 0.9657 
310 267 1203.8383757745 0.9657 
315 275 1203.8383757745 0.9657 
320 283 1203.8383757745 0.9657 
325 291 1203.8383757745 0.9657 
330 301 1203.8383757745 0.9657 
335 310 1203.8383757745 0.9657 
340 321 1203.8383757745 0.9657 
345 332 1203.8383757745 0.9657 
350 345 1203.8383757745 0.9657 
355 361 1203.8383757745 0.9657 
360 377 1203.8383757745 0.9657 
365 402 1203.8383757745 0.9657 
370 451 1191.9196156324 0.9754 
375 551 1184.0391525803 0.9819 
380 654 1184.0391525803 0.9819 
385 761 1184.0391525803 0.9819 
390 867 1184.0391525803 0.9819 
395 973 1184.0391525803 0.9819 
400 1069 1184.0391525803 0.9819 
405 1175 1184.0391525803 0.9819 
410 1278 1184.0391525803 0.9819 
415 1383 1184.0391525803 0.9819 
420 1487 1184.0391525803 0.9819 
425 1595 1184.0391525803 0.9819 
430 1697 1184.0391525803 0.9819 
435 1802 1184.0391525803 0.9819 
440 1906 1184.0391525803 0.9819 
445 2011 1184.0391525803 0.9819 
450 2112 1184.0391525803 0.9819 
455 2218 1184.0391525803 0.9819 
460 2320 1184.0391525803 0.9819 
465 2421 1184.0391525803 0.9819 
470 2525 1184.0391525803 0.9819 
475 2628 1184.0391525803 0.9819 
480 2731 1184.0391525803 0.9819 
485 2835 1184.0391525803 0.9819 
490 2937 1184.0391525803 0.9819 
495 3040 1184.0391525803 0.9819 
500 3141 1184.0391525803 0.9819 
505 3245 1184.0391525803 0.9819 
510 3349 1184.0391525803 0.9819 
515 3450 1184.0391525803 0.9819 
520 3554 1184.0391525803 0.9819 
525 3659 1181.2768813026 0.9841 
530 3762 1181.2768813026 0.9841 
535 3867 1181.2768813026 0.9841 
540 3971 1181.2768813026 0.9841 
545 4067 1181.2768813026 0.9841 
550 4162 1181.2768813026 0.9841 
555 4257 1181.2768813026 0.9841 
560 4361 1181.2768813026 0.9841 
565 4465 1181.2768813026 0.9841 
570 4568 1181.2768813026 0.9841 
575 4669 1181.2768813026 0.9841 
580 4773 1181.2768813026 0.9841 
585 4876 1181.2768813026 0.9841 
590 4981 1181.2768813026 0.9841 
595 5083 1181.2768813026 0.9841 
600 5188 1181.2768813026 0.9841 
605 5291 1181.2768813026 0.9841 
610 5395 1181.2768813026 0.9841 
615 5501 1181.2768813026 0.9841 
620 5603 1181.2768813026 0.9841 
625 5706 1181.2768813026 0.9841 
630 5807 1181.2768813026 0.9841 
635 5910 1181.2768813026 0.9841 
640 6017 1181.2768813026 0.9841 
645 6119 1181.2768813026 0.9841 
650 6221 1181.2768813026 0.9841 
655 6327 1181.2768813026 0.9841 
660 6429 1181.2768813026 0.9841 
665 6533 1181.2768813026 0.9841 
670 6637 1181.2768813026 0.9841 
675 6744 1181.2768813026 0.9841 
680 6849 1181.2768813026 0.9841 
685 6953 1181.2768813026 0.9841 
690 7056 1181.2768813026 0.9841 
695 7157 1181.2768813026 0.9841 
700 7261 1181.2768813026 0.9841 
705 7366 1181.2768813026 0.9841 
710 7469 1181.2768813026 0.9841 
715 7573 1181.2768813026 0.9841 
720 7676 1181.2768813026 0.9841 
725 7777 1181.2768813026 0.9841 
730 7879 1181.2768813026 0.9841 
735 7984 1181.2768813026 0.9841 
740 8088 1181.2768813026 0.9841 
745 8191 1181.2768813026 0.9841 
750 8293 1181.2768813026 0.9841 
755 8395 1181.2768813026 0.9841 
760 8498 1181.2768813026 0.9841 
765 8595 1181.2768813026 0.9841 
770 8693 1181.2768813026 0.9841 
775 8794 1181.2768813026 0.9841 
780 8898 1181.2768813026 0.9841 
785 9006 1181.2768813026 0.9841 
790 9108 1181.2768813026 0.9841 
795 9214 1181.2768813026 0.9841 
800 9318 1181.2768813026 0.9841 
805 9421 1181.2768813026 0.9841 
810 9526 1181.2768813026 0.9841 
815 9630 1181.2768813026 0.9841 
820 9734 1181.2768813026 0.9841 
825 9838 1181.2768813026 0.9841 
830 9942 1181.2768813026 0.9841 
835 10046 1181.2768813026 0.9841 
840 10150 1181.2768813026 0.9841 
845 10257 1181.2768813026 0.9841 
850 10359 1181.2768813026 0.9841 
855 10462 1181.2768813026 0.9841 
860 10565 1181.2768813026 0.9841 
865 10668 1181.2768813026 0.9841 
870 10771 1181.2768813026 0.9841 
875 10877 1180.9761807333 0.9844 
880 10983 1179.4163787159 0.9857 
885 11086 1179.4163787159 0.9857 
890 11190 1179.4163787159 0.9857 
895 11295 1179.4163787159 0.9857 
900 11398 1179.4163787159 0.9857 
905 11504 1179.4163787159 0.9857 
910 11609 1179.4163787159 0.9857 
915 11712 1179.0222737664 0.9860 
920 11817 1179.0222737664 0.9860 
925 11922 1179.0222737664 0.9860 
930 12027 1179.0222737664 0.9860 
935 12131 1179.0222737664 0.9860 
940 12230 1179.0222737664 0.9860 
945 12335 1173.1178184305 0.9910 
950 12435 1173.1178184305 0.9910 
955 12539 1173.1178184305 0.9910 
960 12642 1173.1178184305 0.9910 
965 12745 1173.1178184305 0.9910 
970 12846 1173.1178184305 0.9910 
975 12947 1173.1178184305 0.9910 
980 13050 1173.1178184305 0.9910 
985 13151 1173.1178184305 0.9910 
990 13253 1173.1178184305 0.9910 
995 13353 1173.1178184305 0.9910 
1000 13457 1173.1178184305 0.9910 
1005 13561 1173.1178184305 0.9910 
1010 13664 1173.1178184305 0.9910 
1015 13767 1173.1178184305 0.9910 
1020 13868 1173.1178184305 0.9910 
1025 13970 1173.1178184305 0.9910 
1030 14073 1173.1178184305 0.9910 
1035 14176 1173.1178184305 0.9910 
1040 14280 1173.1178184305 0.9910 
1045 14386 1173.1178184305 0.9910 
1050 14489 1173.1178184305 0.9910 
1055 14591 1173.1178184305 0.9910 
1060 14693 1173.1178184305 0.9910 
1065 14793 1173.1178184305 0.9910 
1070 14898 1173.1178184305 0.9910 
1075 15005 1173.1178184305 0.9910 
1080 15105 1173.1178184305 0.9910 
1085 15207 1173.1178184305 0.9910 
1090 15307 1173.1178184305 0.9910 
1095 15404 1173.1178184305 0.9910 
1100 15498 1173.1178184305 0.9910 
1105 15596 1173.1178184305 0.9910 
1110 15689 1173.1178184305 0.9910 
1115 15784 1173.1178184305 0.9910 
1120 15876 1173.1178184305 0.9910 
1125 15977 1173.1178184305 0.9910 
1130 16078 1173.1178184305 0.9910 
1135 16181 1173.1178184305 0.9910 
1140 16265 1173.1178184305 0.9910 
1145 16342 1173.1178184305 0.9910 
1150 16442 1173.1178184305 0.9910 
1155 16545 1173.1178184305 0.9910 
1160 16629 1173.1178184305 0.9910 
1165 16720 1173.1178184305 0.9910 
1170 16820 1173.1178184305 0.9910 
1175 16917 1173.1178184305 0.9910 
1180 17017 1173.1178184305 0.9910 
1185 17124 1173.1178184305 0.9910 
1190 17227 1173.1178184305 0.9910 
1195 17331 1173.1178184305 0.9910 
1200 17435 1173.1178184305 0.9910 
1205 17537 1173.1178184305 0.9910 
1210 17639 1173.1178184305 0.9910 
1215 17742 1173.1178184305 0.9910 
1220 17846 1173.1178184305 0.9910 
1225 17948 1173.1178184305 0.9910 
1230 18050 1173.1178184305 0.9910 
1235 18151 1173.1178184305 0.9910 
1240 18253 1173.1178184305 0.9910 
1245 18354 1173.1178184305 0.9910 
1250 18455 1173.1178184305 0.9910 
1255 18559 1173.1178184305 0.9910 
1260 18664 1173.1178184305 0.9910 
1265 18767 1173.1178184305 0.9910 
1270 18873 1173.1178184305 0.9910 
1275 18977 1173.1178184305 0.9910 
1280 19081 1173.1178184305 0.9910 
1285 19185 1173.1178184305 0.9910 
1290 19287 1173.1178184305 0.9910 
1295 19391 1173.1178184305 0.9910 
1300 19490 1173.1178184305 0.9910 
1305 19594 1173.1178184305 0.9910 
1310 19697 1173.1178184305 0.9910 
1315 19801 1173.1178184305 0.9910 
1320 19901 1173.1178184305 0.9910 
1325 20006 1173.1178184305 0.9910 
1330 20106 1173.1178184305 0.9910 
1335 20210 1173.1178184305 0.9910 
1340 20310 1173.1178184305 0.9910 
1345 20417 1173.1178184305 0.9910 
1350 20523 1173.1178184305 0.9910 
1355 20626 1173.1178184305 0.9910 
1360 20729 1173.1178184305 0.9910 
1365 20832 1173.1178184305 0.9910 
1370 20935 1173.1178184305 0.9910 
1375 21037 1173.1178184305 0.9910 
1380 21140 1173.1178184305 0.9910 
1385 21247 1173.1178184305 0.9910 
1390 21349 1173.1178184305 0.9910 
1395 21454 1173.1178184305 0.9910 
1400 21555 1173.1178184305 0.9910 
1405 21659 1173.1178184305 0.9910 
1410 21762 1173.1178184305 0.9910 
1415 21866 1173.1178184305 0.9910 
1420 21971 1173.1178184305 0.9910 
1425 22075 1173.1178184305 0.9910 
1430 22178 1173.1178184305 0.9910 
1435 22283 1173.1178184305 0.9910 
1440 22386 1173.1178184305 0.9910 
1445 22491 1173.1178184305 0.9910 
1450 22595 1173.1178184305 0.9910 
1455 22697 1173.1178184305 0.9910 
1460 22803 1173.1178184305 0.9910 
1465 22907 1173.1178184305 0.9910 
1470 23011 1173.1178184305 0.9910 
1475 23112 1173.1178184305 0.9910 
1480 23215 1173.1178184305 0.9910 
1485 23315 1173.1178184305 0.9910 
1490 23413 1173.1178184305 0.9910 
1495 23512 1173.1178184305 0.9910 
1500 23609 1173.1178184305 0.9910 
1505 23706 1173.1178184305 0.9910 
1510 23807 1173.1178184305 0.9910 
1515 23910 1173.1178184305 0.9910 
1520 24010 1173.1178184305 0.9910 
1525 24110 1173.1178184305 0.9910 
1530 24212 1173.1178184305 0.9910 
1535 24317 1173.1178184305 0.9910 
1540 24421 1173.1178184305 0.9910 
1545 24524 1173.1178184305 0.9910 
1550 24627 1173.1178184305 0.9910 
1555 24732 1173.1178184305 0.9910 
1560 24837 1173.1178184305 0.9910 
1565 24941 1173.1178184305 0.9910 
1570 25043 1173.1178184305 0.9910 
1575 25142 1173.1178184305 0.9910 
1580 25245 1173.1178184305 0.9910 
1585 25351 1173.1178184305 0.9910 
1590 25452 1173.1178184305 0.9910 
1595 25553 1173.1178184305 0.9910 
1600 25660 1173.1178184305 0.9910 
1605 25763 1173.1178184305 0.9910 
1610 25863 1173.1178184305 0.9910 
1615 25964 1173.1178184305 0.9910 
1620 26070 1173.1178184305 0.9910 
1625 26173 1173.1178184305 0.9910 
1630 26270 1173.1178184305 0.9910 
1635 26373 1173.1178184305 0.9910 
1640 26477 1173.1178184305 0.9910 
1645 26579 1173.1178184305 0.9910 
1650 26680 1173.1178184305 0.9910 
1655 26785 1173.1178184305 0.9910 
1660 26887 1173.1178184305 0.9910 
1665 26991 1173.1178184305 0.9910 
1670 27093 1173.1178184305 0.9910 
1675 27200 1173.1178184305 0.9910 
1680 27301 1173.1178184305 0.9910 
1685 27406 1173.1178184305 0.9910 
1690 27508 1173.1178184305 0.9910 
1695 27614 1173.1178184305 0.9910 
1700 27717 1173.1178184305 0.9910 
1705 27822 1173.1178184305 0.9910 
1710 27928 1173.1178184305 0.9910 
1715 28034 1173.1178184305 0.9910 
1720 28139 1173.1178184305 0.9910 
1725 28243 1173.1178184305 0.9910 
1730 28345 1173.1178184305 0.9910 
1735 28446 1173.1178184305 0.9910 
1740 28553 1173.1178184305 0.9910 
1745 28655 1173.1178184305 0.9910 
1750 28756 1173.1178184305 0.9910 
1755 28861 1173.1178184305 0.9910 
1760 28967 1173.1178184305 0.9910 
1765 29072 1173.1178184305 0.9910 
1770 29166 1173.1178184305 0.9910 
1775 29263 1173.1178184305 0.9910 
1780 29366 1173.1178184305 0.9910 
1785 29469 1173.1178184305 0.9910 
1790 29571 1173.1178184305 0.9910 
1795 29674 1173.1178184305 0.9910 
1800 29779 1173.1178184305 0.9910 
