0 0 1898.1783515073 0.0000 
5 2 1898.1783515073 0.0000 
10 4 1898.1783515073 0.0000 
15 5 1898.1783515073 0.0000 
20 7 1898.1783515073 0.0000 
25 9 1898.1783515073 0.0000 
30 10 1898.1783515073 0.0000 
35 12 1898.1783515073 0.0000 
40 13 1898.1783515073 0.0000 
45 15 1898.1783515073 0.0000 
50 16 1898.1783515073 0.0000 
55 18 1898.1783515073 0.0000 
60 19 1898.1783515073 0.0000 
65 21 1898.1783515073 0.0000 
70 22 1898.1783515073 0.0000 
75 24 1898.1783515073 0.0000 
80 25 1898.1783515073 0.0000 
85 27 1898.1783515073 0.0000 
90 29 1898.1783515073 0.0000 
95 30 1898.1783515073 0.0000 
100 32 1898.1783515073 0.0000 
105 33 1898.1783515073 0.0000 
110 35 1898.1783515073 0.0000 
115 37 1898.1783515073 0.0000 
120 38 1898.1783515073 0.0000 
125 40 1898.1783515073 0.0000 
130 41 1898.1783515073 0.0000 
135 43 1898.1783515073 0.0000 
140 45 1898.1783515073 0.0000 
145 46 1898.1783515073 0.0000 
150 48 1898.1783515073 0.0000 
155 50 1898.1783515073 0.0000 
160 52 1898.1783515073 0.0000 
165 53 1898.1783515073 0.0000 
170 55 1898.1783515073 0.0000 
175 57 1898.1783515073 0.0000 
180 58 1898.1783515073 0.0000 
185 60 1898.1783515073 0.0000 
190 62 1898.1783515073 0.0000 
195 64 1898.1783515073 0.0000 
200 65 1898.1783515073 0.0000 
205 67 1898.1783515073 0.0000 
210 69 1898.1783515073 0.0000 
215 71 1898.1783515073 0.0000 
220 73 1898.1783515073 0.0000 
225 74 1898.1783515073 0.0000 
230 76 1898.1783515073 0.0000 
235 78 1898.1783515073 0.0000 
240 80 1898.1783515073 0.0000 
245 82 1898.1783515073 0.0000 
250 84 1898.1783515073 0.0000 
255 85 1898.1783515073 0.0000 
260 87 1898.1783515073 0.0000 
265 89 1898.1783515073 0.0000 
270 91 1898.1783515073 0.0000 
275 93 1898.1783515073 0.0000 
280 95 1898.1783515073 0.0000 
285 97 1898.1783515073 0.0000 
290 99 1898.1783515073 0.0000 
295 101 1898.1783515073 0.0000 
300 103 1898.1783515073 0.0000 
305 105 1898.1783515073 0.0000 
310 107 1898.1783515073 0.0000 
315 108 1898.1783515073 0.0000 
320 110 1898.1783515073 0.0000 
325 112 1898.1783515073 0.0000 
330 114 1898.1783515073 0.0000 
335 116 1898.1783515073 0.0000 
340 118 1898.1783515073 0.0000 
345 120 1898.1783515073 0.0000 
350 122 1898.1783515073 0.0000 
355 125 1898.1783515073 0.0000 
360 127 1898.1783515073 0.0000 
365 129 1898.1783515073 0.0000 
370 131 1898.1783515073 0.0000 
375 133 1898.1783515073 0.0000 
380 135 1898.1783515073 0.0000 
385 138 1898.1783515073 0.0000 
390 140 1898.1783515073 0.0000 
395 142 1898.1783515073 0.0000 
400 144 1898.1783515073 0.0000 
405 146 1898.1783515073 0.0000 
410 149 1898.1783515073 0.0000 
415 151 1898.1783515073 0.0000 
420 153 1898.1783515073 0.0000 
425 155 1898.1783515073 0.0000 
430 157 1898.1783515073 0.0000 
435 160 1898.1783515073 0.0000 
440 162 1898.1783515073 0.0000 
445 165 1898.1783515073 0.0000 
450 167 1898.1783515073 0.0000 
455 169 1898.1783515073 0.0000 
460 172 1898.1783515073 0.0000 
465 174 1898.1783515073 0.0000 
470 177 1898.1783515073 0.0000 
475 179 1898.1783515073 0.0000 
480 181 1898.1783515073 0.0000 
485 184 1898.1783515073 0.0000 
490 186 1898.1783515073 0.0000 
495 189 1898.1783515073 0.0000 
500 191 1898.1783515073 0.0000 
505 194 1898.1783515073 0.0000 
510 196 1898.1783515073 0.0000 
515 199 1898.1783515073 0.0000 
520 201 1898.1783515073 0.0000 
525 204 1898.1783515073 0.0000 
530 206 1898.1783515073 0.0000 
535 209 1898.1783515073 0.0000 
540 211 1898.1783515073 0.0000 
545 214 1898.1783515073 0.0000 
550 216 1898.1783515073 0.0000 
555 219 1898.1783515073 0.0000 
560 222 1898.1783515073 0.0000 
565 225 1898.1783515073 0.0000 
570 227 1898.1783515073 0.0000 
575 230 1898.1783515073 0.0000 
580 233 1898.1783515073 0.0000 
585 236 1898.1783515073 0.0000 
590 239 1898.1783515073 0.0000 
595 242 1898.1783515073 0.0000 
600 245 1898.1783515073 0.0000 
605 247 1898.1783515073 0.0000 
610 250 1898.1783515073 0.0000 
615 253 1898.1783515073 0.0000 
620 256 1898.1783515073 0.0000 
625 260 1898.1783515073 0.0000 
630 263 1898.1783515073 0.0000 
635 266 1898.1783515073 0.0000 
640 269 1898.1783515073 0.0000 
645 272 1898.1783515073 0.0000 
650 276 1898.1783515073 0.0000 
655 279 1898.1783515073 0.0000 
660 282 1898.1783515073 0.0000 
665 286 1898.1783515073 0.0000 
670 289 1898.1783515073 0.0000 
675 293 1898.1783515073 0.0000 
680 296 1898.1783515073 0.0000 
685 300 1898.1783515073 0.0000 
690 304 1898.1783515073 0.0000 
695 307 1898.1783515073 0.0000 
700 311 1898.1783515073 0.0000 
705 315 1898.1783515073 0.0000 
710 319 1898.1783515073 0.0000 
715 323 1898.1783515073 0.0000 
720 327 1898.1783515073 0.0000 
725 331 1898.1783515073 0.0000 
730 336 1898.1783515073 0.0000 
735 340 1898.1783515073 0.0000 
740 345 1898.1783515073 0.0000 
745 350 1898.1783515073 0.0000 
750 356 1898.1783515073 0.0000 
755 361 1898.1783515073 0.0000 
760 367 1898.1783515073 0.0000 
765 372 1898.1783515073 0.0000 
770 379 1898.1783515073 0.0000 
775 385 1898.1783515073 0.0000 
780 392 1898.1783515073 0.0000 
785 399 1898.1783515073 0.0000 
790 406 1898.1783515073 0.0000 
795 414 1898.1783515073 0.0000 
800 424 1898.1783515073 0.0000 
805 434 1898.1783515073 0.0000 
810 445 1898.1783515073 0.0000 
815 457 1898.1783515073 0.0000 
820 475 1898.1783515073 0.0000 
825 502 1898.1783515073 0.0000 
830 548 1898.1783515073 0.0000 
835 594 1898.1783515073 0.0000 
840 643 1898.1783515073 0.0000 
845 689 1898.1783515073 0.0000 
850 733 1898.1783515073 0.0000 
855 779 1898.1783515073 0.0000 
860 826 1898.1783515073 0.0000 
865 871 1898.1783515073 0.0000 
870 917 1898.1783515073 0.0000 
875 966 1898.1783515073 0.0000 
880 1015 1898.1783515073 0.0000 
885 1063 1898.1783515073 0.0000 
890 1111 1898.1783515073 0.0000 
895 1160 1898.1783515073 0.0000 
900 1208 1898.1783515073 0.0000 
905 1252 1898.1783515073 0.0000 
910 1301 1898.1783515073 0.0000 
915 1349 1898.1783515073 0.0000 
920 1396 1898.1783515073 0.0000 
925 1445 1898.1783515073 0.0000 
930 1493 1898.1783515073 0.0000 
935 1536 1898.1783515073 0.0000 
940 1580 1898.1783515073 0.0000 
945 1626 1898.1783515073 0.0000 
950 1671 1898.1783515073 0.0000 
955 1717 1898.1783515073 0.0000 
960 1760 1898.1783515073 0.0000 
965 1801 1898.1783515073 0.0000 
970 1849 1898.1783515073 0.0000 
975 1896 1898.1783515073 0.0000 
980 1944 1898.1783515073 0.0000 
985 1993 1898.1783515073 0.0000 
990 2041 1898.1783515073 0.0000 
995 2085 1898.1783515073 0.0000 
1000 2134 1898.1783515073 0.0000 
1005 2183 1898.1783515073 0.0000 
1010 2233 1898.1783515073 0.0000 
1015 2282 1898.1783515073 0.0000 
1020 2332 1898.1783515073 0.0000 
1025 2379 1898.1783515073 0.0000 
1030 2428 1898.1783515073 0.0000 
1035 2477 1898.1783515073 0.0000 
1040 2528 1898.1783515073 0.0000 
1045 2577 1898.1783515073 0.0000 
1050 2626 1898.1783515073 0.0000 
1055 2673 1898.1783515073 0.0000 
1060 2721 1898.1783515073 0.0000 
1065 2771 1898.1783515073 0.0000 
1070 2820 1898.1783515073 0.0000 
1075 2869 1898.1783515073 0.0000 
1080 2919 1898.1783515073 0.0000 
1085 2969 1898.1783515073 0.0000 
1090 3014 1898.1783515073 0.0000 
1095 3064 1898.1783515073 0.0000 
1100 3113 1898.1783515073 0.0000 
1105 3162 1898.1783515073 0.0000 
1110 3212 1898.1783515073 0.0000 
1115 3260 1898.1783515073 0.0000 
1120 3307 1898.1783515073 0.0000 
1125 3355 1898.1783515073 0.0000 
1130 3406 1898.1783515073 0.0000 
1135 3454 1898.1783515073 0.0000 
1140 3502 1898.1783515073 0.0000 
1145 3551 1898.1783515073 0.0000 
1150 3600 1898.1783515073 0.0000 
1155 3650 1898.1783515073 0.0000 
1160 3699 1898.1783515073 0.0000 
1165 3747 1898.1783515073 0.0000 
1170 3795 1898.1783515073 0.0000 
1175 3841 1898.1783515073 0.0000 
1180 3888 1898.1783515073 0.0000 
1185 3935 1898.1783515073 0.0000 
1190 3984 1898.1783515073 0.0000 
1195 4035 1898.1783515073 0.0000 
1200 4085 1898.1783515073 0.0000 
1205 4134 1898.1783515073 0.0000 
1210 4183 1898.1783515073 0.0000 
1215 4230 1898.1783515073 0.0000 
1220 4279 1898.1783515073 0.0000 
1225 4326 1898.1783515073 0.0000 
1230 4376 1898.1783515073 0.0000 
1235 4425 1898.1783515073 0.0000 
1240 4473 1898.1783515073 0.0000 
1245 4523 1898.1783515073 0.0000 
1250 4573 1898.1783515073 0.0000 
1255 4621 1898.1783515073 0.0000 
1260 4668 1898.1783515073 0.0000 
1265 4714 1898.1783515073 0.0000 
1270 4761 1898.1783515073 0.0000 
1275 4809 1898.1783515073 0.0000 
1280 4855 1898.1783515073 0.0000 
1285 4901 1898.1783515073 0.0000 
1290 4949 1898.1783515073 0.0000 
1295 4993 1898.1783515073 0.0000 
1300 5039 1898.1783515073 0.0000 
1305 5084 1898.1783515073 0.0000 
1310 5130 1898.1783515073 0.0000 
1315 5178 1898.1783515073 0.0000 
1320 5226 1898.1783515073 0.0000 
1325 5274 1898.1783515073 0.0000 
1330 5325 1898.1783515073 0.0000 
1335 5373 1898.1783515073 0.0000 
1340 5416 1898.1783515073 0.0000 
1345 5459 1898.1783515073 0.0000 
1350 5504 1898.1783515073 0.0000 
1355 5552 1898.1783515073 0.0000 
1360 5601 1898.1783515073 0.0000 
1365 5649 1898.1783515073 0.0000 
1370 5698 1898.1783515073 0.0000 
1375 5746 1898.1783515073 0.0000 
1380 5796 1898.1783515073 0.0000 
1385 5845 1898.1783515073 0.0000 
1390 5893 1898.1783515073 0.0000 
1395 5941 1898.1783515073 0.0000 
1400 5991 1898.1783515073 0.0000 
1405 6038 1898.1783515073 0.0000 
1410 6088 1898.1783515073 0.0000 
1415 6135 1898.1783515073 0.0000 
1420 6184 1898.1783515073 0.0000 
1425 6231 1898.1783515073 0.0000 
1430 6280 1898.1783515073 0.0000 
1435 6329 1898.1783515073 0.0000 
1440 6378 1898.1783515073 0.0000 
1445 6424 1898.1783515073 0.0000 
1450 6472 1898.1783515073 0.0000 
1455 6520 1898.1783515073 0.0000 
1460 6568 1898.1783515073 0.0000 
1465 6617 1898.1783515073 0.0000 
1470 6664 1898.1783515073 0.0000 
1475 6712 1898.1783515073 0.0000 
1480 6761 1898.1783515073 0.0000 
1485 6808 1898.1783515073 0.0000 
1490 6856 1898.1783515073 0.0000 
1495 6903 1898.1783515073 0.0000 
1500 6953 1898.1783515073 0.0000 
1505 7001 1898.1783515073 0.0000 
1510 7047 1898.1783515073 0.0000 
1515 7095 1898.1783515073 0.0000 
1520 7142 1898.1783515073 0.0000 
1525 7189 1898.1783515073 0.0000 
1530 7237 1898.1783515073 0.0000 
1535 7283 1898.1783515073 0.0000 
1540 7328 1898.1783515073 0.0000 
1545 7373 1898.1783515073 0.0000 
1550 7419 1898.1783515073 0.0000 
1555 7468 1898.1783515073 0.0000 
1560 7513 1898.1783515073 0.0000 
1565 7558 1898.1783515073 0.0000 
1570 7606 1898.1783515073 0.0000 
1575 7654 1898.1783515073 0.0000 
1580 7701 1898.1783515073 0.0000 
1585 7749 1898.1783515073 0.0000 
1590 7796 1898.1783515073 0.0000 
1595 7843 1898.1783515073 0.0000 
1600 7891 1898.1783515073 0.0000 
1605 7937 1898.1783515073 0.0000 
1610 7979 1898.1783515073 0.0000 
1615 8027 1898.1783515073 0.0000 
1620 8071 1898.1783515073 0.0000 
1625 8112 1898.1783515073 0.0000 
1630 8156 1898.1783515073 0.0000 
1635 8201 1898.1783515073 0.0000 
1640 8244 1898.1783515073 0.0000 
1645 8286 1898.1783515073 0.0000 
1650 8330 1898.1783515073 0.0000 
1655 8374 1898.1783515073 0.0000 
1660 8418 1898.1783515073 0.0000 
1665 8460 1898.1783515073 0.0000 
1670 8503 1898.1783515073 0.0000 
1675 8544 1898.1783515073 0.0000 
1680 8587 1898.1783515073 0.0000 
1685 8630 1898.1783515073 0.0000 
1690 8674 1898.1783515073 0.0000 
1695 8718 1898.1783515073 0.0000 
1700 8761 1898.1783515073 0.0000 
1705 8804 1898.1783515073 0.0000 
1710 8849 1898.1783515073 0.0000 
1715 8892 1898.1783515073 0.0000 
1720 8934 1898.1783515073 0.0000 
1725 8979 1898.1783515073 0.0000 
1730 9022 1898.1783515073 0.0000 
1735 9061 1898.1783515073 0.0000 
1740 9102 1898.1783515073 0.0000 
1745 9144 1898.1783515073 0.0000 
1750 9186 1898.1783515073 0.0000 
1755 9226 1898.1783515073 0.0000 
1760 9267 1898.1783515073 0.0000 
1765 9304 1898.1783515073 0.0000 
1770 9344 1898.1783515073 0.0000 
1775 9378 1898.1783515073 0.0000 
1780 9416 1898.1783515073 0.0000 
1785 9454 1898.1783515073 0.0000 
1790 9492 1898.1783515073 0.0000 
1795 9532 1898.1783515073 0.0000 
1800 9570 1898.1783515073 0.0000 
