0 0 1295.6760255822 0.0000 
5 5 1295.6760255822 0.0000 
10 10 1295.6760255822 0.0000 
15 16 1146.6539391432 0.9088 
20 21 1137.4877488322 0.9162 
25 26 1137.4877488322 0.9162 
30 31 1137.4877488322 0.9162 
35 37 1137.4877488322 0.9162 
40 42 1137.4877488322 0.9162 
45 48 1080.0469406179 0.9649 
50 54 1074.0137626909 0.9703 
55 60 1073.4707650343 0.9708 
60 65 1073.4707650343 0.9708 
65 71 1070.8652137589 0.9731 
70 77 1068.4024532206 0.9754 
75 83 1068.4024532206 0.9754 
80 89 1068.4024532206 0.9754 
85 96 1066.6276069910 0.9770 
90 102 1066.6276069910 0.9770 
95 108 1066.6276069910 0.9770 
100 115 1065.5880772932 0.9780 
105 121 1065.5238994135 0.9780 
110 128 1065.5238994135 0.9780 
115 134 1065.5238994135 0.9780 
120 141 1065.5238994135 0.9780 
125 148 1065.5238994135 0.9780 
130 155 1059.5711638571 0.9835 
135 162 1059.5711638571 0.9835 
140 170 1059.5711638571 0.9835 
145 177 1059.5711638571 0.9835 
150 185 1059.5711638571 0.9835 
155 192 1059.5711638571 0.9835 
160 200 1059.5711638571 0.9835 
165 208 1059.5711638571 0.9835 
170 216 1059.5711638571 0.9835 
175 225 1059.5711638571 0.9835 
180 234 1059.5711638571 0.9835 
185 243 1059.5711638571 0.9835 
190 252 1059.5711638571 0.9835 
195 261 1059.5711638571 0.9835 
200 270 1059.5711638571 0.9835 
205 281 1059.5711638571 0.9835 
210 292 1059.5711638571 0.9835 
215 303 1059.5711638571 0.9835 
220 314 1059.5711638571 0.9835 
225 326 1059.5711638571 0.9835 
230 339 1059.5711638571 0.9835 
235 354 1059.5711638571 0.9835 
240 368 1059.5711638571 0.9835 
245 384 1059.5711638571 0.9835 
250 404 1059.5711638571 0.9835 
255 427 1059.5711638571 0.9835 
260 456 1059.5711638571 0.9835 
265 526 1059.5711638571 0.9835 
270 667 1059.5711638571 0.9835 
275 808 1059.5711638571 0.9835 
280 946 1059.5711638571 0.9835 
285 1076 1055.2162531742 0.9876 
290 1214 1055.2162531742 0.9876 
295 1356 1055.2162531742 0.9876 
300 1503 1055.2162531742 0.9876 
305 1649 1055.2162531742 0.9876 
310 1792 1055.2162531742 0.9876 
315 1941 1055.2162531742 0.9876 
320 2081 1055.2162531742 0.9876 
325 2224 1055.2162531742 0.9876 
330 2369 1055.2162531742 0.9876 
335 2511 1055.2162531742 0.9876 
340 2655 1055.2162531742 0.9876 
345 2798 1055.2162531742 0.9876 
350 2930 1055.2162531742 0.9876 
355 3074 1055.2162531742 0.9876 
360 3207 1055.2162531742 0.9876 
365 3345 1055.2162531742 0.9876 
370 3484 1055.1869926071 0.9876 
375 3619 1055.1869926071 0.9876 
380 3760 1054.1946767395 0.9885 
385 3896 1054.1946767395 0.9885 
390 4035 1054.1946767395 0.9885 
395 4165 1054.1946767395 0.9885 
400 4305 1054.1946767395 0.9885 
405 4448 1054.1946767395 0.9885 
410 4595 1054.1946767395 0.9885 
415 4741 1054.1946767395 0.9885 
420 4878 1054.1946767395 0.9885 
425 5014 1054.1946767395 0.9885 
430 5150 1053.0412768000 0.9896 
435 5289 1053.0412768000 0.9896 
440 5431 1053.0412768000 0.9896 
445 5568 1053.0412768000 0.9896 
450 5706 1053.0412768000 0.9896 
455 5831 1053.0412768000 0.9896 
460 5971 1053.0412768000 0.9896 
465 6102 1053.0412768000 0.9896 
470 6231 1053.0412768000 0.9896 
475 6344 1053.0412768000 0.9896 
480 6455 1053.0412768000 0.9896 
485 6590 1053.0412768000 0.9896 
490 6696 1053.0412768000 0.9896 
495 6820 1053.0412768000 0.9896 
500 6948 1053.0412768000 0.9896 
505 7085 1053.0412768000 0.9896 
510 7227 1053.0412768000 0.9896 
515 7369 1053.0412768000 0.9896 
520 7501 1053.0412768000 0.9896 
525 7614 1053.0412768000 0.9896 
530 7749 1053.0412768000 0.9896 
535 7893 1053.0412768000 0.9896 
540 8031 1053.0412768000 0.9896 
545 8169 1053.0412768000 0.9896 
550 8307 1053.0412768000 0.9896 
555 8449 1053.0412768000 0.9896 
560 8586 1053.0412768000 0.9896 
565 8726 1053.0412768000 0.9896 
570 8863 1053.0412768000 0.9896 
575 8998 1053.0412768000 0.9896 
580 9136 1053.0412768000 0.9896 
585 9273 1053.0412768000 0.9896 
590 9404 1053.0412768000 0.9896 
595 9541 1053.0412768000 0.9896 
600 9676 1053.0412768000 0.9896 
605 9811 1053.0412768000 0.9896 
610 9943 1053.0412768000 0.9896 
615 10089 1052.1763529345 0.9904 
620 10236 1052.1763529345 0.9904 
625 10378 1052.1763529345 0.9904 
630 10526 1052.1763529345 0.9904 
635 10672 1052.1763529345 0.9904 
640 10816 1052.1763529345 0.9904 
645 10962 1052.1763529345 0.9904 
650 11102 1052.1763529345 0.9904 
655 11243 1052.1763529345 0.9904 
660 11380 1052.1763529345 0.9904 
665 11509 1052.1763529345 0.9904 
670 11647 1052.1763529345 0.9904 
675 11782 1052.1763529345 0.9904 
680 11923 1052.1763529345 0.9904 
685 12058 1052.1763529345 0.9904 
690 12198 1052.1763529345 0.9904 
695 12335 1052.1763529345 0.9904 
700 12478 1052.1763529345 0.9904 
705 12622 1052.1763529345 0.9904 
710 12769 1052.1763529345 0.9904 
715 12915 1052.1763529345 0.9904 
720 13058 1052.1763529345 0.9904 
725 13201 1052.1763529345 0.9904 
730 13344 1052.1763529345 0.9904 
735 13487 1052.1763529345 0.9904 
740 13633 1052.1763529345 0.9904 
745 13779 1052.1763529345 0.9904 
750 13921 1052.1763529345 0.9904 
755 14061 1052.1763529345 0.9904 
760 14181 1052.1763529345 0.9904 
765 14314 1052.1763529345 0.9904 
770 14447 1052.1763529345 0.9904 
775 14589 1052.1763529345 0.9904 
780 14713 1052.1763529345 0.9904 
785 14830 1052.1763529345 0.9904 
790 14967 1052.1763529345 0.9904 
795 15107 1052.1763529345 0.9904 
800 15238 1052.1763529345 0.9904 
805 15364 1052.1763529345 0.9904 
810 15484 1052.1763529345 0.9904 
815 15586 1052.1763529345 0.9904 
820 15696 1052.1763529345 0.9904 
825 15835 1052.1763529345 0.9904 
830 15977 1052.1763529345 0.9904 
835 16095 1052.1763529345 0.9904 
840 16213 1052.1763529345 0.9904 
845 16349 1052.1763529345 0.9904 
850 16476 1052.1763529345 0.9904 
855 16593 1052.1763529345 0.9904 
860 16715 1052.1763529345 0.9904 
865 16856 1052.1763529345 0.9904 
870 16997 1051.8828789164 0.9907 
875 17139 1051.8828789164 0.9907 
880 17279 1051.8828789164 0.9907 
885 17419 1051.8828789164 0.9907 
890 17560 1051.8828789164 0.9907 
895 17702 1051.8828789164 0.9907 
900 17846 1051.8828789164 0.9907 
905 17988 1051.8828789164 0.9907 
910 18128 1051.8828789164 0.9907 
915 18274 1051.8828789164 0.9907 
920 18414 1051.8828789164 0.9907 
925 18559 1051.8828789164 0.9907 
930 18705 1051.8828789164 0.9907 
935 18848 1051.8828789164 0.9907 
940 18988 1051.8828789164 0.9907 
945 19135 1051.8828789164 0.9907 
950 19278 1051.8828789164 0.9907 
955 19425 1051.8828789164 0.9907 
960 19554 1051.8828789164 0.9907 
965 19692 1051.8828789164 0.9907 
970 19839 1051.8828789164 0.9907 
975 19978 1051.8828789164 0.9907 
980 20120 1051.8828789164 0.9907 
985 20266 1051.8828789164 0.9907 
990 20409 1051.8828789164 0.9907 
995 20546 1051.8828789164 0.9907 
1000 20694 1051.8828789164 0.9907 
1005 20845 1051.8828789164 0.9907 
1010 20991 1051.8828789164 0.9907 
1015 21141 1051.8828789164 0.9907 
1020 21290 1051.8828789164 0.9907 
1025 21435 1051.8828789164 0.9907 
1030 21581 1051.8828789164 0.9907 
1035 21724 1051.8828789164 0.9907 
1040 21867 1051.8828789164 0.9907 
1045 22011 1051.8828789164 0.9907 
1050 22155 1051.8828789164 0.9907 
1055 22298 1051.8828789164 0.9907 
1060 22440 1051.8828789164 0.9907 
1065 22584 1051.8828789164 0.9907 
1070 22726 1051.8828789164 0.9907 
1075 22862 1051.8828789164 0.9907 
1080 22997 1051.8828789164 0.9907 
1085 23136 1051.8828789164 0.9907 
1090 23271 1051.8828789164 0.9907 
1095 23409 1051.8828789164 0.9907 
1100 23547 1051.8828789164 0.9907 
1105 23687 1051.8828789164 0.9907 
1110 23824 1051.8828789164 0.9907 
1115 23963 1051.8828789164 0.9907 
1120 24107 1051.8828789164 0.9907 
1125 24251 1051.8828789164 0.9907 
1130 24392 1051.8828789164 0.9907 
1135 24533 1051.8828789164 0.9907 
1140 24662 1051.8828789164 0.9907 
1145 24771 1051.8828789164 0.9907 
1150 24896 1051.8828789164 0.9907 
1155 25029 1051.8828789164 0.9907 
1160 25171 1051.8828789164 0.9907 
1165 25319 1051.8828789164 0.9907 
1170 25460 1051.8828789164 0.9907 
1175 25600 1051.8828789164 0.9907 
1180 25733 1051.8828789164 0.9907 
1185 25877 1051.8828789164 0.9907 
1190 26011 1051.8828789164 0.9907 
1195 26151 1051.8828789164 0.9907 
1200 26288 1051.8828789164 0.9907 
1205 26420 1051.8828789164 0.9907 
1210 26542 1051.8828789164 0.9907 
1215 26676 1051.8828789164 0.9907 
1220 26817 1051.8828789164 0.9907 
1225 26954 1051.8828789164 0.9907 
1230 27089 1051.8828789164 0.9907 
1235 27215 1051.8828789164 0.9907 
1240 27343 1051.8828789164 0.9907 
1245 27478 1051.8828789164 0.9907 
1250 27602 1051.8828789164 0.9907 
1255 27724 1051.8828789164 0.9907 
1260 27852 1051.8828789164 0.9907 
1265 27991 1051.8828789164 0.9907 
1270 28126 1051.8828789164 0.9907 
1275 28271 1051.8828789164 0.9907 
1280 28413 1051.8828789164 0.9907 
1285 28559 1051.8828789164 0.9907 
1290 28699 1051.8828789164 0.9907 
1295 28833 1051.8828789164 0.9907 
1300 28963 1051.8828789164 0.9907 
1305 29100 1051.8828789164 0.9907 
1310 29239 1051.8828789164 0.9907 
1315 29377 1051.8828789164 0.9907 
1320 29516 1051.8828789164 0.9907 
1325 29651 1051.8828789164 0.9907 
1330 29786 1051.8828789164 0.9907 
1335 29911 1051.8828789164 0.9907 
1340 30044 1051.8828789164 0.9907 
1345 30175 1051.8828789164 0.9907 
1350 30310 1051.8828789164 0.9907 
1355 30446 1051.8828789164 0.9907 
1360 30582 1051.8828789164 0.9907 
1365 30715 1051.8828789164 0.9907 
1370 30842 1051.8828789164 0.9907 
1375 30961 1051.8828789164 0.9907 
1380 31086 1051.8828789164 0.9907 
1385 31191 1051.8828789164 0.9907 
1390 31315 1051.8828789164 0.9907 
1395 31450 1051.8828789164 0.9907 
1400 31580 1051.8828789164 0.9907 
1405 31714 1051.8828789164 0.9907 
1410 31845 1051.8828789164 0.9907 
1415 31977 1051.8828789164 0.9907 
1420 32106 1051.8828789164 0.9907 
1425 32239 1051.8828789164 0.9907 
1430 32365 1051.8828789164 0.9907 
1435 32498 1051.8828789164 0.9907 
1440 32624 1051.8828789164 0.9907 
1445 32754 1051.8828789164 0.9907 
1450 32878 1051.8828789164 0.9907 
1455 33001 1051.8828789164 0.9907 
1460 33126 1051.8828789164 0.9907 
1465 33248 1051.8828789164 0.9907 
1470 33369 1051.8828789164 0.9907 
1475 33492 1051.8828789164 0.9907 
1480 33612 1051.8828789164 0.9907 
1485 33725 1051.8828789164 0.9907 
1490 33839 1051.8828789164 0.9907 
1495 33960 1051.8828789164 0.9907 
1500 34080 1051.8828789164 0.9907 
1505 34193 1051.8828789164 0.9907 
1510 34314 1051.8828789164 0.9907 
1515 34429 1051.8828789164 0.9907 
1520 34565 1051.8828789164 0.9907 
1525 34697 1051.8828789164 0.9907 
1530 34830 1051.8828789164 0.9907 
1535 34956 1051.8828789164 0.9907 
1540 35070 1051.8828789164 0.9907 
1545 35202 1051.8828789164 0.9907 
1550 35334 1051.8828789164 0.9907 
1555 35462 1051.8828789164 0.9907 
1560 35572 1051.8828789164 0.9907 
1565 35677 1051.8828789164 0.9907 
1570 35801 1051.8828789164 0.9907 
1575 35934 1051.8828789164 0.9907 
1580 36066 1051.8828789164 0.9907 
1585 36199 1051.8828789164 0.9907 
1590 36341 1051.8828789164 0.9907 
1595 36482 1051.8828789164 0.9907 
1600 36624 1051.8828789164 0.9907 
1605 36767 1051.8828789164 0.9907 
1610 36907 1051.8828789164 0.9907 
1615 37049 1051.8828789164 0.9907 
1620 37187 1051.8828789164 0.9907 
1625 37320 1051.8828789164 0.9907 
1630 37459 1051.8828789164 0.9907 
1635 37595 1051.8828789164 0.9907 
1640 37730 1051.8828789164 0.9907 
1645 37872 1051.8828789164 0.9907 
1650 38008 1051.8828789164 0.9907 
1655 38148 1051.8828789164 0.9907 
1660 38287 1051.8828789164 0.9907 
1665 38433 1051.8828789164 0.9907 
1670 38580 1051.8828789164 0.9907 
1675 38722 1051.8828789164 0.9907 
1680 38859 1051.8828789164 0.9907 
1685 39001 1051.8828789164 0.9907 
1690 39145 1051.8828789164 0.9907 
1695 39281 1051.8828789164 0.9907 
1700 39421 1051.8828789164 0.9907 
1705 39561 1051.8828789164 0.9907 
1710 39697 1051.8828789164 0.9907 
1715 39829 1051.8828789164 0.9907 
1720 39956 1051.8828789164 0.9907 
1725 40093 1051.8828789164 0.9907 
1730 40227 1051.8828789164 0.9907 
1735 40358 1051.8828789164 0.9907 
1740 40493 1051.8828789164 0.9907 
1745 40626 1051.8828789164 0.9907 
1750 40759 1051.8828789164 0.9907 
1755 40896 1051.8828789164 0.9907 
1760 41027 1051.8828789164 0.9907 
1765 41165 1051.8828789164 0.9907 
1770 41296 1051.8828789164 0.9907 
1775 41430 1051.8828789164 0.9907 
1780 41565 1051.8828789164 0.9907 
1785 41707 1051.8828789164 0.9907 
1790 41848 1051.8828789164 0.9907 
1795 41994 1051.8828789164 0.9907 
1800 42134 1051.8828789164 0.9907 
