0 0 1770.6730372539 0.0000 
5 5 1770.6730372539 0.0000 
10 10 1770.6730372539 0.0000 
15 14 1770.6730372539 0.0000 
20 19 1770.6730372539 0.0000 
25 23 1770.6730372539 0.0000 
30 27 1621.2345682824 0.9506 
35 31 1611.4245748062 0.9564 
40 35 1611.4245748062 0.9564 
45 40 1602.1017062877 0.9619 
50 45 1584.2479104781 0.9728 
55 49 1582.7803801795 0.9737 
60 54 1582.3506563335 0.9740 
65 58 1579.4651853654 0.9757 
70 64 1579.4651853654 0.9757 
75 69 1576.1101752047 0.9778 
80 74 1575.4514806487 0.9782 
85 79 1573.9738674042 0.9791 
90 84 1572.4568314110 0.9801 
95 89 1572.4568314110 0.9801 
100 95 1570.9558167409 0.9810 
105 100 1569.8689429846 0.9817 
110 106 1567.1382846633 0.9834 
115 112 1567.1382846633 0.9834 
120 117 1565.7666535994 0.9843 
125 123 1565.7666535994 0.9843 
130 129 1565.7666535994 0.9843 
135 134 1564.7052478394 0.9849 
140 140 1564.7052478394 0.9849 
145 146 1564.6257484343 0.9850 
150 153 1564.0495581215 0.9854 
155 159 1564.0495581215 0.9854 
160 166 1564.0495581215 0.9854 
165 173 1564.0495581215 0.9854 
170 180 1564.0495581215 0.9854 
175 186 1564.0495581215 0.9854 
180 193 1563.9570487382 0.9854 
185 201 1563.9570487382 0.9854 
190 208 1563.9570487382 0.9854 
195 215 1563.9570487382 0.9854 
200 223 1563.9570487382 0.9854 
205 231 1563.8275388897 0.9855 
210 239 1563.8275388897 0.9855 
215 248 1563.1078740186 0.9859 
220 257 1563.1078740186 0.9859 
225 266 1563.1078740186 0.9859 
230 275 1563.0191641998 0.9860 
235 285 1562.5751992280 0.9863 
240 295 1562.5751992280 0.9863 
245 306 1561.0128568458 0.9873 
250 317 1561.0128568458 0.9873 
255 329 1561.0128568458 0.9873 
260 341 1561.0128568458 0.9873 
265 355 1561.0128568458 0.9873 
270 370 1561.0128568458 0.9873 
275 387 1561.0128568458 0.9873 
280 407 1561.0128568458 0.9873 
285 431 1560.9506102182 0.9873 
290 471 1557.1422925171 0.9897 
295 594 1550.1030333942 0.9942 
300 732 1550.0425137850 0.9943 
305 870 1550.0425137850 0.9943 
310 1007 1550.0425137850 0.9943 
315 1139 1550.0425137850 0.9943 
320 1277 1550.0425137850 0.9943 
325 1410 1549.0471442474 0.9949 
330 1545 1549.0471442474 0.9949 
335 1682 1549.0471442474 0.9949 
340 1820 1549.0471442474 0.9949 
345 1955 1549.0471442474 0.9949 
350 2091 1549.0471442474 0.9949 
355 2226 1549.0471442474 0.9949 
360 2364 1549.0471442474 0.9949 
365 2501 1549.0471442474 0.9949 
370 2639 1549.0471442474 0.9949 
375 2773 1549.0471442474 0.9949 
380 2909 1549.0471442474 0.9949 
385 3042 1549.0471442474 0.9949 
390 3176 1549.0471442474 0.9949 
395 3303 1549.0471442474 0.9949 
400 3430 1549.0471442474 0.9949 
405 3560 1549.0471442474 0.9949 
410 3697 1549.0471442474 0.9949 
415 3830 1549.0471442474 0.9949 
420 3965 1549.0471442474 0.9949 
425 4091 1549.0471442474 0.9949 
430 4225 1549.0471442474 0.9949 
435 4357 1549.0471442474 0.9949 
440 4491 1549.0471442474 0.9949 
445 4621 1549.0471442474 0.9949 
450 4752 1549.0471442474 0.9949 
455 4882 1549.0471442474 0.9949 
460 5014 1549.0471442474 0.9949 
465 5146 1549.0471442474 0.9949 
470 5276 1549.0471442474 0.9949 
475 5406 1549.0471442474 0.9949 
480 5538 1549.0471442474 0.9949 
485 5669 1548.9651015558 0.9949 
490 5798 1548.9651015558 0.9949 
495 5929 1548.9651015558 0.9949 
500 6062 1548.9651015558 0.9949 
505 6192 1548.9651015558 0.9949 
510 6327 1548.9651015558 0.9949 
515 6455 1548.9651015558 0.9949 
520 6587 1548.9651015558 0.9949 
525 6717 1548.9100149481 0.9950 
530 6851 1548.9100149481 0.9950 
535 6980 1548.9100149481 0.9950 
540 7114 1548.9100149481 0.9950 
545 7243 1548.9100149481 0.9950 
550 7378 1548.9100149481 0.9950 
555 7509 1548.9100149481 0.9950 
560 7642 1548.9100149481 0.9950 
565 7768 1548.9100149481 0.9950 
570 7900 1548.9100149481 0.9950 
575 8028 1548.8580093114 0.9950 
580 8161 1548.8580093114 0.9950 
585 8295 1548.8580093114 0.9950 
590 8427 1548.8580093114 0.9950 
595 8560 1548.6936726816 0.9951 
600 8693 1548.5715200153 0.9952 
605 8824 1548.5715200153 0.9952 
610 8962 1548.5715200153 0.9952 
615 9097 1548.5715200153 0.9952 
620 9233 1548.5715200153 0.9952 
625 9362 1548.5715200153 0.9952 
630 9503 1548.5715200153 0.9952 
635 9640 1548.5715200153 0.9952 
640 9774 1548.5715200153 0.9952 
645 9911 1548.5715200153 0.9952 
650 10049 1548.5715200153 0.9952 
655 10186 1548.5715200153 0.9952 
660 10325 1548.5715200153 0.9952 
665 10462 1548.5715200153 0.9952 
670 10601 1548.5715200153 0.9952 
675 10737 1548.5715200153 0.9952 
680 10876 1548.5715200153 0.9952 
685 11010 1548.4972044153 0.9952 
690 11135 1548.4972044153 0.9952 
695 11262 1548.4675611323 0.9953 
700 11401 1548.4675611323 0.9953 
705 11537 1548.4675611323 0.9953 
710 11672 1548.4675611323 0.9953 
715 11808 1548.4675611323 0.9953 
720 11946 1548.4675611323 0.9953 
725 12079 1547.3541986442 0.9960 
730 12218 1547.3541986442 0.9960 
735 12354 1546.7838133962 0.9964 
740 12494 1546.7838133962 0.9964 
745 12630 1546.7838133962 0.9964 
750 12767 1546.7838133962 0.9964 
755 12904 1546.7838133962 0.9964 
760 13043 1546.7838133962 0.9964 
765 13177 1546.7838133962 0.9964 
770 13315 1546.7838133962 0.9964 
775 13451 1546.7838133962 0.9964 
780 13592 1546.7838133962 0.9964 
785 13728 1546.7838133962 0.9964 
790 13866 1546.7838133962 0.9964 
795 14003 1546.7838133962 0.9964 
800 14137 1546.7838133962 0.9964 
805 14256 1546.7838133962 0.9964 
810 14384 1546.7838133962 0.9964 
815 14507 1546.7838133962 0.9964 
820 14632 1546.7838133962 0.9964 
825 14749 1546.7838133962 0.9964 
830 14880 1546.7838133962 0.9964 
835 15006 1546.7838133962 0.9964 
840 15133 1546.7838133962 0.9964 
845 15270 1546.7838133962 0.9964 
850 15404 1546.7838133962 0.9964 
855 15540 1546.7838133962 0.9964 
860 15676 1546.7838133962 0.9964 
865 15809 1546.7838133962 0.9964 
870 15945 1546.7838133962 0.9964 
875 16078 1546.7838133962 0.9964 
880 16213 1546.7838133962 0.9964 
885 16351 1546.7838133962 0.9964 
890 16486 1546.7838133962 0.9964 
895 16622 1546.7838133962 0.9964 
900 16761 1546.7838133962 0.9964 
905 16894 1546.7838133962 0.9964 
910 17028 1546.7838133962 0.9964 
915 17162 1546.7838133962 0.9964 
920 17297 1546.7838133962 0.9964 
925 17429 1546.7838133962 0.9964 
930 17563 1546.7838133962 0.9964 
935 17693 1546.7838133962 0.9964 
940 17826 1546.7838133962 0.9964 
945 17960 1546.7838133962 0.9964 
950 18093 1546.7838133962 0.9964 
955 18227 1546.7838133962 0.9964 
960 18363 1546.7838133962 0.9964 
965 18499 1546.7838133962 0.9964 
970 18634 1546.7838133962 0.9964 
975 18767 1546.7838133962 0.9964 
980 18902 1546.7838133962 0.9964 
985 19035 1546.7838133962 0.9964 
990 19172 1546.7838133962 0.9964 
995 19298 1546.7838133962 0.9964 
1000 19430 1546.7838133962 0.9964 
1005 19569 1546.7838133962 0.9964 
1010 19709 1546.7838133962 0.9964 
1015 19845 1546.7838133962 0.9964 
1020 19986 1546.7838133962 0.9964 
1025 20121 1546.7838133962 0.9964 
1030 20258 1546.7838133962 0.9964 
1035 20399 1546.7838133962 0.9964 
1040 20535 1546.7838133962 0.9964 
1045 20672 1546.7838133962 0.9964 
1050 20807 1546.7838133962 0.9964 
1055 20943 1546.7838133962 0.9964 
1060 21079 1546.7838133962 0.9964 
1065 21218 1546.7838133962 0.9964 
1070 21353 1546.7838133962 0.9964 
1075 21484 1546.7838133962 0.9964 
1080 21613 1546.7838133962 0.9964 
1085 21734 1546.7838133962 0.9964 
1090 21862 1546.7838133962 0.9964 
1095 21999 1546.7838133962 0.9964 
1100 22137 1546.7838133962 0.9964 
1105 22274 1546.7838133962 0.9964 
1110 22415 1546.7838133962 0.9964 
1115 22548 1546.7838133962 0.9964 
1120 22680 1546.7838133962 0.9964 
1125 22811 1546.7838133962 0.9964 
1130 22936 1546.7838133962 0.9964 
1135 23068 1546.7838133962 0.9964 
1140 23204 1546.7838133962 0.9964 
1145 23340 1546.6416951964 0.9964 
1150 23474 1546.6416951964 0.9964 
1155 23609 1546.6416951964 0.9964 
1160 23746 1546.6416951964 0.9964 
1165 23878 1546.6416951964 0.9964 
1170 24012 1546.6416951964 0.9964 
1175 24143 1546.6416951964 0.9964 
1180 24278 1546.6416951964 0.9964 
1185 24415 1546.6416951964 0.9964 
1190 24548 1546.6416951964 0.9964 
1195 24680 1546.6416951964 0.9964 
1200 24817 1546.6416951964 0.9964 
1205 24953 1546.6416951964 0.9964 
1210 25088 1546.6416951964 0.9964 
1215 25220 1546.6416951964 0.9964 
1220 25354 1546.6416951964 0.9964 
1225 25490 1546.6416951964 0.9964 
1230 25623 1546.6416951964 0.9964 
1235 25758 1546.6416951964 0.9964 
1240 25893 1546.6416951964 0.9964 
1245 26029 1546.6416951964 0.9964 
1250 26164 1546.6416951964 0.9964 
1255 26294 1546.6416951964 0.9964 
1260 26417 1546.6416951964 0.9964 
1265 26551 1546.6416951964 0.9964 
1270 26688 1546.6416951964 0.9964 
1275 26822 1546.6416951964 0.9964 
1280 26957 1546.6416951964 0.9964 
1285 27091 1546.6416951964 0.9964 
1290 27227 1546.6416951964 0.9964 
1295 27352 1546.6416951964 0.9964 
1300 27487 1546.6416951964 0.9964 
1305 27622 1546.6416951964 0.9964 
1310 27755 1546.6416951964 0.9964 
1315 27889 1546.6416951964 0.9964 
1320 28022 1546.6416951964 0.9964 
1325 28150 1546.6416951964 0.9964 
1330 28280 1546.6416951964 0.9964 
1335 28411 1546.6416951964 0.9964 
1340 28543 1546.6416951964 0.9964 
1345 28675 1546.6416951964 0.9964 
1350 28812 1546.6416951964 0.9964 
1355 28948 1546.6416951964 0.9964 
1360 29089 1546.6416951964 0.9964 
1365 29227 1546.6416951964 0.9964 
1370 29367 1546.6416951964 0.9964 
1375 29506 1546.6416951964 0.9964 
1380 29646 1546.6416951964 0.9964 
1385 29787 1546.6416951964 0.9964 
1390 29927 1546.6416951964 0.9964 
1395 30065 1546.6416951964 0.9964 
1400 30201 1546.6416951964 0.9964 
1405 30341 1546.6416951964 0.9964 
1410 30481 1546.6416951964 0.9964 
1415 30619 1546.6416951964 0.9964 
1420 30756 1546.6416951964 0.9964 
1425 30897 1546.6416951964 0.9964 
1430 31036 1546.6416951964 0.9964 
1435 31173 1546.6416951964 0.9964 
1440 31309 1546.6416951964 0.9964 
1445 31441 1546.6416951964 0.9964 
1450 31578 1546.6416951964 0.9964 
1455 31717 1546.6416951964 0.9964 
1460 31856 1546.6416951964 0.9964 
1465 31993 1546.6416951964 0.9964 
1470 32133 1546.6416951964 0.9964 
1475 32272 1546.6416951964 0.9964 
1480 32409 1546.6416951964 0.9964 
1485 32547 1546.6416951964 0.9964 
1490 32685 1546.6416951964 0.9964 
1495 32822 1546.6416951964 0.9964 
1500 32957 1546.6416951964 0.9964 
1505 33093 1546.6416951964 0.9964 
1510 33227 1546.6416951964 0.9964 
1515 33359 1546.6416951964 0.9964 
1520 33492 1546.6416951964 0.9964 
1525 33629 1546.6416951964 0.9964 
1530 33765 1546.6416951964 0.9964 
1535 33899 1546.6416951964 0.9964 
1540 34035 1546.6416951964 0.9964 
1545 34174 1546.6416951964 0.9964 
1550 34313 1546.6416951964 0.9964 
1555 34446 1546.6416951964 0.9964 
1560 34584 1546.6416951964 0.9964 
1565 34721 1546.6416951964 0.9964 
1570 34859 1546.6416951964 0.9964 
1575 34996 1546.6416951964 0.9964 
1580 35135 1546.6416951964 0.9964 
1585 35272 1546.6416951964 0.9964 
1590 35412 1546.6416951964 0.9964 
1595 35547 1546.6416951964 0.9964 
1600 35686 1546.6416951964 0.9964 
1605 35822 1546.6416951964 0.9964 
1610 35960 1546.6416951964 0.9964 
1615 36099 1546.6416951964 0.9964 
1620 36231 1546.6416951964 0.9964 
1625 36365 1546.6416951964 0.9964 
1630 36504 1546.6416951964 0.9964 
1635 36641 1546.6416951964 0.9964 
1640 36780 1546.6416951964 0.9964 
1645 36915 1546.6416951964 0.9964 
1650 37051 1546.6416951964 0.9964 
1655 37185 1546.6416951964 0.9964 
1660 37324 1546.6416951964 0.9964 
1665 37458 1546.6416951964 0.9964 
1670 37597 1546.6416951964 0.9964 
1675 37731 1546.6416951964 0.9964 
1680 37868 1546.6416951964 0.9964 
1685 38004 1546.6416951964 0.9964 
1690 38142 1546.6416951964 0.9964 
1695 38276 1546.6416951964 0.9964 
1700 38413 1546.6416951964 0.9964 
1705 38549 1546.6416951964 0.9964 
1710 38687 1546.6416951964 0.9964 
1715 38825 1546.3421161849 0.9966 
1720 38962 1546.3421161849 0.9966 
1725 39100 1546.3421161849 0.9966 
1730 39214 1546.3421161849 0.9966 
1735 39352 1546.3421161849 0.9966 
1740 39494 1546.3421161849 0.9966 
1745 39634 1546.3421161849 0.9966 
1750 39766 1546.3421161849 0.9966 
1755 39899 1546.3421161849 0.9966 
1760 40035 1546.3421161849 0.9966 
1765 40170 1546.3421161849 0.9966 
1770 40304 1546.3421161849 0.9966 
1775 40435 1546.3421161849 0.9966 
1780 40571 1546.3421161849 0.9966 
1785 40705 1546.3421161849 0.9966 
1790 40836 1546.3421161849 0.9966 
1795 40968 1546.3421161849 0.9966 
1800 41101 1546.3421161849 0.9966 
