0 0 2053.0250159499 0.0000 
5 2 2053.0250159499 0.0000 
10 3 2053.0250159499 0.0000 
15 5 2053.0250159499 0.0000 
20 7 2053.0250159499 0.0000 
25 9 2053.0250159499 0.0000 
30 10 2053.0250159499 0.0000 
35 12 2053.0250159499 0.0000 
40 14 2053.0250159499 0.0000 
45 15 2053.0250159499 0.0000 
50 17 1526.1857833611 0.8462 
55 19 1476.8881854379 0.8744 
60 21 1476.4946059643 0.8747 
65 22 1475.3244701778 0.8754 
70 24 1472.9856990479 0.8768 
75 26 1470.3224210114 0.8783 
80 28 1470.3224210114 0.8783 
85 29 1466.6712300850 0.8805 
90 31 1450.5892379288 0.8903 
95 33 1450.5892379288 0.8903 
100 34 1450.5892379288 0.8903 
105 36 1448.0958152203 0.8918 
110 38 1446.5200500487 0.8928 
115 40 1442.2691745265 0.8954 
120 41 1430.3414441527 0.9029 
125 43 1427.2022451144 0.9049 
130 45 1427.2022451144 0.9049 
135 47 1424.8467433657 0.9064 
140 49 1414.5077781198 0.9130 
145 50 1413.3765588627 0.9137 
150 52 1410.5645847671 0.9156 
155 54 1410.5645847671 0.9156 
160 56 1409.4358872082 0.9163 
165 58 1409.4358872082 0.9163 
170 60 1409.4358872082 0.9163 
175 61 1409.4358872082 0.9163 
180 63 1409.4358872082 0.9163 
185 65 1405.5735482104 0.9188 
190 67 1405.5281246953 0.9188 
195 69 1403.6771426308 0.9200 
200 71 1403.6771426308 0.9200 
205 73 1403.6771426308 0.9200 
210 75 1403.6771426308 0.9200 
215 76 1399.8360670457 0.9226 
220 78 1399.8360670457 0.9226 
225 80 1399.8360670457 0.9226 
230 82 1398.7549092519 0.9233 
235 84 1398.7549092519 0.9233 
240 86 1398.3415251060 0.9236 
245 88 1398.3415251060 0.9236 
250 90 1397.7194037381 0.9240 
255 92 1397.7194037381 0.9240 
260 94 1392.9637691768 0.9271 
265 96 1387.1866439415 0.9310 
270 98 1387.1866439415 0.9310 
275 100 1385.2824053771 0.9323 
280 102 1385.2824053771 0.9323 
285 104 1384.9419133726 0.9325 
290 106 1384.9419133726 0.9325 
295 108 1383.9377069293 0.9332 
300 110 1383.9377069293 0.9332 
305 112 1383.3551648430 0.9336 
310 114 1382.4986569801 0.9341 
315 116 1380.1468142953 0.9357 
320 118 1380.1468142953 0.9357 
325 120 1380.1468142953 0.9357 
330 122 1380.1468142953 0.9357 
335 124 1374.4598997103 0.9396 
340 126 1373.7802246700 0.9401 
345 128 1373.7802246700 0.9401 
350 130 1373.7802246700 0.9401 
355 132 1373.7802246700 0.9401 
360 134 1373.7802246700 0.9401 
365 136 1370.9469665983 0.9420 
370 138 1369.8560147158 0.9428 
375 140 1369.8560147158 0.9428 
380 142 1369.8560147158 0.9428 
385 144 1369.2755827782 0.9432 
390 147 1369.2755827782 0.9432 
395 149 1369.2755827782 0.9432 
400 151 1369.2755827782 0.9432 
405 153 1369.2755827782 0.9432 
410 156 1368.6285584554 0.9436 
415 158 1368.6285584554 0.9436 
420 160 1368.6285584554 0.9436 
425 162 1368.6285584554 0.9436 
430 165 1368.6285584554 0.9436 
435 167 1368.6285584554 0.9436 
440 169 1368.6285584554 0.9436 
445 171 1368.6285584554 0.9436 
450 174 1367.4496975720 0.9444 
455 176 1367.4496975720 0.9444 
460 179 1367.4496975720 0.9444 
465 181 1367.4496975720 0.9444 
470 183 1367.4496975720 0.9444 
475 186 1367.4496975720 0.9444 
480 188 1367.4496975720 0.9444 
485 190 1367.4496975720 0.9444 
490 193 1367.4496975720 0.9444 
495 195 1367.4496975720 0.9444 
500 198 1367.4496975720 0.9444 
505 200 1367.4496975720 0.9444 
510 203 1367.4496975720 0.9444 
515 205 1367.4496975720 0.9444 
520 208 1367.2121035456 0.9446 
525 210 1367.2121035456 0.9446 
530 213 1367.2121035456 0.9446 
535 216 1367.2121035456 0.9446 
540 218 1367.2121035456 0.9446 
545 221 1367.1945537642 0.9446 
550 224 1367.1073212824 0.9447 
555 227 1367.1073212824 0.9447 
560 230 1367.1073212824 0.9447 
565 233 1367.1073212824 0.9447 
570 236 1367.1073212824 0.9447 
575 239 1367.1073212824 0.9447 
580 242 1367.1073212824 0.9447 
585 245 1366.6856357476 0.9450 
590 248 1366.6856357476 0.9450 
595 251 1366.6856357476 0.9450 
600 254 1366.6856357476 0.9450 
605 257 1366.6856357476 0.9450 
610 260 1366.6856357476 0.9450 
615 263 1366.6856357476 0.9450 
620 267 1366.6856357476 0.9450 
625 270 1366.6856357476 0.9450 
630 273 1366.6856357476 0.9450 
635 277 1366.6688159065 0.9450 
640 280 1366.6688159065 0.9450 
645 284 1366.6688159065 0.9450 
650 287 1366.6688159065 0.9450 
655 290 1366.6688159065 0.9450 
660 293 1366.6688159065 0.9450 
665 296 1366.6688159065 0.9450 
670 300 1366.6688159065 0.9450 
675 304 1366.6688159065 0.9450 
680 307 1366.6688159065 0.9450 
685 312 1366.6688159065 0.9450 
690 316 1366.6688159065 0.9450 
695 320 1366.6688159065 0.9450 
700 323 1366.6688159065 0.9450 
705 328 1366.6688159065 0.9450 
710 332 1366.6688159065 0.9450 
715 337 1366.6688159065 0.9450 
720 342 1366.6688159065 0.9450 
725 346 1366.6688159065 0.9450 
730 351 1366.6688159065 0.9450 
735 356 1365.7333051974 0.9456 
740 361 1365.7333051974 0.9456 
745 367 1365.7333051974 0.9456 
750 373 1365.7333051974 0.9456 
755 379 1365.7333051974 0.9456 
760 385 1365.7333051974 0.9456 
765 392 1365.7333051974 0.9456 
770 399 1365.7333051974 0.9456 
775 407 1365.7333051974 0.9456 
780 416 1365.7333051974 0.9456 
785 425 1365.7333051974 0.9456 
790 437 1365.7333051974 0.9456 
795 451 1365.7333051974 0.9456 
800 470 1365.7333051974 0.9456 
805 494 1365.2483789301 0.9459 
810 518 1365.2483789301 0.9459 
815 542 1365.2483789301 0.9459 
820 565 1365.2483789301 0.9459 
825 587 1365.2483789301 0.9459 
830 611 1365.2483789301 0.9459 
835 634 1364.2271859475 0.9467 
840 658 1363.6788687121 0.9470 
845 682 1363.6788687121 0.9470 
850 705 1363.6788687121 0.9470 
855 728 1361.3572684196 0.9486 
860 751 1361.3572684196 0.9486 
865 775 1361.2086506312 0.9488 
870 799 1361.2086506312 0.9488 
875 821 1361.2086506312 0.9488 
880 845 1361.2086506312 0.9488 
885 868 1361.2086506312 0.9488 
890 891 1361.2086506312 0.9488 
895 915 1361.2086506312 0.9488 
900 939 1361.0090161705 0.9489 
905 963 1361.0090161705 0.9489 
910 987 1361.0090161705 0.9489 
915 1011 1361.0090161705 0.9489 
920 1035 1361.0090161705 0.9489 
925 1057 1361.0090161705 0.9489 
930 1081 1361.0090161705 0.9489 
935 1104 1361.0090161705 0.9489 
940 1126 1360.9553936996 0.9489 
945 1145 1351.4339135340 0.9556 
950 1166 1351.4339135340 0.9556 
955 1189 1351.4339135340 0.9556 
960 1212 1351.4339135340 0.9556 
965 1233 1351.1026774523 0.9558 
970 1257 1351.1026774523 0.9558 
975 1277 1351.1026774523 0.9558 
980 1299 1351.0883479296 0.9559 
985 1322 1351.0883479296 0.9559 
990 1343 1349.3636455381 0.9571 
995 1368 1349.3636455381 0.9571 
1000 1390 1349.3636455381 0.9571 
1005 1412 1349.3636455381 0.9571 
1010 1436 1348.3040175855 0.9578 
1015 1457 1348.3040175855 0.9578 
1020 1480 1348.1777811457 0.9579 
1025 1502 1348.1777811457 0.9579 
1030 1526 1348.1777811457 0.9579 
1035 1547 1348.1777811457 0.9579 
1040 1569 1348.1777811457 0.9579 
1045 1590 1348.1777811457 0.9579 
1050 1611 1348.1777811457 0.9579 
1055 1632 1348.1777811457 0.9579 
1060 1655 1348.1777811457 0.9579 
1065 1677 1348.1777811457 0.9579 
1070 1697 1348.1777811457 0.9579 
1075 1718 1348.1777811457 0.9579 
1080 1739 1348.1777811457 0.9579 
1085 1760 1348.1777811457 0.9579 
1090 1783 1348.1777811457 0.9579 
1095 1805 1348.1777811457 0.9579 
1100 1828 1348.1777811457 0.9579 
1105 1851 1348.1777811457 0.9579 
1110 1876 1348.1777811457 0.9579 
1115 1899 1348.1777811457 0.9579 
1120 1923 1348.1777811457 0.9579 
1125 1947 1348.1777811457 0.9579 
1130 1971 1348.1777811457 0.9579 
1135 1995 1348.1777811457 0.9579 
1140 2020 1348.1777811457 0.9579 
1145 2040 1348.1777811457 0.9579 
1150 2063 1348.1777811457 0.9579 
1155 2086 1348.1777811457 0.9579 
1160 2110 1348.1777811457 0.9579 
1165 2134 1348.1777811457 0.9579 
1170 2157 1348.1777811457 0.9579 
1175 2180 1348.1777811457 0.9579 
1180 2204 1347.7900036617 0.9582 
1185 2227 1347.3728540023 0.9585 
1190 2250 1347.3728540023 0.9585 
1195 2274 1347.3728540023 0.9585 
1200 2298 1347.3728540023 0.9585 
1205 2322 1347.3728540023 0.9585 
1210 2346 1347.3728540023 0.9585 
1215 2369 1347.3728540023 0.9585 
1220 2393 1347.3728540023 0.9585 
1225 2417 1346.7853496511 0.9589 
1230 2441 1346.4985873055 0.9591 
1235 2466 1346.3255730311 0.9592 
1240 2490 1346.3255730311 0.9592 
1245 2514 1346.3255730311 0.9592 
1250 2538 1346.3255730311 0.9592 
1255 2561 1346.3255730311 0.9592 
1260 2584 1346.3255730311 0.9592 
1265 2604 1346.3255730311 0.9592 
1270 2626 1345.7707698262 0.9596 
1275 2646 1345.3162811399 0.9600 
1280 2670 1345.3162811399 0.9600 
1285 2693 1344.3361099573 0.9607 
1290 2716 1344.3361099573 0.9607 
1295 2740 1344.3361099573 0.9607 
1300 2764 1344.3361099573 0.9607 
1305 2787 1344.3361099573 0.9607 
1310 2810 1344.3361099573 0.9607 
1315 2834 1344.3361099573 0.9607 
1320 2858 1344.3361099573 0.9607 
1325 2882 1344.3361099573 0.9607 
1330 2906 1344.3361099573 0.9607 
1335 2929 1344.3361099573 0.9607 
1340 2953 1344.3361099573 0.9607 
1345 2977 1344.3361099573 0.9607 
1350 3000 1344.3361099573 0.9607 
1355 3023 1344.3361099573 0.9607 
1360 3048 1344.3361099573 0.9607 
1365 3071 1344.3361099573 0.9607 
1370 3095 1344.3361099573 0.9607 
1375 3118 1344.3361099573 0.9607 
1380 3143 1344.3361099573 0.9607 
1385 3167 1344.3361099573 0.9607 
1390 3191 1344.3361099573 0.9607 
1395 3212 1344.3361099573 0.9607 
1400 3236 1344.3361099573 0.9607 
1405 3258 1344.3361099573 0.9607 
1410 3282 1344.3361099573 0.9607 
1415 3305 1344.3361099573 0.9607 
1420 3328 1344.3361099573 0.9607 
1425 3352 1344.3361099573 0.9607 
1430 3375 1344.3361099573 0.9607 
1435 3397 1344.3361099573 0.9607 
1440 3420 1344.3361099573 0.9607 
1445 3442 1344.3361099573 0.9607 
1450 3464 1344.3361099573 0.9607 
1455 3487 1344.3361099573 0.9607 
1460 3510 1344.3361099573 0.9607 
1465 3533 1344.3361099573 0.9607 
1470 3557 1344.3361099573 0.9607 
1475 3580 1344.3361099573 0.9607 
1480 3605 1344.3361099573 0.9607 
1485 3629 1344.3361099573 0.9607 
1490 3652 1344.3361099573 0.9607 
1495 3674 1344.3361099573 0.9607 
1500 3699 1344.3361099573 0.9607 
1505 3722 1344.2652350375 0.9607 
1510 3744 1344.2652350375 0.9607 
1515 3766 1343.8415329446 0.9610 
1520 3789 1343.8415329446 0.9610 
1525 3812 1343.8415329446 0.9610 
1530 3835 1343.8415329446 0.9610 
1535 3858 1343.8415329446 0.9610 
1540 3882 1343.8415329446 0.9610 
1545 3906 1343.8415329446 0.9610 
1550 3930 1343.8415329446 0.9610 
1555 3953 1343.8415329446 0.9610 
1560 3977 1343.8415329446 0.9610 
1565 4000 1343.8415329446 0.9610 
1570 4024 1343.8415329446 0.9610 
1575 4048 1343.8415329446 0.9610 
1580 4072 1343.8415329446 0.9610 
1585 4096 1343.8415329446 0.9610 
1590 4120 1343.8415329446 0.9610 
1595 4143 1343.8415329446 0.9610 
1600 4166 1343.8415329446 0.9610 
1605 4190 1342.8712422338 0.9617 
1610 4214 1342.8712422338 0.9617 
1615 4238 1342.8712422338 0.9617 
1620 4260 1342.8712422338 0.9617 
1625 4284 1342.8712422338 0.9617 
1630 4307 1342.8712422338 0.9617 
1635 4330 1342.8712422338 0.9617 
1640 4352 1342.8712422338 0.9617 
1645 4375 1342.8712422338 0.9617 
1650 4398 1342.8712422338 0.9617 
1655 4421 1342.8712422338 0.9617 
1660 4445 1342.8712422338 0.9617 
1665 4468 1342.8712422338 0.9617 
1670 4491 1342.8712422338 0.9617 
1675 4515 1342.8712422338 0.9617 
1680 4539 1342.8712422338 0.9617 
1685 4562 1342.8712422338 0.9617 
1690 4586 1342.8712422338 0.9617 
1695 4610 1342.8712422338 0.9617 
1700 4634 1342.8712422338 0.9617 
1705 4657 1342.8712422338 0.9617 
1710 4678 1342.8712422338 0.9617 
1715 4697 1342.8712422338 0.9617 
1720 4720 1342.8712422338 0.9617 
1725 4737 1342.8712422338 0.9617 
1730 4756 1342.8712422338 0.9617 
1735 4777 1342.8712422338 0.9617 
1740 4799 1342.8712422338 0.9617 
1745 4822 1342.8712422338 0.9617 
1750 4846 1342.8712422338 0.9617 
1755 4868 1342.8712422338 0.9617 
1760 4891 1342.8712422338 0.9617 
1765 4914 1342.8712422338 0.9617 
1770 4934 1342.8712422338 0.9617 
1775 4952 1342.8712422338 0.9617 
1780 4971 1342.8712422338 0.9617 
1785 4994 1342.8712422338 0.9617 
1790 5013 1342.8712422338 0.9617 
1795 5035 1342.8712422338 0.9617 
1800 5057 1342.8712422338 0.9617 
