0 0 2015.2747916454 0.0000 
5 2 2015.2747916454 0.0000 
10 4 2015.2747916454 0.0000 
15 6 2015.2747916454 0.0000 
20 7 2015.2747916454 0.0000 
25 9 2015.2747916454 0.0000 
30 11 2015.2747916454 0.0000 
35 12 2015.2747916454 0.0000 
40 14 2015.2747916454 0.0000 
45 15 1688.5558025152 0.8267 
50 16 1688.5558025152 0.8267 
55 18 1688.5558025152 0.8267 
60 19 1688.5558025152 0.8267 
65 21 1688.5558025152 0.8267 
70 23 1688.5558025152 0.8267 
75 24 1688.5558025152 0.8267 
80 26 1688.5558025152 0.8267 
85 28 1688.5558025152 0.8267 
90 29 1688.5558025152 0.8267 
95 31 1688.5558025152 0.8267 
100 33 1688.5558025152 0.8267 
105 34 1688.5558025152 0.8267 
110 36 1594.8476503056 0.8752 
115 38 1594.8476503056 0.8752 
120 39 1594.8476503056 0.8752 
125 41 1594.8476503056 0.8752 
130 42 1594.8476503056 0.8752 
135 44 1594.8476503056 0.8752 
140 46 1594.8476503056 0.8752 
145 47 1594.8476503056 0.8752 
150 49 1594.8476503056 0.8752 
155 50 1594.8476503056 0.8752 
160 52 1594.8476503056 0.8752 
165 53 1594.8476503056 0.8752 
170 54 1594.8476503056 0.8752 
175 56 1594.8476503056 0.8752 
180 58 1594.8476503056 0.8752 
185 60 1594.8476503056 0.8752 
190 61 1594.8476503056 0.8752 
195 63 1594.8476503056 0.8752 
200 65 1594.8476503056 0.8752 
205 66 1594.8476503056 0.8752 
210 68 1594.8476503056 0.8752 
215 69 1594.8476503056 0.8752 
220 71 1594.8476503056 0.8752 
225 72 1594.8476503056 0.8752 
230 74 1594.8476503056 0.8752 
235 76 1594.8476503056 0.8752 
240 78 1594.8476503056 0.8752 
245 79 1594.8476503056 0.8752 
250 81 1594.8476503056 0.8752 
255 83 1594.8476503056 0.8752 
260 85 1594.8476503056 0.8752 
265 87 1594.8476503056 0.8752 
270 89 1594.8476503056 0.8752 
275 91 1594.8476503056 0.8752 
280 93 1594.8476503056 0.8752 
285 94 1594.8476503056 0.8752 
290 96 1594.8476503056 0.8752 
295 98 1594.8476503056 0.8752 
300 100 1594.8476503056 0.8752 
305 102 1594.8476503056 0.8752 
310 103 1594.8476503056 0.8752 
315 105 1594.8476503056 0.8752 
320 107 1594.8476503056 0.8752 
325 109 1520.2881320639 0.9181 
330 111 1519.8993345289 0.9184 
335 113 1518.6815440057 0.9191 
340 115 1516.6051272528 0.9204 
345 117 1515.7759625565 0.9209 
350 118 1513.8907291348 0.9220 
355 120 1513.8907291348 0.9220 
360 122 1513.0839168354 0.9225 
365 124 1512.0797053490 0.9231 
370 126 1512.0797053490 0.9231 
375 128 1512.0797053490 0.9231 
380 130 1512.0797053490 0.9231 
385 132 1512.0797053490 0.9231 
390 134 1512.0797053490 0.9231 
395 136 1512.0797053490 0.9231 
400 138 1512.0797053490 0.9231 
405 140 1512.0797053490 0.9231 
410 142 1512.0797053490 0.9231 
415 144 1512.0797053490 0.9231 
420 146 1512.0797053490 0.9231 
425 148 1512.0797053490 0.9231 
430 150 1512.0797053490 0.9231 
435 152 1512.0797053490 0.9231 
440 154 1512.0797053490 0.9231 
445 156 1512.0797053490 0.9231 
450 159 1512.0797053490 0.9231 
455 161 1512.0797053490 0.9231 
460 163 1512.0797053490 0.9231 
465 165 1512.0797053490 0.9231 
470 167 1512.0797053490 0.9231 
475 169 1512.0797053490 0.9231 
480 171 1512.0797053490 0.9231 
485 173 1512.0797053490 0.9231 
490 176 1512.0797053490 0.9231 
495 178 1512.0797053490 0.9231 
500 180 1512.0797053490 0.9231 
505 182 1512.0797053490 0.9231 
510 184 1512.0797053490 0.9231 
515 186 1512.0797053490 0.9231 
520 189 1512.0797053490 0.9231 
525 191 1512.0797053490 0.9231 
530 193 1512.0797053490 0.9231 
535 195 1512.0797053490 0.9231 
540 197 1512.0797053490 0.9231 
545 199 1512.0797053490 0.9231 
550 202 1512.0797053490 0.9231 
555 204 1512.0797053490 0.9231 
560 207 1512.0797053490 0.9231 
565 209 1512.0797053490 0.9231 
570 212 1512.0797053490 0.9231 
575 214 1512.0797053490 0.9231 
580 217 1512.0797053490 0.9231 
585 219 1488.7972676842 0.9376 
590 222 1488.7972676842 0.9376 
595 224 1488.7972676842 0.9376 
600 227 1488.7972676842 0.9376 
605 229 1488.7972676842 0.9376 
610 232 1488.7972676842 0.9376 
615 235 1488.7972676842 0.9376 
620 238 1488.7972676842 0.9376 
625 241 1488.6065200001 0.9377 
630 244 1487.3860938233 0.9385 
635 246 1487.3860938233 0.9385 
640 249 1487.3860938233 0.9385 
645 252 1487.3860938233 0.9385 
650 255 1487.3860938233 0.9385 
655 258 1487.3860938233 0.9385 
660 261 1487.3860938233 0.9385 
665 265 1487.3860938233 0.9385 
670 268 1487.3860938233 0.9385 
675 271 1487.3860938233 0.9385 
680 275 1487.3860938233 0.9385 
685 278 1487.3860938233 0.9385 
690 281 1487.3860938233 0.9385 
695 285 1487.3860938233 0.9385 
700 288 1487.3860938233 0.9385 
705 292 1485.9130633528 0.9394 
710 295 1485.9130633528 0.9394 
715 299 1485.5287686738 0.9396 
720 301 1485.5287686738 0.9396 
725 305 1485.3071527024 0.9398 
730 308 1485.1581913378 0.9399 
735 312 1485.1581913378 0.9399 
740 316 1485.1581913378 0.9399 
745 320 1485.0844335557 0.9399 
750 325 1481.4234318178 0.9422 
755 329 1481.4234318178 0.9422 
760 334 1480.6363652879 0.9427 
765 338 1480.6310006140 0.9427 
770 343 1480.6310006140 0.9427 
775 348 1480.6310006140 0.9427 
780 352 1480.5202202124 0.9428 
785 357 1480.5202202124 0.9428 
790 362 1480.5202202124 0.9428 
795 367 1480.5202202124 0.9428 
800 372 1480.5202202124 0.9428 
805 377 1480.5202202124 0.9428 
810 383 1480.5202202124 0.9428 
815 389 1480.5202202124 0.9428 
820 395 1480.5202202124 0.9428 
825 403 1480.5202202124 0.9428 
830 411 1480.5202202124 0.9428 
835 420 1480.5202202124 0.9428 
840 430 1480.5202202124 0.9428 
845 443 1475.4751064452 0.9460 
850 461 1475.4751064452 0.9460 
855 486 1475.4751064452 0.9460 
860 514 1475.4751064452 0.9460 
865 540 1475.4751064452 0.9460 
870 564 1475.4751064452 0.9460 
875 590 1475.4751064452 0.9460 
880 611 1475.4751064452 0.9460 
885 637 1475.4751064452 0.9460 
890 663 1475.4751064452 0.9460 
895 690 1475.4751064452 0.9460 
900 715 1475.4751064452 0.9460 
905 741 1475.4751064452 0.9460 
910 765 1475.4751064452 0.9460 
915 792 1475.4751064452 0.9460 
920 817 1475.4751064452 0.9460 
925 842 1475.4751064452 0.9460 
930 868 1475.4751064452 0.9460 
935 893 1475.4751064452 0.9460 
940 918 1475.4751064452 0.9460 
945 942 1475.4751064452 0.9460 
950 964 1475.4751064452 0.9460 
955 990 1475.4751064452 0.9460 
960 1011 1475.4751064452 0.9460 
965 1031 1475.4751064452 0.9460 
970 1054 1475.4751064452 0.9460 
975 1075 1475.4751064452 0.9460 
980 1097 1475.4751064452 0.9460 
985 1123 1475.4751064452 0.9460 
990 1149 1475.4751064452 0.9460 
995 1176 1475.4751064452 0.9460 
1000 1201 1475.4751064452 0.9460 
1005 1228 1475.4751064452 0.9460 
1010 1253 1475.4751064452 0.9460 
1015 1279 1475.4751064452 0.9460 
1020 1305 1475.4751064452 0.9460 
1025 1329 1475.4751064452 0.9460 
1030 1354 1475.4751064452 0.9460 
1035 1381 1475.4751064452 0.9460 
1040 1407 1475.4751064452 0.9460 
1045 1433 1475.4751064452 0.9460 
1050 1454 1475.4751064452 0.9460 
1055 1474 1475.4751064452 0.9460 
1060 1493 1475.4751064452 0.9460 
1065 1518 1475.4751064452 0.9460 
1070 1543 1475.4751064452 0.9460 
1075 1568 1475.4751064452 0.9460 
1080 1592 1475.4751064452 0.9460 
1085 1618 1475.4751064452 0.9460 
1090 1645 1475.4751064452 0.9460 
1095 1671 1475.4751064452 0.9460 
1100 1697 1475.4751064452 0.9460 
1105 1723 1475.4751064452 0.9460 
1110 1749 1475.4751064452 0.9460 
1115 1775 1475.4751064452 0.9460 
1120 1802 1475.4751064452 0.9460 
1125 1828 1475.4751064452 0.9460 
1130 1854 1475.4751064452 0.9460 
1135 1878 1475.4751064452 0.9460 
1140 1901 1475.4751064452 0.9460 
1145 1926 1475.4751064452 0.9460 
1150 1951 1475.4751064452 0.9460 
1155 1974 1475.4751064452 0.9460 
1160 1994 1475.4751064452 0.9460 
1165 2013 1475.4751064452 0.9460 
1170 2037 1475.4751064452 0.9460 
1175 2062 1475.4751064452 0.9460 
1180 2086 1475.4751064452 0.9460 
1185 2111 1475.4751064452 0.9460 
1190 2137 1475.4751064452 0.9460 
1195 2163 1475.4751064452 0.9460 
1200 2187 1475.4751064452 0.9460 
1205 2213 1475.4751064452 0.9460 
1210 2239 1475.4751064452 0.9460 
1215 2264 1475.4751064452 0.9460 
1220 2289 1475.4751064452 0.9460 
1225 2311 1475.4751064452 0.9460 
1230 2333 1475.4751064452 0.9460 
1235 2352 1475.4751064452 0.9460 
1240 2376 1475.4751064452 0.9460 
1245 2401 1475.4751064452 0.9460 
1250 2425 1475.4751064452 0.9460 
1255 2449 1475.4751064452 0.9460 
1260 2470 1475.4751064452 0.9460 
1265 2489 1475.4751064452 0.9460 
1270 2513 1475.4751064452 0.9460 
1275 2538 1475.4751064452 0.9460 
1280 2564 1475.4751064452 0.9460 
1285 2590 1475.4751064452 0.9460 
1290 2615 1475.4751064452 0.9460 
1295 2637 1475.4751064452 0.9460 
1300 2659 1475.4751064452 0.9460 
1305 2680 1475.4751064452 0.9460 
1310 2702 1475.4751064452 0.9460 
1315 2725 1475.4751064452 0.9460 
1320 2748 1475.4751064452 0.9460 
1325 2774 1475.4751064452 0.9460 
1330 2797 1475.4751064452 0.9460 
1335 2823 1475.4751064452 0.9460 
1340 2846 1475.4751064452 0.9460 
1345 2869 1475.4751064452 0.9460 
1350 2896 1475.4751064452 0.9460 
1355 2922 1475.4751064452 0.9460 
1360 2948 1475.4751064452 0.9460 
1365 2973 1475.4751064452 0.9460 
1370 2998 1475.4751064452 0.9460 
1375 3020 1475.4751064452 0.9460 
1380 3043 1475.4751064452 0.9460 
1385 3064 1475.4751064452 0.9460 
1390 3083 1475.4751064452 0.9460 
1395 3102 1475.4751064452 0.9460 
1400 3120 1475.4751064452 0.9460 
1405 3138 1475.4751064452 0.9460 
1410 3158 1475.4751064452 0.9460 
1415 3176 1475.4751064452 0.9460 
1420 3200 1475.4751064452 0.9460 
1425 3226 1475.4751064452 0.9460 
1430 3251 1475.4751064452 0.9460 
1435 3277 1475.4751064452 0.9460 
1440 3302 1475.4751064452 0.9460 
1445 3327 1475.4751064452 0.9460 
1450 3352 1475.4751064452 0.9460 
1455 3378 1475.4751064452 0.9460 
1460 3403 1475.4751064452 0.9460 
1465 3430 1475.4751064452 0.9460 
1470 3455 1475.4751064452 0.9460 
1475 3481 1475.4751064452 0.9460 
1480 3503 1475.4751064452 0.9460 
1485 3526 1475.4751064452 0.9460 
1490 3547 1475.4751064452 0.9460 
1495 3570 1475.4751064452 0.9460 
1500 3591 1475.4751064452 0.9460 
1505 3615 1475.4751064452 0.9460 
1510 3638 1475.4751064452 0.9460 
1515 3660 1475.4751064452 0.9460 
1520 3684 1475.4751064452 0.9460 
1525 3706 1475.4751064452 0.9460 
1530 3728 1475.4751064452 0.9460 
1535 3753 1475.4751064452 0.9460 
1540 3777 1475.4751064452 0.9460 
1545 3801 1475.4751064452 0.9460 
1550 3821 1475.4751064452 0.9460 
1555 3841 1475.4751064452 0.9460 
1560 3861 1475.4751064452 0.9460 
1565 3880 1475.4751064452 0.9460 
1570 3903 1475.4751064452 0.9460 
1575 3927 1475.4751064452 0.9460 
1580 3953 1475.4751064452 0.9460 
1585 3979 1475.4751064452 0.9460 
1590 4005 1475.4751064452 0.9460 
1595 4031 1475.4751064452 0.9460 
1600 4057 1475.4751064452 0.9460 
1605 4083 1475.4751064452 0.9460 
1610 4108 1475.4751064452 0.9460 
1615 4133 1475.4751064452 0.9460 
1620 4158 1475.4751064452 0.9460 
1625 4184 1475.4751064452 0.9460 
1630 4210 1475.4751064452 0.9460 
1635 4236 1475.4751064452 0.9460 
1640 4262 1475.4751064452 0.9460 
1645 4289 1475.4751064452 0.9460 
1650 4314 1475.4751064452 0.9460 
1655 4340 1475.4751064452 0.9460 
1660 4366 1475.4751064452 0.9460 
1665 4392 1475.4751064452 0.9460 
1670 4419 1475.4751064452 0.9460 
1675 4445 1475.4751064452 0.9460 
1680 4471 1475.4751064452 0.9460 
1685 4497 1475.4751064452 0.9460 
1690 4521 1475.4751064452 0.9460 
1695 4546 1475.4751064452 0.9460 
1700 4569 1475.4751064452 0.9460 
1705 4596 1475.4751064452 0.9460 
1710 4621 1475.4751064452 0.9460 
1715 4646 1475.4751064452 0.9460 
1720 4671 1475.4751064452 0.9460 
1725 4698 1475.4751064452 0.9460 
1730 4724 1475.4751064452 0.9460 
1735 4751 1475.4751064452 0.9460 
1740 4777 1475.4751064452 0.9460 
1745 4803 1475.4751064452 0.9460 
1750 4830 1475.4751064452 0.9460 
1755 4855 1475.4751064452 0.9460 
1760 4881 1475.4751064452 0.9460 
1765 4909 1475.4751064452 0.9460 
1770 4936 1475.4751064452 0.9460 
1775 4962 1475.4751064452 0.9460 
1780 4987 1475.4751064452 0.9460 
1785 5014 1475.4751064452 0.9460 
1790 5038 1475.4751064452 0.9460 
1795 5064 1475.4751064452 0.9460 
1800 5086 1475.4751064452 0.9460 
