0 0 2104.7496318258 0.0000 
5 3 2104.7496318258 0.0000 
10 7 1792.3943699015 0.7205 
15 11 1792.3943699015 0.7205 
20 15 1603.7749246573 0.8053 
25 19 1603.7749246573 0.8053 
30 23 1521.1142390923 0.8490 
35 28 1496.5237036492 0.8630 
40 32 1487.5448994756 0.8682 
45 37 1467.9663413904 0.8798 
50 41 1466.3061457367 0.8808 
55 46 1466.3061457367 0.8808 
60 51 1466.3061457367 0.8808 
65 56 1458.8128599782 0.8853 
70 61 1454.2004337213 0.8881 
75 66 1453.2003832005 0.8887 
80 71 1450.5439289736 0.8903 
85 77 1450.4843039705 0.8904 
90 83 1447.8613804750 0.8920 
95 88 1446.4387135621 0.8928 
100 95 1442.8155867026 0.8951 
105 101 1435.1605489657 0.8999 
110 107 1431.3274119611 0.9023 
115 114 1427.9563794579 0.9044 
120 122 1422.9729334995 0.9076 
125 130 1416.3115809068 0.9118 
130 138 1410.2916217305 0.9157 
135 147 1409.4567427999 0.9163 
140 157 1406.9529145145 0.9179 
145 168 1406.5233284473 0.9182 
150 182 1406.3958278254 0.9183 
155 199 1405.9131504744 0.9186 
160 224 1405.3464654868 0.9190 
165 253 1392.7560174428 0.9273 
170 283 1383.6372972000 0.9334 
175 313 1379.4202909179 0.9362 
180 343 1379.3373624275 0.9363 
185 373 1378.7186536233 0.9367 
190 403 1377.6852292332 0.9374 
195 431 1377.6356536323 0.9374 
200 460 1376.9024085215 0.9379 
205 490 1376.4194917927 0.9383 
210 520 1376.2062496379 0.9384 
215 549 1376.2062496379 0.9384 
220 578 1376.2062496379 0.9384 
225 607 1376.2062496379 0.9384 
230 638 1376.1384772806 0.9385 
235 668 1372.9538501183 0.9406 
240 697 1370.6103354968 0.9422 
245 726 1369.6163982012 0.9429 
250 756 1369.6163982012 0.9429 
255 788 1369.6163982012 0.9429 
260 818 1369.6163982012 0.9429 
265 848 1369.6163982012 0.9429 
270 878 1369.6163982012 0.9429 
275 907 1369.6163982012 0.9429 
280 935 1365.7394502438 0.9456 
285 966 1365.5318738674 0.9457 
290 997 1365.5318738674 0.9457 
295 1027 1365.5318738674 0.9457 
300 1056 1365.5318738674 0.9457 
305 1084 1365.5318738674 0.9457 
310 1114 1365.5318738674 0.9457 
315 1142 1365.5318738674 0.9457 
320 1172 1365.5318738674 0.9457 
325 1201 1365.5318738674 0.9457 
330 1230 1365.5318738674 0.9457 
335 1260 1365.5318738674 0.9457 
340 1289 1365.5318738674 0.9457 
345 1318 1365.5318738674 0.9457 
350 1348 1365.5318738674 0.9457 
355 1377 1365.5318738674 0.9457 
360 1406 1365.5318738674 0.9457 
365 1437 1365.5318738674 0.9457 
370 1466 1360.9192846040 0.9490 
375 1495 1359.9481537176 0.9496 
380 1525 1359.9481537176 0.9496 
385 1554 1359.9481537176 0.9496 
390 1584 1358.9808169382 0.9503 
395 1613 1358.6410443269 0.9505 
400 1642 1358.6410443269 0.9505 
405 1673 1358.0012973772 0.9510 
410 1702 1357.9685434319 0.9510 
415 1732 1357.9685434319 0.9510 
420 1761 1357.9685434319 0.9510 
425 1791 1357.0766136429 0.9516 
430 1820 1356.9063164794 0.9518 
435 1850 1356.9063164794 0.9518 
440 1881 1356.9063164794 0.9518 
445 1909 1351.1842883314 0.9558 
450 1940 1351.1842883314 0.9558 
455 1969 1351.1842883314 0.9558 
460 1999 1351.1842883314 0.9558 
465 2026 1351.1842883314 0.9558 
470 2054 1351.1842883314 0.9558 
475 2084 1351.1842883314 0.9558 
480 2114 1351.1842883314 0.9558 
485 2144 1351.1842883314 0.9558 
490 2173 1351.1842883314 0.9558 
495 2202 1351.1842883314 0.9558 
500 2232 1350.8161834415 0.9561 
505 2261 1350.2290210841 0.9565 
510 2289 1350.2290210841 0.9565 
515 2319 1350.2290210841 0.9565 
520 2346 1350.2290210841 0.9565 
525 2374 1350.2290210841 0.9565 
530 2402 1350.2290210841 0.9565 
535 2432 1350.2290210841 0.9565 
540 2462 1350.2290210841 0.9565 
545 2491 1350.2290210841 0.9565 
550 2520 1350.2290210841 0.9565 
555 2548 1350.2290210841 0.9565 
560 2578 1350.2290210841 0.9565 
565 2607 1350.2290210841 0.9565 
570 2637 1349.9734818110 0.9566 
575 2666 1349.9734818110 0.9566 
580 2695 1349.9734818110 0.9566 
585 2724 1349.9734818110 0.9566 
590 2753 1349.9734818110 0.9566 
595 2783 1349.9734818110 0.9566 
600 2813 1349.9734818110 0.9566 
605 2843 1349.9734818110 0.9566 
610 2873 1349.9734818110 0.9566 
615 2903 1349.9734818110 0.9566 
620 2932 1349.9734818110 0.9566 
625 2963 1349.0582736335 0.9573 
630 2994 1349.0582736335 0.9573 
635 3023 1349.0582736335 0.9573 
640 3052 1349.0582736335 0.9573 
645 3080 1347.5593299266 0.9584 
650 3110 1347.5523511898 0.9584 
655 3136 1347.5523511898 0.9584 
660 3156 1347.5523511898 0.9584 
665 3181 1347.5523511898 0.9584 
670 3203 1347.5523511898 0.9584 
675 3227 1347.5523511898 0.9584 
680 3247 1347.5523511898 0.9584 
685 3266 1347.5523511898 0.9584 
690 3286 1347.5523511898 0.9584 
695 3312 1347.5523511898 0.9584 
700 3340 1347.5523511898 0.9584 
705 3364 1347.5523511898 0.9584 
710 3390 1347.5523511898 0.9584 
715 3418 1347.5523511898 0.9584 
720 3446 1347.5523511898 0.9584 
725 3475 1347.5523511898 0.9584 
730 3504 1347.5523511898 0.9584 
735 3533 1347.5523511898 0.9584 
740 3562 1347.5523511898 0.9584 
745 3592 1347.5523511898 0.9584 
750 3621 1347.5523511898 0.9584 
755 3650 1346.1822654753 0.9593 
760 3680 1345.7760967680 0.9596 
765 3710 1345.7760967680 0.9596 
770 3738 1345.7760967680 0.9596 
775 3767 1345.7760967680 0.9596 
780 3795 1345.7760967680 0.9596 
785 3824 1345.7760967680 0.9596 
790 3854 1345.7760967680 0.9596 
795 3882 1345.7760967680 0.9596 
800 3911 1345.7760967680 0.9596 
805 3939 1345.7760967680 0.9596 
810 3967 1345.7760967680 0.9596 
815 3995 1345.7760967680 0.9596 
820 4025 1345.7760967680 0.9596 
825 4053 1345.7760967680 0.9596 
830 4083 1345.7760967680 0.9596 
835 4112 1345.7760967680 0.9596 
840 4142 1345.7760967680 0.9596 
845 4171 1345.5205926738 0.9598 
850 4201 1345.5205926738 0.9598 
855 4229 1345.5205926738 0.9598 
860 4252 1345.5205926738 0.9598 
865 4274 1345.5205926738 0.9598 
870 4299 1345.5205926738 0.9598 
875 4325 1344.1665641541 0.9608 
880 4351 1344.1665641541 0.9608 
885 4377 1344.1665641541 0.9608 
890 4407 1344.1665641541 0.9608 
895 4434 1344.1665641541 0.9608 
900 4461 1344.1665641541 0.9608 
905 4489 1344.1665641541 0.9608 
910 4519 1343.3640899500 0.9614 
915 4549 1342.3809311990 0.9621 
920 4579 1342.3809311990 0.9621 
925 4608 1342.1368814769 0.9622 
930 4638 1341.7287854240 0.9625 
935 4667 1341.7287854240 0.9625 
940 4698 1341.7287854240 0.9625 
945 4727 1341.7287854240 0.9625 
950 4758 1341.7287854240 0.9625 
955 4788 1341.7287854240 0.9625 
960 4817 1341.7287854240 0.9625 
965 4846 1341.7287854240 0.9625 
970 4875 1341.7287854240 0.9625 
975 4907 1341.7287854240 0.9625 
980 4937 1341.1207190491 0.9630 
985 4966 1341.1207190491 0.9630 
990 4996 1341.1207190491 0.9630 
995 5025 1341.1207190491 0.9630 
1000 5055 1341.1207190491 0.9630 
1005 5085 1341.1207190491 0.9630 
1010 5115 1341.1207190491 0.9630 
1015 5144 1341.1207190491 0.9630 
1020 5174 1341.1207190491 0.9630 
1025 5204 1341.1207190491 0.9630 
1030 5234 1341.1207190491 0.9630 
1035 5264 1341.1207190491 0.9630 
1040 5292 1341.1207190491 0.9630 
1045 5322 1341.1207190491 0.9630 
1050 5352 1341.1207190491 0.9630 
1055 5382 1341.1207190491 0.9630 
1060 5412 1341.1207190491 0.9630 
1065 5441 1341.1207190491 0.9630 
1070 5472 1341.1207190491 0.9630 
1075 5500 1341.1207190491 0.9630 
1080 5530 1341.1207190491 0.9630 
1085 5560 1341.1207190491 0.9630 
1090 5589 1341.1207190491 0.9630 
1095 5618 1341.1207190491 0.9630 
1100 5648 1341.1207190491 0.9630 
1105 5676 1341.1207190491 0.9630 
1110 5706 1341.1207190491 0.9630 
1115 5735 1341.1207190491 0.9630 
1120 5764 1341.1207190491 0.9630 
1125 5791 1341.1207190491 0.9630 
1130 5820 1341.1207190491 0.9630 
1135 5849 1341.1207190491 0.9630 
1140 5878 1341.1207190491 0.9630 
1145 5907 1341.1207190491 0.9630 
1150 5934 1341.1207190491 0.9630 
1155 5963 1341.1207190491 0.9630 
1160 5992 1341.1207190491 0.9630 
1165 6023 1341.1207190491 0.9630 
1170 6052 1341.1207190491 0.9630 
1175 6082 1341.1207190491 0.9630 
1180 6111 1341.1207190491 0.9630 
1185 6140 1341.1207190491 0.9630 
1190 6169 1341.1207190491 0.9630 
1195 6198 1341.1207190491 0.9630 
1200 6229 1341.1207190491 0.9630 
1205 6258 1341.1207190491 0.9630 
1210 6289 1341.1207190491 0.9630 
1215 6319 1341.1207190491 0.9630 
1220 6349 1341.1207190491 0.9630 
1225 6378 1341.1207190491 0.9630 
1230 6408 1341.1207190491 0.9630 
1235 6437 1341.1207190491 0.9630 
1240 6467 1341.1207190491 0.9630 
1245 6495 1341.1207190491 0.9630 
1250 6524 1341.1207190491 0.9630 
1255 6553 1341.1207190491 0.9630 
1260 6581 1341.1207190491 0.9630 
1265 6610 1341.1207190491 0.9630 
1270 6639 1341.1207190491 0.9630 
1275 6669 1341.1207190491 0.9630 
1280 6698 1341.1207190491 0.9630 
1285 6727 1341.1207190491 0.9630 
1290 6756 1341.1207190491 0.9630 
1295 6785 1341.1207190491 0.9630 
1300 6814 1341.1207190491 0.9630 
1305 6843 1341.1207190491 0.9630 
1310 6872 1341.1207190491 0.9630 
1315 6901 1341.1207190491 0.9630 
1320 6930 1341.1207190491 0.9630 
1325 6959 1341.1207190491 0.9630 
1330 6987 1341.1207190491 0.9630 
1335 7015 1341.1207190491 0.9630 
1340 7045 1341.1207190491 0.9630 
1345 7073 1341.1207190491 0.9630 
1350 7102 1341.1207190491 0.9630 
1355 7132 1341.1207190491 0.9630 
1360 7161 1341.1207190491 0.9630 
1365 7190 1341.1207190491 0.9630 
1370 7218 1341.1207190491 0.9630 
1375 7248 1341.1207190491 0.9630 
1380 7277 1341.1207190491 0.9630 
1385 7307 1341.1207190491 0.9630 
1390 7336 1341.1207190491 0.9630 
1395 7365 1341.1207190491 0.9630 
1400 7394 1341.1207190491 0.9630 
1405 7423 1341.1207190491 0.9630 
1410 7452 1341.1207190491 0.9630 
1415 7480 1341.1207190491 0.9630 
1420 7510 1341.1207190491 0.9630 
1425 7539 1341.1207190491 0.9630 
1430 7568 1341.1207190491 0.9630 
1435 7597 1341.1207190491 0.9630 
1440 7627 1341.1207190491 0.9630 
1445 7657 1341.1207190491 0.9630 
1450 7687 1341.1207190491 0.9630 
1455 7716 1341.1207190491 0.9630 
1460 7746 1341.1207190491 0.9630 
1465 7774 1341.1207190491 0.9630 
1470 7804 1341.1207190491 0.9630 
1475 7833 1341.1207190491 0.9630 
1480 7863 1341.1207190491 0.9630 
1485 7893 1341.1207190491 0.9630 
1490 7922 1341.1207190491 0.9630 
1495 7953 1341.1207190491 0.9630 
1500 7983 1341.1207190491 0.9630 
1505 8013 1341.1207190491 0.9630 
1510 8041 1341.1207190491 0.9630 
1515 8069 1341.1207190491 0.9630 
1520 8099 1341.1207190491 0.9630 
1525 8129 1341.1207190491 0.9630 
1530 8159 1341.1207190491 0.9630 
1535 8188 1341.1207190491 0.9630 
1540 8218 1341.1207190491 0.9630 
1545 8247 1341.1207190491 0.9630 
1550 8276 1341.1207190491 0.9630 
1555 8306 1341.1207190491 0.9630 
1560 8335 1341.1207190491 0.9630 
1565 8365 1341.1207190491 0.9630 
1570 8394 1341.1207190491 0.9630 
1575 8423 1341.1207190491 0.9630 
1580 8453 1341.1207190491 0.9630 
1585 8482 1341.1207190491 0.9630 
1590 8512 1341.1207190491 0.9630 
1595 8542 1341.1207190491 0.9630 
1600 8573 1341.1207190491 0.9630 
1605 8602 1341.1207190491 0.9630 
1610 8631 1341.1207190491 0.9630 
1615 8659 1341.1207190491 0.9630 
1620 8688 1341.1207190491 0.9630 
1625 8716 1341.1207190491 0.9630 
1630 8745 1341.1207190491 0.9630 
1635 8774 1341.1207190491 0.9630 
1640 8804 1341.1207190491 0.9630 
1645 8832 1341.1207190491 0.9630 
1650 8862 1341.1207190491 0.9630 
1655 8890 1341.1207190491 0.9630 
1660 8920 1341.1207190491 0.9630 
1665 8949 1341.1207190491 0.9630 
1670 8977 1341.1207190491 0.9630 
1675 9005 1341.1207190491 0.9630 
1680 9035 1341.1207190491 0.9630 
1685 9063 1341.1207190491 0.9630 
1690 9091 1341.1207190491 0.9630 
1695 9120 1341.1207190491 0.9630 
1700 9149 1341.1207190491 0.9630 
1705 9178 1341.1207190491 0.9630 
1710 9207 1341.1207190491 0.9630 
1715 9236 1341.1207190491 0.9630 
1720 9266 1341.1207190491 0.9630 
1725 9294 1341.1207190491 0.9630 
1730 9323 1341.1207190491 0.9630 
1735 9352 1341.1207190491 0.9630 
1740 9382 1341.1207190491 0.9630 
1745 9411 1341.1207190491 0.9630 
1750 9440 1341.1207190491 0.9630 
1755 9468 1341.1207190491 0.9630 
1760 9497 1341.1207190491 0.9630 
1765 9526 1341.1207190491 0.9630 
1770 9555 1341.1207190491 0.9630 
1775 9583 1341.1207190491 0.9630 
1780 9612 1341.1207190491 0.9630 
1785 9641 1341.1207190491 0.9630 
1790 9670 1341.1207190491 0.9630 
1795 9698 1341.1207190491 0.9630 
1800 9728 1341.1207190491 0.9630 
