0 0 2183.4663206801 0.0000 
5 4 2183.4663206801 0.0000 
10 8 2183.4663206801 0.0000 
15 12 2183.4663206801 0.0000 
20 16 2183.4663206801 0.0000 
25 20 2183.4663206801 0.0000 
30 24 2183.4663206801 0.0000 
35 29 2183.4663206801 0.0000 
40 31 1605.5649721987 0.8694 
45 35 1603.7546979957 0.8704 
50 39 1596.4310215765 0.8744 
55 44 1587.4502210897 0.8793 
60 48 1584.7565164911 0.8808 
65 53 1574.5495676447 0.8865 
70 57 1574.5495676447 0.8865 
75 62 1574.5495676447 0.8865 
80 67 1574.5495676447 0.8865 
85 72 1558.1086992056 0.8959 
90 78 1558.1086992056 0.8959 
95 84 1557.0727033553 0.8965 
100 90 1553.9573165360 0.8983 
105 96 1553.9573165360 0.8983 
110 103 1548.0279120720 0.9017 
115 110 1534.9372351507 0.9094 
120 117 1534.9203783393 0.9094 
125 124 1530.0889205901 0.9123 
130 132 1526.9852091050 0.9141 
135 140 1523.9385692551 0.9159 
140 150 1516.4129550443 0.9205 
145 160 1516.4129550443 0.9205 
150 171 1516.3475404457 0.9205 
155 185 1510.7664977312 0.9239 
160 200 1507.0756567587 0.9262 
165 226 1506.0456313671 0.9268 
170 257 1504.4346195388 0.9278 
175 287 1494.0650902656 0.9343 
180 317 1485.6409637428 0.9396 
185 348 1485.6409637428 0.9396 
190 380 1483.1644263057 0.9411 
195 411 1482.7357953578 0.9414 
200 442 1482.7357953578 0.9414 
205 474 1482.2573982758 0.9417 
210 504 1482.2573982758 0.9417 
215 536 1480.3108355411 0.9429 
220 567 1480.3108355411 0.9429 
225 597 1478.5097737880 0.9441 
230 627 1478.1718106883 0.9443 
235 657 1477.9605672553 0.9444 
240 689 1477.1956809709 0.9449 
245 720 1477.1956809709 0.9449 
250 750 1476.7540942364 0.9452 
255 780 1476.7540942364 0.9452 
260 811 1476.7540942364 0.9452 
265 842 1476.7540942364 0.9452 
270 873 1474.5241925158 0.9466 
275 905 1474.5241925158 0.9466 
280 936 1474.5241925158 0.9466 
285 966 1474.5225180257 0.9466 
290 996 1474.5225180257 0.9466 
295 1029 1471.4021545388 0.9487 
300 1061 1471.4021545388 0.9487 
305 1091 1471.4021545388 0.9487 
310 1117 1471.4021545388 0.9487 
315 1145 1471.4021545388 0.9487 
320 1170 1471.4021545388 0.9487 
325 1198 1471.4021545388 0.9487 
330 1229 1471.4021545388 0.9487 
335 1260 1471.4021545388 0.9487 
340 1291 1468.1766840164 0.9507 
345 1322 1468.1766840164 0.9507 
350 1351 1467.8559591493 0.9509 
355 1379 1467.8559591493 0.9509 
360 1410 1467.8559591493 0.9509 
365 1441 1467.8559591493 0.9509 
370 1472 1467.8559591493 0.9509 
375 1503 1467.8559591493 0.9509 
380 1534 1467.8559591493 0.9509 
385 1566 1467.8559591493 0.9509 
390 1597 1467.5840004013 0.9511 
395 1628 1467.5840004013 0.9511 
400 1654 1467.5840004013 0.9511 
405 1681 1467.5840004013 0.9511 
410 1709 1467.5840004013 0.9511 
415 1741 1467.5840004013 0.9511 
420 1772 1467.5593545381 0.9511 
425 1804 1466.6514868837 0.9517 
430 1837 1466.6514868837 0.9517 
435 1869 1466.6514868837 0.9517 
440 1901 1466.6514868837 0.9517 
445 1932 1466.6514868837 0.9517 
450 1964 1465.8602216036 0.9522 
455 1995 1465.8602216036 0.9522 
460 2028 1465.7494513273 0.9523 
465 2059 1465.7494513273 0.9523 
470 2089 1465.7494513273 0.9523 
475 2121 1465.7494513273 0.9523 
480 2152 1465.7494513273 0.9523 
485 2185 1465.7494513273 0.9523 
490 2215 1465.7494513273 0.9523 
495 2245 1465.7494513273 0.9523 
500 2275 1465.7494513273 0.9523 
505 2307 1465.7494513273 0.9523 
510 2339 1465.7494513273 0.9523 
515 2370 1465.7494513273 0.9523 
520 2400 1461.3269686763 0.9552 
525 2431 1461.3269686763 0.9552 
530 2462 1461.3269686763 0.9552 
535 2493 1461.3269686763 0.9552 
540 2524 1461.0714519667 0.9554 
545 2555 1461.0266274408 0.9554 
550 2587 1461.0266274408 0.9554 
555 2620 1461.0266274408 0.9554 
560 2651 1461.0266274408 0.9554 
565 2683 1461.0266274408 0.9554 
570 2714 1461.0266274408 0.9554 
575 2746 1461.0266274408 0.9554 
580 2779 1461.0266274408 0.9554 
585 2810 1461.0266274408 0.9554 
590 2842 1461.0266274408 0.9554 
595 2873 1461.0266274408 0.9554 
600 2905 1457.8924781713 0.9574 
605 2937 1457.8924781713 0.9574 
610 2969 1457.8924781713 0.9574 
615 2999 1457.8924781713 0.9574 
620 3031 1457.8924781713 0.9574 
625 3062 1457.0672717701 0.9580 
630 3093 1457.0672717701 0.9580 
635 3124 1457.0672717701 0.9580 
640 3154 1456.8655313284 0.9581 
645 3187 1456.8655313284 0.9581 
650 3220 1456.8655313284 0.9581 
655 3252 1456.8655313284 0.9581 
660 3284 1456.8655313284 0.9581 
665 3315 1456.8655313284 0.9581 
670 3345 1456.8655313284 0.9581 
675 3376 1456.8655313284 0.9581 
680 3407 1456.8655313284 0.9581 
685 3440 1456.8655313284 0.9581 
690 3473 1456.6701647718 0.9582 
695 3505 1456.6701647718 0.9582 
700 3537 1456.6701647718 0.9582 
705 3568 1456.6701647718 0.9582 
710 3601 1456.6701647718 0.9582 
715 3633 1453.0527683297 0.9606 
720 3664 1453.0527683297 0.9606 
725 3696 1453.0527683297 0.9606 
730 3727 1453.0527683297 0.9606 
735 3757 1453.0527683297 0.9606 
740 3789 1452.6023519146 0.9609 
745 3820 1452.5765650860 0.9609 
750 3851 1451.7070055238 0.9615 
755 3882 1451.0103874770 0.9620 
760 3908 1451.0103874770 0.9620 
765 3933 1451.0103874770 0.9620 
770 3963 1451.0103874770 0.9620 
775 3992 1451.0103874770 0.9620 
780 4021 1451.0103874770 0.9620 
785 4053 1451.0103874770 0.9620 
790 4083 1451.0103874770 0.9620 
795 4113 1451.0103874770 0.9620 
800 4144 1451.0103874770 0.9620 
805 4173 1451.0103874770 0.9620 
810 4199 1451.0103874770 0.9620 
815 4224 1451.0103874770 0.9620 
820 4253 1451.0103874770 0.9620 
825 4283 1450.6775601625 0.9622 
830 4313 1450.6775601625 0.9622 
835 4342 1450.4332741592 0.9624 
840 4370 1450.4332741592 0.9624 
845 4401 1450.4332741592 0.9624 
850 4431 1450.4332741592 0.9624 
855 4460 1450.4332741592 0.9624 
860 4487 1450.4332741592 0.9624 
865 4515 1450.4332741592 0.9624 
870 4542 1450.4332741592 0.9624 
875 4567 1450.4332741592 0.9624 
880 4594 1450.4332741592 0.9624 
885 4623 1450.4332741592 0.9624 
890 4652 1450.4332741592 0.9624 
895 4681 1450.4332741592 0.9624 
900 4710 1450.4332741592 0.9624 
905 4739 1450.4332741592 0.9624 
910 4765 1450.4332741592 0.9624 
915 4793 1450.4332741592 0.9624 
920 4821 1450.4332741592 0.9624 
925 4848 1450.4332741592 0.9624 
930 4876 1450.4332741592 0.9624 
935 4903 1450.4332741592 0.9624 
940 4927 1450.4332741592 0.9624 
945 4952 1450.4332741592 0.9624 
950 4978 1450.2316045907 0.9625 
955 5004 1450.2316045907 0.9625 
960 5029 1450.2316045907 0.9625 
965 5056 1450.2316045907 0.9625 
970 5081 1450.2316045907 0.9625 
975 5104 1450.2316045907 0.9625 
980 5132 1450.2316045907 0.9625 
985 5161 1450.2316045907 0.9625 
990 5190 1450.2316045907 0.9625 
995 5221 1450.2316045907 0.9625 
1000 5250 1450.2316045907 0.9625 
1005 5278 1450.2316045907 0.9625 
1010 5307 1450.2316045907 0.9625 
1015 5335 1450.2316045907 0.9625 
1020 5364 1450.2316045907 0.9625 
1025 5389 1450.2316045907 0.9625 
1030 5411 1450.2316045907 0.9625 
1035 5437 1450.2316045907 0.9625 
1040 5463 1450.2316045907 0.9625 
1045 5492 1450.2316045907 0.9625 
1050 5524 1450.2316045907 0.9625 
1055 5554 1450.2316045907 0.9625 
1060 5584 1450.2316045907 0.9625 
1065 5614 1450.2316045907 0.9625 
1070 5641 1450.2316045907 0.9625 
1075 5672 1450.2316045907 0.9625 
1080 5699 1450.2316045907 0.9625 
1085 5726 1450.2316045907 0.9625 
1090 5757 1450.2316045907 0.9625 
1095 5789 1450.2316045907 0.9625 
1100 5819 1450.2316045907 0.9625 
1105 5851 1450.2316045907 0.9625 
1110 5882 1450.2316045907 0.9625 
1115 5913 1450.2316045907 0.9625 
1120 5942 1450.2316045907 0.9625 
1125 5973 1450.2316045907 0.9625 
1130 6005 1450.1021021094 0.9626 
1135 6035 1450.1021021094 0.9626 
1140 6067 1450.1021021094 0.9626 
1145 6099 1450.1021021094 0.9626 
1150 6131 1450.1021021094 0.9626 
1155 6162 1450.1021021094 0.9626 
1160 6195 1450.1021021094 0.9626 
1165 6225 1450.1021021094 0.9626 
1170 6256 1450.1021021094 0.9626 
1175 6287 1450.1021021094 0.9626 
1180 6317 1450.1021021094 0.9626 
1185 6350 1450.1021021094 0.9626 
1190 6382 1450.1021021094 0.9626 
1195 6414 1450.1021021094 0.9626 
1200 6445 1450.1021021094 0.9626 
1205 6478 1450.1021021094 0.9626 
1210 6508 1450.1021021094 0.9626 
1215 6540 1450.1021021094 0.9626 
1220 6570 1447.5147797646 0.9643 
1225 6602 1447.5147797646 0.9643 
1230 6635 1447.5147797646 0.9643 
1235 6666 1447.5147797646 0.9643 
1240 6697 1442.9444019341 0.9674 
1245 6728 1442.9444019341 0.9674 
1250 6758 1442.9444019341 0.9674 
1255 6789 1442.9444019341 0.9674 
1260 6819 1442.9444019341 0.9674 
1265 6852 1442.9444019341 0.9674 
1270 6883 1442.9444019341 0.9674 
1275 6913 1442.9444019341 0.9674 
1280 6946 1442.9444019341 0.9674 
1285 6976 1442.9444019341 0.9674 
1290 7006 1442.9444019341 0.9674 
1295 7036 1442.9444019341 0.9674 
1300 7067 1442.9444019341 0.9674 
1305 7097 1442.9444019341 0.9674 
1310 7126 1442.7917823962 0.9675 
1315 7156 1442.7917823962 0.9675 
1320 7185 1442.7917823962 0.9675 
1325 7212 1442.7917823962 0.9675 
1330 7241 1442.7917823962 0.9675 
1335 7272 1442.7917823962 0.9675 
1340 7302 1442.7917823962 0.9675 
1345 7332 1442.7917823962 0.9675 
1350 7362 1442.7917823962 0.9675 
1355 7392 1442.7917823962 0.9675 
1360 7422 1442.7917823962 0.9675 
1365 7451 1442.7917823962 0.9675 
1370 7481 1442.7917823962 0.9675 
1375 7510 1442.7917823962 0.9675 
1380 7540 1442.7917823962 0.9675 
1385 7570 1442.7917823962 0.9675 
1390 7599 1442.7917823962 0.9675 
1395 7630 1442.7917823962 0.9675 
1400 7660 1442.7917823962 0.9675 
1405 7689 1442.7917823962 0.9675 
1410 7719 1442.7917823962 0.9675 
1415 7748 1442.7917823962 0.9675 
1420 7776 1442.7917823962 0.9675 
1425 7805 1442.7917823962 0.9675 
1430 7833 1442.7917823962 0.9675 
1435 7861 1442.7917823962 0.9675 
1440 7891 1442.7917823962 0.9675 
1445 7920 1442.7917823962 0.9675 
1450 7948 1442.7917823962 0.9675 
1455 7976 1442.7917823962 0.9675 
1460 8001 1442.7917823962 0.9675 
1465 8030 1442.7917823962 0.9675 
1470 8060 1442.7917823962 0.9675 
1475 8092 1442.7917823962 0.9675 
1480 8121 1442.7917823962 0.9675 
1485 8151 1442.7917823962 0.9675 
1490 8179 1442.7917823962 0.9675 
1495 8208 1442.7917823962 0.9675 
1500 8238 1442.7917823962 0.9675 
1505 8267 1442.7917823962 0.9675 
1510 8296 1442.7917823962 0.9675 
1515 8326 1442.7917823962 0.9675 
1520 8356 1442.7917823962 0.9675 
1525 8385 1442.7917823962 0.9675 
1530 8416 1442.7917823962 0.9675 
1535 8445 1442.7917823962 0.9675 
1540 8474 1442.7917823962 0.9675 
1545 8502 1442.7917823962 0.9675 
1550 8532 1442.7917823962 0.9675 
1555 8562 1442.7917823962 0.9675 
1560 8593 1442.7917823962 0.9675 
1565 8621 1442.7917823962 0.9675 
1570 8650 1442.7917823962 0.9675 
1575 8679 1442.7917823962 0.9675 
1580 8708 1442.7917823962 0.9675 
1585 8737 1442.7917823962 0.9675 
1590 8768 1442.7917823962 0.9675 
1595 8798 1442.7917823962 0.9675 
1600 8828 1442.7917823962 0.9675 
1605 8859 1442.7917823962 0.9675 
1610 8889 1442.7917823962 0.9675 
1615 8919 1442.7917823962 0.9675 
1620 8949 1442.7917823962 0.9675 
1625 8976 1442.7917823962 0.9675 
1630 9004 1442.7917823962 0.9675 
1635 9032 1442.7917823962 0.9675 
1640 9056 1442.7917823962 0.9675 
1645 9085 1442.7917823962 0.9675 
1650 9116 1442.7917823962 0.9675 
1655 9148 1442.7917823962 0.9675 
1660 9178 1442.7917823962 0.9675 
1665 9209 1442.7917823962 0.9675 
1670 9241 1442.7917823962 0.9675 
1675 9274 1442.7917823962 0.9675 
1680 9306 1442.7917823962 0.9675 
1685 9336 1442.7917823962 0.9675 
1690 9366 1442.7917823962 0.9675 
1695 9397 1442.7917823962 0.9675 
1700 9428 1442.7917823962 0.9675 
1705 9456 1442.7917823962 0.9675 
1710 9485 1442.7917823962 0.9675 
1715 9514 1442.7917823962 0.9675 
1720 9544 1442.7917823962 0.9675 
1725 9575 1442.7917823962 0.9675 
1730 9604 1442.7917823962 0.9675 
1735 9634 1442.7917823962 0.9675 
1740 9665 1442.7917823962 0.9675 
1745 9695 1442.7917823962 0.9675 
1750 9726 1442.7917823962 0.9675 
1755 9756 1442.7917823962 0.9675 
1760 9786 1442.7917823962 0.9675 
1765 9811 1442.7917823962 0.9675 
1770 9838 1442.7917823962 0.9675 
1775 9864 1442.7917823962 0.9675 
1780 9895 1442.7917823962 0.9675 
1785 9924 1442.7917823962 0.9675 
1790 9951 1442.7917823962 0.9675 
1795 9977 1442.7917823962 0.9675 
1800 10004 1442.7917823962 0.9675 
