0 0 832.7575867448 0.0000 
5 14 544.3224509815 0.9638 
10 31 527.0322235044 0.9954 
15 48 524.6111466425 1.0000 
20 64 524.6111466425 1.0000 
25 80 524.6111466425 1.0000 
30 97 524.6111466425 1.0000 
35 113 524.6111466425 1.0000 
40 130 524.6111466425 1.0000 
45 146 524.6111466425 1.0000 
50 163 524.6111466425 1.0000 
55 180 524.6111466425 1.0000 
60 198 524.6111466425 1.0000 
65 215 524.6111466425 1.0000 
70 233 524.6111466425 1.0000 
75 252 524.6111466425 1.0000 
80 271 524.6111466425 1.0000 
85 290 524.6111466425 1.0000 
90 309 524.6111466425 1.0000 
95 330 524.6111466425 1.0000 
100 350 524.6111466425 1.0000 
105 372 524.6111466425 1.0000 
110 394 524.6111466425 1.0000 
115 417 524.6111466425 1.0000 
120 441 524.6111466425 1.0000 
125 467 524.6111466425 1.0000 
130 494 524.6111466425 1.0000 
135 522 524.6111466425 1.0000 
140 553 524.6111466425 1.0000 
145 585 524.6111466425 1.0000 
150 620 524.6111466425 1.0000 
155 659 524.6111466425 1.0000 
160 703 524.6111466425 1.0000 
165 757 524.6111466425 1.0000 
170 829 524.6111466425 1.0000 
175 1046 524.6111466425 1.0000 
180 1688 524.6111466425 1.0000 
185 2267 524.6111466425 1.0000 
190 2788 524.6111466425 1.0000 
195 3297 524.6111466425 1.0000 
200 3762 524.6111466425 1.0000 
205 4235 524.6111466425 1.0000 
210 4659 524.6111466425 1.0000 
215 5095 524.6111466425 1.0000 
220 5503 524.6111466425 1.0000 
225 5900 524.6111466425 1.0000 
230 6291 524.6111466425 1.0000 
235 6671 524.6111466425 1.0000 
240 7046 524.6111466425 1.0000 
245 7405 524.6111466425 1.0000 
250 7745 524.6111466425 1.0000 
255 8092 524.6111466425 1.0000 
260 8417 524.6111466425 1.0000 
265 8720 524.6111466425 1.0000 
270 9034 524.6111466425 1.0000 
275 9352 524.6111466425 1.0000 
280 9658 524.6111466425 1.0000 
285 9947 524.6111466425 1.0000 
290 10249 524.6111466425 1.0000 
295 10534 524.6111466425 1.0000 
300 10818 524.6111466425 1.0000 
305 11101 524.6111466425 1.0000 
310 11388 524.6111466425 1.0000 
315 11645 524.6111466425 1.0000 
320 11918 524.6111466425 1.0000 
325 12178 524.6111466425 1.0000 
330 12441 524.6111466425 1.0000 
335 12695 524.6111466425 1.0000 
340 12948 524.6111466425 1.0000 
345 13206 524.6111466425 1.0000 
350 13453 524.6111466425 1.0000 
355 13708 524.6111466425 1.0000 
360 13947 524.6111466425 1.0000 
365 14187 524.6111466425 1.0000 
370 14417 524.6111466425 1.0000 
375 14653 524.6111466425 1.0000 
380 14886 524.6111466425 1.0000 
385 15105 524.6111466425 1.0000 
390 15340 524.6111466425 1.0000 
395 15552 524.6111466425 1.0000 
400 15780 524.6111466425 1.0000 
405 15982 524.6111466425 1.0000 
410 16193 524.6111466425 1.0000 
415 16413 524.6111466425 1.0000 
420 16628 524.6111466425 1.0000 
425 16837 524.6111466425 1.0000 
430 17048 524.6111466425 1.0000 
435 17259 524.6111466425 1.0000 
440 17460 524.6111466425 1.0000 
445 17669 524.6111466425 1.0000 
450 17879 524.6111466425 1.0000 
455 18082 524.6111466425 1.0000 
460 18274 524.6111466425 1.0000 
465 18459 524.6111466425 1.0000 
470 18654 524.6111466425 1.0000 
475 18837 524.6111466425 1.0000 
480 19036 524.6111466425 1.0000 
485 19235 524.6111466425 1.0000 
490 19420 524.6111466425 1.0000 
495 19613 524.6111466425 1.0000 
500 19807 524.6111466425 1.0000 
505 20000 524.6111466425 1.0000 
510 20183 524.6111466425 1.0000 
515 20371 524.6111466425 1.0000 
520 20547 524.6111466425 1.0000 
525 20717 524.6111466425 1.0000 
530 20902 524.6111466425 1.0000 
535 21084 524.6111466425 1.0000 
540 21271 524.6111466425 1.0000 
545 21452 524.6111466425 1.0000 
550 21637 524.6111466425 1.0000 
555 21815 524.6111466425 1.0000 
560 21975 524.6111466425 1.0000 
565 22154 524.6111466425 1.0000 
570 22348 524.6111466425 1.0000 
575 22525 524.6111466425 1.0000 
580 22691 524.6111466425 1.0000 
585 22856 524.6111466425 1.0000 
590 23010 524.6111466425 1.0000 
595 23163 524.6111466425 1.0000 
600 23332 524.6111466425 1.0000 
605 23500 524.6111466425 1.0000 
610 23659 524.6111466425 1.0000 
615 23818 524.6111466425 1.0000 
620 23974 524.6111466425 1.0000 
625 24135 524.6111466425 1.0000 
630 24306 524.6111466425 1.0000 
635 24456 524.6111466425 1.0000 
640 24615 524.6111466425 1.0000 
645 24774 524.6111466425 1.0000 
650 24929 524.6111466425 1.0000 
655 25092 524.6111466425 1.0000 
660 25254 524.6111466425 1.0000 
665 25404 524.6111466425 1.0000 
670 25561 524.6111466425 1.0000 
675 25730 524.6111466425 1.0000 
680 25883 524.6111466425 1.0000 
685 26033 524.6111466425 1.0000 
690 26187 524.6111466425 1.0000 
695 26331 524.6111466425 1.0000 
700 26477 524.6111466425 1.0000 
705 26629 524.6111466425 1.0000 
710 26772 524.6111466425 1.0000 
715 26925 524.6111466425 1.0000 
720 27078 524.6111466425 1.0000 
725 27230 524.6111466425 1.0000 
730 27367 524.6111466425 1.0000 
735 27508 524.6111466425 1.0000 
740 27665 524.6111466425 1.0000 
745 27801 524.6111466425 1.0000 
750 27942 524.6111466425 1.0000 
755 28085 524.6111466425 1.0000 
760 28227 524.6111466425 1.0000 
765 28376 524.6111466425 1.0000 
770 28517 524.6111466425 1.0000 
775 28653 524.6111466425 1.0000 
780 28793 524.6111466425 1.0000 
785 28932 524.6111466425 1.0000 
790 29066 524.6111466425 1.0000 
795 29213 524.6111466425 1.0000 
800 29350 524.6111466425 1.0000 
805 29486 524.6111466425 1.0000 
810 29627 524.6111466425 1.0000 
815 29765 524.6111466425 1.0000 
820 29900 524.6111466425 1.0000 
825 30043 524.6111466425 1.0000 
830 30184 524.6111466425 1.0000 
835 30317 524.6111466425 1.0000 
840 30446 524.6111466425 1.0000 
845 30577 524.6111466425 1.0000 
850 30705 524.6111466425 1.0000 
855 30834 524.6111466425 1.0000 
860 30969 524.6111466425 1.0000 
865 31103 524.6111466425 1.0000 
870 31230 524.6111466425 1.0000 
875 31353 524.6111466425 1.0000 
880 31480 524.6111466425 1.0000 
885 31609 524.6111466425 1.0000 
890 31745 524.6111466425 1.0000 
895 31863 524.6111466425 1.0000 
900 31986 524.6111466425 1.0000 
905 32117 524.6111466425 1.0000 
910 32246 524.6111466425 1.0000 
915 32386 524.6111466425 1.0000 
920 32510 524.6111466425 1.0000 
925 32633 524.6111466425 1.0000 
930 32754 524.6111466425 1.0000 
935 32883 524.6111466425 1.0000 
940 33012 524.6111466425 1.0000 
945 33129 524.6111466425 1.0000 
950 33247 524.6111466425 1.0000 
955 33362 524.6111466425 1.0000 
960 33482 524.6111466425 1.0000 
965 33595 524.6111466425 1.0000 
970 33722 524.6111466425 1.0000 
975 33852 524.6111466425 1.0000 
980 33976 524.6111466425 1.0000 
985 34095 524.6111466425 1.0000 
990 34205 524.6111466425 1.0000 
995 34324 524.6111466425 1.0000 
1000 34443 524.6111466425 1.0000 
1005 34569 524.6111466425 1.0000 
1010 34703 524.6111466425 1.0000 
1015 34829 524.6111466425 1.0000 
1020 34947 524.6111466425 1.0000 
1025 35057 524.6111466425 1.0000 
1030 35178 524.6111466425 1.0000 
1035 35304 524.6111466425 1.0000 
1040 35420 524.6111466425 1.0000 
1045 35544 524.6111466425 1.0000 
1050 35663 524.6111466425 1.0000 
1055 35778 524.6111466425 1.0000 
1060 35904 524.6111466425 1.0000 
1065 36007 524.6111466425 1.0000 
1070 36126 524.6111466425 1.0000 
1075 36241 524.6111466425 1.0000 
1080 36359 524.6111466425 1.0000 
1085 36464 524.6111466425 1.0000 
1090 36572 524.6111466425 1.0000 
1095 36675 524.6111466425 1.0000 
1100 36790 524.6111466425 1.0000 
1105 36905 524.6111466425 1.0000 
1110 37020 524.6111466425 1.0000 
1115 37139 524.6111466425 1.0000 
1120 37249 524.6111466425 1.0000 
1125 37360 524.6111466425 1.0000 
1130 37481 524.6111466425 1.0000 
1135 37582 524.6111466425 1.0000 
1140 37692 524.6111466425 1.0000 
1145 37796 524.6111466425 1.0000 
1150 37905 524.6111466425 1.0000 
1155 38012 524.6111466425 1.0000 
1160 38117 524.6111466425 1.0000 
1165 38215 524.6111466425 1.0000 
1170 38322 524.6111466425 1.0000 
1175 38435 524.6111466425 1.0000 
1180 38551 524.6111466425 1.0000 
1185 38654 524.6111466425 1.0000 
1190 38763 524.6111466425 1.0000 
1195 38870 524.6111466425 1.0000 
1200 38976 524.6111466425 1.0000 
1205 39091 524.6111466425 1.0000 
1210 39189 524.6111466425 1.0000 
1215 39293 524.6111466425 1.0000 
1220 39398 524.6111466425 1.0000 
1225 39505 524.6111466425 1.0000 
1230 39615 524.6111466425 1.0000 
1235 39730 524.6111466425 1.0000 
1240 39836 524.6111466425 1.0000 
1245 39955 524.6111466425 1.0000 
1250 40062 524.6111466425 1.0000 
1255 40159 524.6111466425 1.0000 
1260 40258 524.6111466425 1.0000 
1265 40373 524.6111466425 1.0000 
1270 40479 524.6111466425 1.0000 
1275 40592 524.6111466425 1.0000 
1280 40703 524.6111466425 1.0000 
1285 40809 524.6111466425 1.0000 
1290 40921 524.6111466425 1.0000 
1295 41015 524.6111466425 1.0000 
1300 41122 524.6111466425 1.0000 
1305 41225 524.6111466425 1.0000 
1310 41321 524.6111466425 1.0000 
1315 41421 524.6111466425 1.0000 
1320 41523 524.6111466425 1.0000 
1325 41631 524.6111466425 1.0000 
1330 41734 524.6111466425 1.0000 
1335 41834 524.6111466425 1.0000 
1340 41932 524.6111466425 1.0000 
1345 42034 524.6111466425 1.0000 
1350 42138 524.6111466425 1.0000 
1355 42242 524.6111466425 1.0000 
1360 42336 524.6111466425 1.0000 
1365 42419 524.6111466425 1.0000 
1370 42511 524.6111466425 1.0000 
1375 42608 524.6111466425 1.0000 
1380 42707 524.6111466425 1.0000 
1385 42806 524.6111466425 1.0000 
1390 42908 524.6111466425 1.0000 
1395 43009 524.6111466425 1.0000 
1400 43109 524.6111466425 1.0000 
1405 43228 524.6111466425 1.0000 
1410 43332 524.6111466425 1.0000 
1415 43434 524.6111466425 1.0000 
1420 43532 524.6111466425 1.0000 
1425 43640 524.6111466425 1.0000 
1430 43739 524.6111466425 1.0000 
1435 43845 524.6111466425 1.0000 
1440 43958 524.6111466425 1.0000 
1445 44050 524.6111466425 1.0000 
1450 44146 524.6111466425 1.0000 
1455 44249 524.6111466425 1.0000 
1460 44359 524.6111466425 1.0000 
1465 44459 524.6111466425 1.0000 
1470 44554 524.6111466425 1.0000 
1475 44655 524.6111466425 1.0000 
1480 44759 524.6111466425 1.0000 
1485 44854 524.6111466425 1.0000 
1490 44955 524.6111466425 1.0000 
1495 45050 524.6111466425 1.0000 
1500 45145 524.6111466425 1.0000 
