0 0 1119.8960542767 0.0000 
5 9 1119.8960542767 0.0000 
10 17 1119.8960542767 0.0000 
15 26 904.3993976238 0.9236 
20 34 899.5955469493 0.9285 
25 43 891.4938103619 0.9369 
30 52 891.4938103619 0.9369 
35 60 868.3168811859 0.9619 
40 69 868.3168811859 0.9619 
45 78 868.1189186350 0.9621 
50 87 868.1189186350 0.9621 
55 96 868.1189186350 0.9621 
60 105 856.5971096991 0.9751 
65 114 851.0186759288 0.9815 
70 123 851.0186759288 0.9815 
75 133 851.0186759288 0.9815 
80 142 851.0186759288 0.9815 
85 151 851.0186759288 0.9815 
90 161 851.0186759288 0.9815 
95 171 851.0186759288 0.9815 
100 181 851.0186759288 0.9815 
105 190 851.0186759288 0.9815 
110 201 850.3347564243 0.9823 
115 211 850.3347564243 0.9823 
120 221 850.3347564243 0.9823 
125 231 850.3347564243 0.9823 
130 242 849.0363580612 0.9838 
135 252 848.8443319954 0.9840 
140 263 848.5467457025 0.9843 
145 274 848.5467457025 0.9843 
150 286 848.5467457025 0.9843 
155 297 848.5467457025 0.9843 
160 308 848.5467457025 0.9843 
165 320 848.5467457025 0.9843 
170 332 848.5467457025 0.9843 
175 344 848.5467457025 0.9843 
180 357 848.5467457025 0.9843 
185 369 848.5467457025 0.9843 
190 382 848.5467457025 0.9843 
195 395 843.3444883607 0.9904 
200 409 843.3444883607 0.9904 
205 422 842.4041967848 0.9915 
210 437 842.2328403504 0.9917 
215 451 842.2328403504 0.9917 
220 466 842.2328403504 0.9917 
225 481 842.2328403504 0.9917 
230 497 842.2328403504 0.9917 
235 513 842.2328403504 0.9917 
240 530 842.2328403504 0.9917 
245 548 842.2328403504 0.9917 
250 566 842.2328403504 0.9917 
255 585 842.2328403504 0.9917 
260 605 842.2328403504 0.9917 
265 626 842.2328403504 0.9917 
270 648 842.2328403504 0.9917 
275 672 842.2328403504 0.9917 
280 698 842.2328403504 0.9917 
285 726 842.2328403504 0.9917 
290 757 842.2328403504 0.9917 
295 793 842.2328403504 0.9917 
300 839 842.2328403504 0.9917 
305 906 842.2328403504 0.9917 
310 1200 840.9189219219 0.9933 
315 1597 840.9189219219 0.9933 
320 2005 840.9189219219 0.9933 
325 2375 840.9189219219 0.9933 
330 2721 840.9189219219 0.9933 
335 3069 840.9189219219 0.9933 
340 3399 840.9189219219 0.9933 
345 3712 840.9189219219 0.9933 
350 4023 840.9189219219 0.9933 
355 4330 840.9189219219 0.9933 
360 4620 840.9189219219 0.9933 
365 4895 840.9189219219 0.9933 
370 5173 840.9189219219 0.9933 
375 5430 840.9189219219 0.9933 
380 5688 840.9189219219 0.9933 
385 5942 840.9189219219 0.9933 
390 6196 840.9189219219 0.9933 
395 6440 840.9189219219 0.9933 
400 6689 840.9189219219 0.9933 
405 6931 840.9189219219 0.9933 
410 7175 840.9189219219 0.9933 
415 7399 840.9189219219 0.9933 
420 7620 840.9189219219 0.9933 
425 7836 840.9189219219 0.9933 
430 8058 840.9189219219 0.9933 
435 8277 840.9189219219 0.9933 
440 8477 840.9189219219 0.9933 
445 8727 836.1829637071 0.9989 
450 9123 836.1829637071 0.9989 
455 9526 836.1829637071 0.9989 
460 9879 836.1829637071 0.9989 
465 10212 836.1829637071 0.9989 
470 10541 836.1829637071 0.9989 
475 10857 836.1829637071 0.9989 
480 11159 836.1829637071 0.9989 
485 11460 836.1829637071 0.9989 
490 11738 836.1829637071 0.9989 
495 12002 836.1829637071 0.9989 
500 12276 836.1829637071 0.9989 
505 12534 836.1829637071 0.9989 
510 12791 836.1829637071 0.9989 
515 13041 836.1829637071 0.9989 
520 13292 836.1829637071 0.9989 
525 13529 836.1829637071 0.9989 
530 13759 836.1829637071 0.9989 
535 13976 836.1829637071 0.9989 
540 14200 836.1829637071 0.9989 
545 14428 836.1829637071 0.9989 
550 14648 836.1829637071 0.9989 
555 14857 836.1829637071 0.9989 
560 15074 836.1829637071 0.9989 
565 15284 836.1829637071 0.9989 
570 15495 836.1829637071 0.9989 
575 15711 836.1829637071 0.9989 
580 15912 836.1829637071 0.9989 
585 16115 836.1829637071 0.9989 
590 16321 836.1829637071 0.9989 
595 16524 836.1829637071 0.9989 
600 16705 836.1829637071 0.9989 
605 16889 836.1829637071 0.9989 
610 17069 836.1829637071 0.9989 
615 17241 836.1829637071 0.9989 
620 17432 836.1829637071 0.9989 
625 17613 836.1829637071 0.9989 
630 17786 836.1829637071 0.9989 
635 17969 836.1829637071 0.9989 
640 18133 836.1829637071 0.9989 
645 18297 836.1829637071 0.9989 
650 18465 836.1829637071 0.9989 
655 18637 836.1829637071 0.9989 
660 18799 836.1829637071 0.9989 
665 18947 836.1829637071 0.9989 
670 19103 836.1829637071 0.9989 
675 19252 836.1829637071 0.9989 
680 19411 836.1829637071 0.9989 
685 19593 836.1829637071 0.9989 
690 19751 836.1829637071 0.9989 
695 19892 836.1829637071 0.9989 
700 20051 836.1829637071 0.9989 
705 20198 836.1829637071 0.9989 
710 20357 836.1829637071 0.9989 
715 20506 836.1829637071 0.9989 
720 20654 836.1829637071 0.9989 
725 20799 836.1829637071 0.9989 
730 20948 836.1829637071 0.9989 
735 21095 836.1829637071 0.9989 
740 21221 836.1829637071 0.9989 
745 21365 836.1829637071 0.9989 
750 21509 836.1829637071 0.9989 
755 21657 836.1829637071 0.9989 
760 21796 836.1829637071 0.9989 
765 21917 836.1829637071 0.9989 
770 22041 836.1829637071 0.9989 
775 22188 836.1829637071 0.9989 
780 22312 836.1829637071 0.9989 
785 22448 836.1829637071 0.9989 
790 22583 836.1829637071 0.9989 
795 22716 836.1829637071 0.9989 
800 22855 836.1829637071 0.9989 
805 22989 836.1829637071 0.9989 
810 23117 836.1829637071 0.9989 
815 23239 836.1829637071 0.9989 
820 23360 836.1829637071 0.9989 
825 23480 836.1829637071 0.9989 
830 23612 836.1829637071 0.9989 
835 23746 836.1829637071 0.9989 
840 23874 836.1829637071 0.9989 
845 24004 836.1829637071 0.9989 
850 24137 836.1829637071 0.9989 
855 24264 836.1829637071 0.9989 
860 24379 836.1829637071 0.9989 
865 24502 836.1829637071 0.9989 
870 24625 836.1829637071 0.9989 
875 24756 836.1829637071 0.9989 
880 24875 836.1829637071 0.9989 
885 25004 836.1829637071 0.9989 
890 25111 836.1829637071 0.9989 
895 25231 836.1829637071 0.9989 
900 25344 836.1829637071 0.9989 
905 25457 836.1829637071 0.9989 
910 25569 836.1829637071 0.9989 
915 25677 836.1829637071 0.9989 
920 25785 836.1829637071 0.9989 
925 25897 836.1829637071 0.9989 
930 26013 836.1829637071 0.9989 
935 26122 836.1829637071 0.9989 
940 26230 836.1829637071 0.9989 
945 26351 836.1829637071 0.9989 
950 26468 836.1829637071 0.9989 
955 26583 836.1829637071 0.9989 
960 26703 836.1829637071 0.9989 
965 26819 836.1829637071 0.9989 
970 26927 836.1829637071 0.9989 
975 27023 836.1829637071 0.9989 
980 27151 836.1829637071 0.9989 
985 27249 836.1829637071 0.9989 
990 27357 836.1829637071 0.9989 
995 27467 836.1829637071 0.9989 
1000 27589 836.1829637071 0.9989 
1005 27709 836.1829637071 0.9989 
1010 27822 836.1829637071 0.9989 
1015 27933 836.1829637071 0.9989 
1020 28032 836.1829637071 0.9989 
1025 28131 836.1829637071 0.9989 
1030 28245 836.1829637071 0.9989 
1035 28359 836.1829637071 0.9989 
1040 28481 836.1829637071 0.9989 
1045 28591 836.1829637071 0.9989 
1050 28688 836.1829637071 0.9989 
1055 28794 836.1829637071 0.9989 
1060 28893 836.1829637071 0.9989 
1065 28989 836.1829637071 0.9989 
1070 29095 836.1829637071 0.9989 
1075 29203 836.1829637071 0.9989 
1080 29300 836.1829637071 0.9989 
1085 29409 836.1829637071 0.9989 
1090 29518 836.1829637071 0.9989 
1095 29605 836.1829637071 0.9989 
1100 29712 836.1829637071 0.9989 
1105 29810 836.1829637071 0.9989 
1110 29915 836.1829637071 0.9989 
1115 30016 836.1829637071 0.9989 
1120 30121 836.1829637071 0.9989 
1125 30215 836.1829637071 0.9989 
1130 30323 836.1829637071 0.9989 
1135 30422 836.1829637071 0.9989 
1140 30530 836.1829637071 0.9989 
1145 30617 836.1829637071 0.9989 
1150 30715 836.1829637071 0.9989 
1155 30804 836.1829637071 0.9989 
1160 30901 836.1829637071 0.9989 
1165 30994 836.1829637071 0.9989 
1170 31089 836.1829637071 0.9989 
1175 31193 836.1829637071 0.9989 
1180 31287 836.1829637071 0.9989 
1185 31383 836.1829637071 0.9989 
1190 31477 836.1829637071 0.9989 
1195 31572 836.1829637071 0.9989 
1200 31669 836.1829637071 0.9989 
1205 31761 836.1829637071 0.9989 
1210 31847 836.1829637071 0.9989 
1215 31938 836.1829637071 0.9989 
1220 32030 836.1829637071 0.9989 
1225 32116 836.1829637071 0.9989 
1230 32201 836.1829637071 0.9989 
1235 32284 836.1829637071 0.9989 
1240 32370 836.1829637071 0.9989 
1245 32465 836.1829637071 0.9989 
1250 32556 836.1829637071 0.9989 
1255 32646 836.1829637071 0.9989 
1260 32738 836.1829637071 0.9989 
1265 32823 836.1829637071 0.9989 
1270 32905 836.1829637071 0.9989 
1275 33002 836.1829637071 0.9989 
1280 33098 836.1829637071 0.9989 
1285 33182 836.1829637071 0.9989 
1290 33274 836.1829637071 0.9989 
1295 33372 836.1829637071 0.9989 
1300 33453 836.1829637071 0.9989 
1305 33531 836.1829637071 0.9989 
1310 33623 836.1829637071 0.9989 
1315 33712 836.1829637071 0.9989 
1320 33813 836.1829637071 0.9989 
1325 33900 836.1829637071 0.9989 
1330 33987 836.1829637071 0.9989 
1335 34072 836.1829637071 0.9989 
1340 34157 836.1829637071 0.9989 
1345 34237 836.1829637071 0.9989 
1350 34311 836.1829637071 0.9989 
1355 34396 836.1829637071 0.9989 
1360 34482 836.1829637071 0.9989 
1365 34562 836.1829637071 0.9989 
1370 34659 836.1829637071 0.9989 
1375 34732 836.1829637071 0.9989 
1380 34818 836.1829637071 0.9989 
1385 34898 836.1829637071 0.9989 
1390 34985 836.1829637071 0.9989 
1395 35064 836.1829637071 0.9989 
1400 35141 836.1829637071 0.9989 
1405 35240 836.1829637071 0.9989 
1410 35317 836.1829637071 0.9989 
1415 35403 836.1829637071 0.9989 
1420 35497 836.1829637071 0.9989 
1425 35576 836.1829637071 0.9989 
1430 35651 836.1829637071 0.9989 
1435 35732 836.1829637071 0.9989 
1440 35820 836.1829637071 0.9989 
1445 35902 836.1829637071 0.9989 
1450 35980 836.1829637071 0.9989 
1455 36067 836.1829637071 0.9989 
1460 36145 836.1829637071 0.9989 
1465 36227 836.1829637071 0.9989 
1470 36310 836.1829637071 0.9989 
1475 36403 836.1829637071 0.9989 
1480 36476 836.1829637071 0.9989 
1485 36556 836.1829637071 0.9989 
1490 36635 836.1829637071 0.9989 
1495 36715 836.1829637071 0.9989 
1500 36804 836.1829637071 0.9989 
