0 0 1216.0592858652 0.0000 
5 4 1080.6887384433 0.7645 
10 8 938.9584501940 0.8798 
15 12 890.9856335403 0.9272 
20 16 858.7493232450 0.9620 
25 20 847.1561749266 0.9752 
30 24 845.0277391615 0.9776 
35 27 843.7281414677 0.9792 
40 31 836.0018379499 0.9882 
45 35 831.4743420621 0.9936 
50 39 831.2965408265 0.9938 
55 42 831.2069045076 0.9939 
60 46 831.2069045076 0.9939 
65 50 831.2069045076 0.9939 
70 54 831.2069045076 0.9939 
75 58 831.1294128955 0.9940 
80 62 831.1294128955 0.9940 
85 65 831.1294128955 0.9940 
90 69 831.1294128955 0.9940 
95 73 829.5356804376 0.9959 
100 77 829.4397299846 0.9960 
105 81 829.4397299846 0.9960 
110 85 829.4397299846 0.9960 
115 88 829.4397299846 0.9960 
120 92 829.4397299846 0.9960 
125 96 829.4397299846 0.9960 
130 100 829.4397299846 0.9960 
135 104 829.4397299846 0.9960 
140 108 829.4397299846 0.9960 
145 112 829.4397299846 0.9960 
150 116 829.4397299846 0.9960 
155 120 829.4397299846 0.9960 
160 124 829.4397299846 0.9960 
165 128 829.4397299846 0.9960 
170 132 829.4397299846 0.9960 
175 136 829.4397299846 0.9960 
180 140 829.4397299846 0.9960 
185 144 829.4397299846 0.9960 
190 148 829.4397299846 0.9960 
195 152 829.4397299846 0.9960 
200 156 829.4397299846 0.9960 
205 160 829.4397299846 0.9960 
210 165 829.4397299846 0.9960 
215 169 829.4397299846 0.9960 
220 173 829.4397299846 0.9960 
225 177 829.4397299846 0.9960 
230 182 829.4397299846 0.9960 
235 186 829.4397299846 0.9960 
240 190 829.4397299846 0.9960 
245 194 829.4397299846 0.9960 
250 199 829.4397299846 0.9960 
255 203 829.4397299846 0.9960 
260 208 829.4397299846 0.9960 
265 212 829.4397299846 0.9960 
270 216 829.4397299846 0.9960 
275 221 829.4397299846 0.9960 
280 225 829.4397299846 0.9960 
285 230 829.4397299846 0.9960 
290 234 829.4397299846 0.9960 
295 239 829.4397299846 0.9960 
300 243 829.4397299846 0.9960 
305 248 829.4397299846 0.9960 
310 252 829.4397299846 0.9960 
315 257 829.4397299846 0.9960 
320 262 829.4397299846 0.9960 
325 266 829.4397299846 0.9960 
330 271 829.4397299846 0.9960 
335 276 829.4397299846 0.9960 
340 280 829.4397299846 0.9960 
345 285 829.4397299846 0.9960 
350 290 829.4397299846 0.9960 
355 295 829.4397299846 0.9960 
360 300 829.4397299846 0.9960 
365 305 829.4397299846 0.9960 
370 310 829.4397299846 0.9960 
375 315 829.4397299846 0.9960 
380 320 829.4397299846 0.9960 
385 325 829.4397299846 0.9960 
390 330 827.3926056185 0.9985 
395 336 827.3926056185 0.9985 
400 341 827.3926056185 0.9985 
405 346 827.3926056185 0.9985 
410 351 827.3926056185 0.9985 
415 357 827.3926056185 0.9985 
420 362 827.3926056185 0.9985 
425 367 827.3926056185 0.9985 
430 373 827.3926056185 0.9985 
435 378 827.3926056185 0.9985 
440 384 827.3926056185 0.9985 
445 390 827.3926056185 0.9985 
450 396 827.3926056185 0.9985 
455 401 827.3926056185 0.9985 
460 407 827.3926056185 0.9985 
465 413 827.3926056185 0.9985 
470 419 827.3926056185 0.9985 
475 425 827.3926056185 0.9985 
480 431 827.3926056185 0.9985 
485 437 827.3926056185 0.9985 
490 443 827.3926056185 0.9985 
495 450 827.3926056185 0.9985 
500 456 827.3926056185 0.9985 
505 462 827.3926056185 0.9985 
510 469 827.3926056185 0.9985 
515 475 827.3926056185 0.9985 
520 482 827.3926056185 0.9985 
525 489 827.3926056185 0.9985 
530 495 827.3926056185 0.9985 
535 502 827.3926056185 0.9985 
540 509 827.3926056185 0.9985 
545 516 827.3926056185 0.9985 
550 524 827.3926056185 0.9985 
555 531 827.3926056185 0.9985 
560 538 827.3926056185 0.9985 
565 546 827.3926056185 0.9985 
570 554 827.3926056185 0.9985 
575 562 827.3926056185 0.9985 
580 570 827.3926056185 0.9985 
585 578 827.3926056185 0.9985 
590 586 827.3926056185 0.9985 
595 595 827.3926056185 0.9985 
600 604 827.3926056185 0.9985 
605 613 827.3926056185 0.9985 
610 621 827.3926056185 0.9985 
615 631 827.3926056185 0.9985 
620 640 827.3926056185 0.9985 
625 650 827.3926056185 0.9985 
630 660 827.3926056185 0.9985 
635 671 827.3926056185 0.9985 
640 681 827.3926056185 0.9985 
645 693 827.3926056185 0.9985 
650 704 827.3926056185 0.9985 
655 716 827.3926056185 0.9985 
660 729 827.3926056185 0.9985 
665 742 827.3926056185 0.9985 
670 756 827.3926056185 0.9985 
675 771 827.3926056185 0.9985 
680 787 827.3926056185 0.9985 
685 803 827.3926056185 0.9985 
690 823 827.3926056185 0.9985 
695 844 827.3926056185 0.9985 
700 869 827.3926056185 0.9985 
705 900 827.3926056185 0.9985 
710 951 827.3926056185 0.9985 
715 1112 827.3926056185 0.9985 
720 1283 827.3926056185 0.9985 
725 1432 827.3926056185 0.9985 
730 1561 827.3926056185 0.9985 
735 1696 827.3926056185 0.9985 
740 1828 827.3926056185 0.9985 
745 1962 827.3926056185 0.9985 
750 2096 827.3926056185 0.9985 
755 2234 827.3926056185 0.9985 
760 2363 827.3926056185 0.9985 
765 2483 827.3926056185 0.9985 
770 2604 827.3926056185 0.9985 
775 2720 827.3926056185 0.9985 
780 2838 827.3926056185 0.9985 
785 2956 827.3926056185 0.9985 
790 3072 827.3926056185 0.9985 
795 3194 827.3926056185 0.9985 
800 3314 827.3926056185 0.9985 
805 3425 827.3926056185 0.9985 
810 3532 827.3926056185 0.9985 
815 3645 827.3926056185 0.9985 
820 3748 827.3926056185 0.9985 
825 3855 827.3926056185 0.9985 
830 3967 827.3926056185 0.9985 
835 4075 827.3926056185 0.9985 
840 4182 827.3926056185 0.9985 
845 4295 827.3926056185 0.9985 
850 4398 827.3926056185 0.9985 
855 4496 827.3926056185 0.9985 
860 4590 827.3926056185 0.9985 
865 4687 827.3926056185 0.9985 
870 4785 827.3926056185 0.9985 
875 4886 827.3926056185 0.9985 
880 4983 827.3926056185 0.9985 
885 5077 827.3926056185 0.9985 
890 5176 827.3926056185 0.9985 
895 5275 827.3926056185 0.9985 
900 5375 827.3926056185 0.9985 
905 5462 827.3926056185 0.9985 
910 5548 827.3926056185 0.9985 
915 5634 827.3926056185 0.9985 
920 5728 827.3926056185 0.9985 
925 5823 827.3926056185 0.9985 
930 5908 827.3926056185 0.9985 
935 5994 827.3926056185 0.9985 
940 6082 827.3926056185 0.9985 
945 6169 827.3926056185 0.9985 
950 6262 827.3926056185 0.9985 
955 6349 827.3926056185 0.9985 
960 6423 827.3926056185 0.9985 
965 6508 827.3926056185 0.9985 
970 6593 827.3926056185 0.9985 
975 6674 827.3926056185 0.9985 
980 6759 827.3926056185 0.9985 
985 6840 827.3926056185 0.9985 
990 6921 827.3926056185 0.9985 
995 7002 827.3926056185 0.9985 
1000 7085 827.3926056185 0.9985 
1005 7171 827.3926056185 0.9985 
1010 7248 827.3926056185 0.9985 
1015 7329 827.3926056185 0.9985 
1020 7404 827.3926056185 0.9985 
1025 7485 827.3926056185 0.9985 
1030 7557 827.3926056185 0.9985 
1035 7630 827.3926056185 0.9985 
1040 7709 827.3926056185 0.9985 
1045 7785 827.3926056185 0.9985 
1050 7865 827.3926056185 0.9985 
1055 7940 827.3926056185 0.9985 
1060 8020 827.3926056185 0.9985 
1065 8090 827.3926056185 0.9985 
1070 8164 827.3926056185 0.9985 
1075 8234 827.3926056185 0.9985 
1080 8318 827.3926056185 0.9985 
1085 8392 827.3926056185 0.9985 
1090 8461 827.3926056185 0.9985 
1095 8542 827.3926056185 0.9985 
1100 8610 827.3926056185 0.9985 
1105 8680 827.3926056185 0.9985 
1110 8752 827.3926056185 0.9985 
1115 8819 827.3926056185 0.9985 
1120 8888 827.3926056185 0.9985 
1125 8955 827.3926056185 0.9985 
1130 9027 827.3926056185 0.9985 
1135 9092 827.3926056185 0.9985 
1140 9168 827.3926056185 0.9985 
1145 9239 827.3926056185 0.9985 
1150 9314 827.3926056185 0.9985 
1155 9379 827.3926056185 0.9985 
1160 9441 827.3926056185 0.9985 
1165 9507 827.3926056185 0.9985 
1170 9578 827.3926056185 0.9985 
1175 9645 827.3926056185 0.9985 
1180 9711 827.3926056185 0.9985 
1185 9778 827.3926056185 0.9985 
1190 9841 827.3926056185 0.9985 
1195 9913 827.3926056185 0.9985 
1200 9974 827.3926056185 0.9985 
1205 10047 827.3926056185 0.9985 
1210 10106 827.3926056185 0.9985 
1215 10168 827.3926056185 0.9985 
1220 10229 827.3926056185 0.9985 
1225 10305 827.3926056185 0.9985 
1230 10369 827.3926056185 0.9985 
1235 10430 827.3926056185 0.9985 
1240 10495 827.3926056185 0.9985 
1245 10569 827.3926056185 0.9985 
1250 10628 827.3926056185 0.9985 
1255 10696 827.3926056185 0.9985 
1260 10756 827.3926056185 0.9985 
1265 10817 827.3926056185 0.9985 
1270 10878 827.3926056185 0.9985 
1275 10947 827.3926056185 0.9985 
1280 11008 827.3926056185 0.9985 
1285 11078 827.3926056185 0.9985 
1290 11139 827.3926056185 0.9985 
1295 11204 827.3926056185 0.9985 
1300 11275 827.3926056185 0.9985 
1305 11334 827.3926056185 0.9985 
1310 11395 827.3926056185 0.9985 
1315 11458 827.3926056185 0.9985 
1320 11529 827.3926056185 0.9985 
1325 11599 827.3926056185 0.9985 
1330 11657 827.3926056185 0.9985 
1335 11715 827.3926056185 0.9985 
1340 11772 827.3926056185 0.9985 
1345 11831 827.3926056185 0.9985 
1350 11895 827.3926056185 0.9985 
1355 11954 827.3926056185 0.9985 
1360 12008 827.3926056185 0.9985 
1365 12066 827.3926056185 0.9985 
1370 12125 827.3926056185 0.9985 
1375 12187 827.3926056185 0.9985 
1380 12250 827.3926056185 0.9985 
1385 12318 827.3926056185 0.9985 
1390 12376 827.3926056185 0.9985 
1395 12431 827.3926056185 0.9985 
1400 12492 827.3926056185 0.9985 
1405 12546 827.3926056185 0.9985 
1410 12601 827.3926056185 0.9985 
1415 12657 827.3926056185 0.9985 
1420 12715 827.3926056185 0.9985 
1425 12774 827.3926056185 0.9985 
1430 12829 827.3926056185 0.9985 
1435 12893 827.3926056185 0.9985 
1440 12958 827.3926056185 0.9985 
1445 13025 827.3926056185 0.9985 
1450 13083 827.3926056185 0.9985 
1455 13133 827.3926056185 0.9985 
1460 13192 827.3926056185 0.9985 
1465 13248 827.3926056185 0.9985 
1470 13313 827.3926056185 0.9985 
1475 13368 827.3926056185 0.9985 
1480 13422 827.3926056185 0.9985 
1485 13474 827.3926056185 0.9985 
1490 13532 827.3926056185 0.9985 
1495 13578 827.3926056185 0.9985 
1500 13635 827.3926056185 0.9985 
