0 0 1655.9101550407 0.0000 
5 2 1655.9101550407 0.0000 
10 3 1655.9101550407 0.0000 
15 5 1655.9101550407 0.0000 
20 6 1655.9101550407 0.0000 
25 8 1320.5123882456 0.7788 
30 9 1320.5123882456 0.7788 
35 10 1320.5123882456 0.7788 
40 12 1320.5123882456 0.7788 
45 13 1320.5123882456 0.7788 
50 15 1320.5123882456 0.7788 
55 16 1320.5123882456 0.7788 
60 18 1320.5123882456 0.7788 
65 19 1320.5123882456 0.7788 
70 20 1320.5123882456 0.7788 
75 22 1320.5123882456 0.7788 
80 23 1115.5825526548 0.9219 
85 25 1112.0898773368 0.9248 
90 26 1112.0898773368 0.9248 
95 28 1101.0462084310 0.9340 
100 29 1101.0462084310 0.9340 
105 31 1100.0050916854 0.9349 
110 32 1098.1635373534 0.9365 
115 34 1098.1635373534 0.9365 
120 35 1098.1635373534 0.9365 
125 37 1094.8555093216 0.9393 
130 38 1094.8555093216 0.9393 
135 39 1093.3755914764 0.9406 
140 41 1090.1226547998 0.9434 
145 42 1090.1226547998 0.9434 
150 44 1089.9706899712 0.9435 
155 45 1085.5740734517 0.9474 
160 47 1085.1015392000 0.9478 
165 48 1085.1015392000 0.9478 
170 50 1083.8792610550 0.9488 
175 51 1083.6959354016 0.9490 
180 53 1083.5752946318 0.9491 
185 54 1079.4453013347 0.9527 
190 56 1079.4453013347 0.9527 
195 57 1076.8405993191 0.9550 
200 58 1076.1877252988 0.9556 
205 60 1076.1877252988 0.9556 
210 61 1076.1877252988 0.9556 
215 63 1076.1877252988 0.9556 
220 64 1076.1599862213 0.9556 
225 66 1075.1933651542 0.9565 
230 67 1075.1933651542 0.9565 
235 69 1073.4805045712 0.9580 
240 70 1072.5227183649 0.9589 
245 72 1072.5227183649 0.9589 
250 73 1072.5227183649 0.9589 
255 75 1072.5227183649 0.9589 
260 76 1070.3767876269 0.9608 
265 78 1070.3767876269 0.9608 
270 79 1070.1849227741 0.9610 
275 81 1069.0869689847 0.9620 
280 83 1067.4375534674 0.9634 
285 84 1067.4375534674 0.9634 
290 86 1067.4375534674 0.9634 
295 87 1067.4375534674 0.9634 
300 89 1066.1477348253 0.9646 
305 90 1066.1477348253 0.9646 
310 92 1064.1991536490 0.9664 
315 93 1064.1991536490 0.9664 
320 95 1064.1991536490 0.9664 
325 96 1064.1991536490 0.9664 
330 98 1064.1991536490 0.9664 
335 99 1064.1991536490 0.9664 
340 101 1064.1991536490 0.9664 
345 102 1064.1991536490 0.9664 
350 104 1063.3310527745 0.9672 
355 106 1063.3310527745 0.9672 
360 107 1063.3310527745 0.9672 
365 109 1062.8242440938 0.9676 
370 110 1061.8758503617 0.9685 
375 112 1061.8688716248 0.9685 
380 113 1061.8688716248 0.9685 
385 115 1061.6003002645 0.9687 
390 116 1061.6003002645 0.9687 
395 118 1061.5806614413 0.9688 
400 120 1061.5806614413 0.9688 
405 121 1061.5806614413 0.9688 
410 123 1061.5806614413 0.9688 
415 124 1061.5806614413 0.9688 
420 126 1061.5806614413 0.9688 
425 127 1061.5806614413 0.9688 
430 129 1061.5806614413 0.9688 
435 131 1061.3601093206 0.9690 
440 132 1061.3601093206 0.9690 
445 134 1060.9678216336 0.9693 
450 135 1060.9678216336 0.9693 
455 137 1060.9678216336 0.9693 
460 138 1060.9678216336 0.9693 
465 140 1060.4168730382 0.9698 
470 142 1060.4168730382 0.9698 
475 143 1060.4168730382 0.9698 
480 145 1060.3964956859 0.9698 
485 146 1060.3964956859 0.9698 
490 148 1060.3964956859 0.9698 
495 150 1060.3964956859 0.9698 
500 151 1060.3964956859 0.9698 
505 153 1060.3964956859 0.9698 
510 155 1060.0215380920 0.9702 
515 156 1060.0215380920 0.9702 
520 158 1060.0215380920 0.9702 
525 160 1060.0215380920 0.9702 
530 161 1060.0215380920 0.9702 
535 163 1060.0130071041 0.9702 
540 164 1059.0276799374 0.9711 
545 166 1059.0276799374 0.9711 
550 168 1059.0276799374 0.9711 
555 169 1059.0276799374 0.9711 
560 171 1059.0276799374 0.9711 
565 173 1058.9194923486 0.9712 
570 174 1058.9194923486 0.9712 
575 176 1058.9194923486 0.9712 
580 178 1058.9194923486 0.9712 
585 179 1058.9194923486 0.9712 
590 181 1058.9194923486 0.9712 
595 183 1058.9194923486 0.9712 
600 184 1058.9194923486 0.9712 
605 186 1058.9194923486 0.9712 
610 188 1058.9194923486 0.9712 
615 189 1058.9194923486 0.9712 
620 191 1058.9194923486 0.9712 
625 193 1058.9194923486 0.9712 
630 195 1058.9194923486 0.9712 
635 196 1058.9194923486 0.9712 
640 198 1058.9194923486 0.9712 
645 200 1058.8928655664 0.9712 
650 201 1058.8928655664 0.9712 
655 203 1058.8928655664 0.9712 
660 205 1058.8928655664 0.9712 
665 206 1058.8928655664 0.9712 
670 208 1058.8928655664 0.9712 
675 210 1058.5601409108 0.9715 
680 212 1058.3225468844 0.9717 
685 213 1057.9845889246 0.9721 
690 215 1057.9845889246 0.9721 
695 217 1057.9845889246 0.9721 
700 219 1057.9626593212 0.9721 
705 220 1057.9626593212 0.9721 
710 222 1057.9626593212 0.9721 
715 224 1057.9626593212 0.9721 
720 226 1057.8729349442 0.9722 
725 228 1057.8729349442 0.9722 
730 229 1057.8729349442 0.9722 
735 231 1057.8729349442 0.9722 
740 233 1057.8531905313 0.9722 
745 235 1057.8531905313 0.9722 
750 236 1057.8531905313 0.9722 
755 238 1057.8531905313 0.9722 
760 240 1057.8531905313 0.9722 
765 242 1057.8531905313 0.9722 
770 244 1057.8531905313 0.9722 
775 245 1057.8531905313 0.9722 
780 247 1056.4445903994 0.9735 
785 249 1056.4445903994 0.9735 
790 251 1056.4445903994 0.9735 
795 253 1056.4445903994 0.9735 
800 255 1056.4445903994 0.9735 
805 256 1056.4445903994 0.9735 
810 258 1056.4445903994 0.9735 
815 260 1056.4445903994 0.9735 
820 262 1056.4445903994 0.9735 
825 264 1056.4445903994 0.9735 
830 266 1056.4445903994 0.9735 
835 268 1056.4445903994 0.9735 
840 269 1056.4445903994 0.9735 
845 271 1056.4445903994 0.9735 
850 273 1056.4445903994 0.9735 
855 275 1056.4445903994 0.9735 
860 277 1056.4445903994 0.9735 
865 279 1056.4445903994 0.9735 
870 281 1056.4445903994 0.9735 
875 283 1056.4445903994 0.9735 
880 285 1056.4445903994 0.9735 
885 286 1056.4445903994 0.9735 
890 288 1056.4445903994 0.9735 
895 290 1056.4445903994 0.9735 
900 292 1056.4445903994 0.9735 
905 294 1056.4445903994 0.9735 
910 296 1056.4445903994 0.9735 
915 298 1056.4445903994 0.9735 
920 300 1056.4445903994 0.9735 
925 302 1056.4445903994 0.9735 
930 304 1056.4445903994 0.9735 
935 306 1056.4445903994 0.9735 
940 308 1056.4445903994 0.9735 
945 310 1056.4445903994 0.9735 
950 312 1056.4445903994 0.9735 
955 314 1056.4445903994 0.9735 
960 316 1056.4445903994 0.9735 
965 318 1056.4445903994 0.9735 
970 320 1056.4445903994 0.9735 
975 322 1056.4445903994 0.9735 
980 324 1056.4445903994 0.9735 
985 326 1056.4445903994 0.9735 
990 328 1056.4445903994 0.9735 
995 330 1056.4445903994 0.9735 
1000 332 1055.5027749726 0.9743 
1005 334 1055.5027749726 0.9743 
1010 336 1054.9938535964 0.9748 
1015 338 1054.9938535964 0.9748 
1020 340 1054.9938535964 0.9748 
1025 342 1054.9938535964 0.9748 
1030 345 1054.9938535964 0.9748 
1035 347 1054.9938535964 0.9748 
1040 349 1054.9938535964 0.9748 
1045 351 1054.9938535964 0.9748 
1050 353 1054.9938535964 0.9748 
1055 355 1054.9938535964 0.9748 
1060 357 1054.9938535964 0.9748 
1065 359 1054.9938535964 0.9748 
1070 362 1054.9938535964 0.9748 
1075 364 1054.9938535964 0.9748 
1080 366 1054.9938535964 0.9748 
1085 368 1054.9938535964 0.9748 
1090 370 1054.9938535964 0.9748 
1095 373 1054.9938535964 0.9748 
1100 375 1054.9938535964 0.9748 
1105 377 1054.9938535964 0.9748 
1110 379 1054.9938535964 0.9748 
1115 381 1054.9938535964 0.9748 
1120 384 1054.9938535964 0.9748 
1125 386 1054.9938535964 0.9748 
1130 388 1054.9938535964 0.9748 
1135 390 1054.9938535964 0.9748 
1140 393 1054.9938535964 0.9748 
1145 395 1054.9938535964 0.9748 
1150 397 1054.9938535964 0.9748 
1155 400 1054.9938535964 0.9748 
1160 402 1054.9938535964 0.9748 
1165 404 1054.9938535964 0.9748 
1170 406 1054.9938535964 0.9748 
1175 409 1054.9938535964 0.9748 
1180 411 1054.9938535964 0.9748 
1185 414 1054.9938535964 0.9748 
1190 416 1054.9938535964 0.9748 
1195 418 1054.9938535964 0.9748 
1200 421 1054.9938535964 0.9748 
1205 423 1054.9938535964 0.9748 
1210 425 1054.9938535964 0.9748 
1215 428 1054.9938535964 0.9748 
1220 430 1054.9938535964 0.9748 
1225 433 1054.9938535964 0.9748 
1230 435 1054.9938535964 0.9748 
1235 438 1054.9938535964 0.9748 
1240 440 1054.9938535964 0.9748 
1245 442 1054.9938535964 0.9748 
1250 445 1054.9938535964 0.9748 
1255 447 1054.9938535964 0.9748 
1260 450 1054.9938535964 0.9748 
1265 452 1054.9938535964 0.9748 
1270 455 1054.9938535964 0.9748 
1275 457 1054.9938535964 0.9748 
1280 460 1054.9938535964 0.9748 
1285 462 1054.9938535964 0.9748 
1290 465 1054.9938535964 0.9748 
1295 468 1054.9938535964 0.9748 
1300 470 1054.9938535964 0.9748 
1305 473 1054.9938535964 0.9748 
1310 475 1054.9938535964 0.9748 
1315 478 1054.9938535964 0.9748 
1320 481 1054.9938535964 0.9748 
1325 483 1054.9938535964 0.9748 
1330 486 1054.9938535964 0.9748 
1335 489 1054.9938535964 0.9748 
1340 491 1054.9938535964 0.9748 
1345 494 1054.9938535964 0.9748 
1350 497 1054.9938535964 0.9748 
1355 500 1054.9938535964 0.9748 
1360 502 1054.9938535964 0.9748 
1365 505 1054.8813317532 0.9749 
1370 508 1054.8813317532 0.9749 
1375 511 1054.8813317532 0.9749 
1380 514 1054.4881444273 0.9753 
1385 517 1054.4881444273 0.9753 
1390 519 1054.4881444273 0.9753 
1395 522 1054.4881444273 0.9753 
1400 525 1054.1443529994 0.9756 
1405 528 1054.1443529994 0.9756 
1410 531 1054.1443529994 0.9756 
1415 534 1054.1443529994 0.9756 
1420 537 1054.1443529994 0.9756 
1425 540 1054.1443529994 0.9756 
1430 543 1054.1443529994 0.9756 
1435 546 1054.1443529994 0.9756 
1440 549 1054.1373742625 0.9756 
1445 552 1054.1373742625 0.9756 
1450 555 1054.1373742625 0.9756 
1455 558 1054.1373742625 0.9756 
1460 561 1054.1373742625 0.9756 
1465 565 1054.1373742625 0.9756 
1470 568 1054.1373742625 0.9756 
1475 571 1054.1373742625 0.9756 
1480 574 1054.1373742625 0.9756 
1485 577 1054.1373742625 0.9756 
1490 581 1054.1373742625 0.9756 
1495 584 1052.9926219903 0.9767 
1500 587 1052.9926219903 0.9767 
