0 0 2029.3884605098 0.0000 
5 1 2029.3884605098 0.0000 
10 2 2029.3884605098 0.0000 
20 3 2029.3884605098 0.0000 
25 4 2029.3884605098 0.0000 
30 5 2029.3884605098 0.0000 
40 6 2029.3884605098 0.0000 
45 7 2029.3884605098 0.0000 
50 8 2029.3884605098 0.0000 
60 9 2029.3884605098 0.0000 
65 10 1611.3223380042 0.8015 
75 11 1600.3613153132 0.8070 
80 12 1600.3613153132 0.8070 
85 13 1600.3613153132 0.8070 
95 14 1552.8485440350 0.8317 
100 15 1552.8485440350 0.8317 
110 16 1548.7673192122 0.8339 
115 17 1548.7673192122 0.8339 
120 18 1536.8560303688 0.8403 
130 19 1536.8560303688 0.8403 
135 20 1536.8560303688 0.8403 
145 21 1515.3412309894 0.8523 
150 22 1515.3412309894 0.8523 
155 23 1515.3412309894 0.8523 
165 24 1515.3412309894 0.8523 
170 25 1515.3412309894 0.8523 
180 26 1515.3412309894 0.8523 
185 27 1493.2478734011 0.8649 
190 28 1489.0430655722 0.8673 
200 29 1475.2545983686 0.8754 
205 30 1475.1478025563 0.8755 
215 31 1475.1478025563 0.8755 
220 32 1463.0481034354 0.8827 
225 33 1460.0777963350 0.8845 
235 34 1460.0777963350 0.8845 
240 35 1460.0777963350 0.8845 
250 36 1454.2705835424 0.8880 
255 37 1445.9450437384 0.8932 
260 38 1445.9450437384 0.8932 
270 39 1443.8946193255 0.8944 
275 40 1443.8946193255 0.8944 
280 41 1440.5567643569 0.8965 
290 42 1433.7694760917 0.9007 
295 43 1433.7694760917 0.9007 
305 44 1433.7694760917 0.9007 
310 45 1433.7694760917 0.9007 
315 46 1421.7771883334 0.9083 
325 47 1421.7771883334 0.9083 
330 48 1420.6950032270 0.9090 
335 49 1420.6950032270 0.9090 
345 50 1420.6950032270 0.9090 
350 51 1420.6950032270 0.9090 
355 52 1416.8034744967 0.9115 
365 53 1416.2193615247 0.9119 
370 54 1416.2193615247 0.9119 
375 55 1416.2193615247 0.9119 
385 56 1416.2193615247 0.9119 
390 57 1416.2193615247 0.9119 
395 58 1416.1299457862 0.9120 
405 59 1416.1299457862 0.9120 
410 60 1415.3169183333 0.9125 
415 61 1411.9454105901 0.9147 
425 62 1411.9454105901 0.9147 
430 63 1411.9454105901 0.9147 
435 64 1411.9454105901 0.9147 
445 65 1411.9454105901 0.9147 
450 66 1411.9454105901 0.9147 
455 67 1411.9454105901 0.9147 
465 68 1411.9454105901 0.9147 
470 69 1411.9454105901 0.9147 
475 70 1409.8918157588 0.9160 
485 71 1402.7700011269 0.9206 
490 72 1402.7700011269 0.9206 
495 73 1402.7700011269 0.9206 
505 74 1402.7700011269 0.9206 
510 75 1400.9843006239 0.9218 
515 76 1400.9843006239 0.9218 
525 77 1400.9843006239 0.9218 
530 78 1400.9843006239 0.9218 
535 79 1400.9843006239 0.9218 
545 80 1400.9843006239 0.9218 
550 81 1400.9843006239 0.9218 
555 82 1400.9843006239 0.9218 
560 83 1400.9843006239 0.9218 
570 84 1400.9843006239 0.9218 
575 85 1400.9843006239 0.9218 
580 86 1400.9843006239 0.9218 
590 87 1400.9843006239 0.9218 
595 88 1400.9843006239 0.9218 
600 89 1400.9843006239 0.9218 
605 90 1400.9843006239 0.9218 
615 91 1400.9843006239 0.9218 
620 92 1400.9843006239 0.9218 
625 93 1400.9843006239 0.9218 
630 94 1400.9843006239 0.9218 
640 95 1400.1082404486 0.9224 
645 96 1400.1082404486 0.9224 
650 97 1398.9627148217 0.9231 
660 98 1398.9627148217 0.9231 
665 99 1398.7268170081 0.9233 
670 100 1398.7268170081 0.9233 
680 101 1398.7268170081 0.9233 
685 102 1398.7268170081 0.9233 
690 103 1398.1610695366 0.9237 
695 104 1394.4529475697 0.9261 
705 105 1394.4529475697 0.9261 
710 106 1394.4529475697 0.9261 
715 107 1394.4529475697 0.9261 
720 108 1394.4529475697 0.9261 
730 109 1394.4529475697 0.9261 
735 110 1394.4529475697 0.9261 
740 111 1394.4529475697 0.9261 
745 112 1394.4529475697 0.9261 
755 113 1394.4529475697 0.9261 
760 114 1394.4529475697 0.9261 
765 115 1394.4529475697 0.9261 
770 116 1394.4529475697 0.9261 
780 117 1394.4529475697 0.9261 
785 118 1394.4529475697 0.9261 
790 119 1390.7591771160 0.9286 
795 120 1390.7591771160 0.9286 
805 121 1390.7591771160 0.9286 
810 122 1390.7591771160 0.9286 
815 123 1390.7591771160 0.9286 
820 124 1390.7591771160 0.9286 
825 125 1390.7591771160 0.9286 
835 126 1388.7567924308 0.9299 
840 127 1387.6351073939 0.9307 
845 128 1387.6085614710 0.9307 
850 129 1384.7503998179 0.9326 
860 130 1384.7503998179 0.9326 
865 131 1384.7503998179 0.9326 
870 132 1384.7503998179 0.9326 
875 133 1383.6287147810 0.9334 
880 134 1383.6287147810 0.9334 
890 135 1382.2726209600 0.9343 
895 136 1381.9528731908 0.9345 
900 137 1380.8910417617 0.9352 
905 138 1380.8910417617 0.9352 
915 139 1380.8910417617 0.9352 
920 140 1380.3077399681 0.9356 
925 141 1379.7693567248 0.9360 
930 142 1379.7693567248 0.9360 
940 143 1379.7693567248 0.9360 
945 144 1379.7693567248 0.9360 
950 145 1379.7693567248 0.9360 
955 146 1379.7693567248 0.9360 
960 147 1379.7693567248 0.9360 
970 148 1379.7693567248 0.9360 
975 149 1379.7693567248 0.9360 
980 150 1379.5691402596 0.9361 
985 151 1378.9591859932 0.9365 
995 152 1378.9591859932 0.9365 
1000 153 1378.9591859932 0.9365 
1005 154 1378.9591859932 0.9365 
1010 155 1378.9591859932 0.9365 
1015 156 1378.9591859932 0.9365 
1025 157 1378.9591859932 0.9365 
1030 158 1376.9535510583 0.9379 
1035 159 1376.9535510583 0.9379 
1040 160 1376.9535510583 0.9379 
1045 161 1376.9535510583 0.9379 
1050 162 1376.9535510583 0.9379 
1060 163 1376.9535510583 0.9379 
1065 164 1376.9535510583 0.9379 
1070 165 1376.9535510583 0.9379 
1075 166 1376.9535510583 0.9379 
1080 167 1376.9535510583 0.9379 
1090 168 1376.9535510583 0.9379 
1095 169 1376.9535510583 0.9379 
1100 170 1376.9535510583 0.9379 
1105 171 1376.9535510583 0.9379 
1110 172 1376.6781128542 0.9381 
1115 173 1376.6781128542 0.9381 
1125 174 1376.6781128542 0.9381 
1130 175 1376.6781128542 0.9381 
1135 176 1376.6781128542 0.9381 
1140 177 1376.6781128542 0.9381 
1145 178 1376.6781128542 0.9381 
1155 179 1376.6781128542 0.9381 
1160 180 1376.6781128542 0.9381 
1165 181 1376.6781128542 0.9381 
1170 182 1376.6781128542 0.9381 
1175 183 1376.6781128542 0.9381 
1180 184 1376.6781128542 0.9381 
1190 185 1376.6781128542 0.9381 
1195 186 1376.6781128542 0.9381 
1200 187 1376.6781128542 0.9381 
1205 188 1376.6781128542 0.9381 
1210 189 1376.6781128542 0.9381 
1215 190 1376.6781128542 0.9381 
1220 191 1376.6781128542 0.9381 
1225 192 1376.6781128542 0.9381 
1235 193 1376.6781128542 0.9381 
1240 194 1376.6781128542 0.9381 
1245 195 1376.5693872358 0.9382 
1250 196 1376.5693872358 0.9382 
1255 197 1376.5693872358 0.9382 
1260 198 1376.5693872358 0.9382 
1270 199 1376.5693872358 0.9382 
1275 200 1376.5693872358 0.9382 
1280 201 1376.5693872358 0.9382 
1285 202 1376.5693872358 0.9382 
1290 203 1376.5693872358 0.9382 
1295 204 1376.5693872358 0.9382 
1300 205 1376.5693872358 0.9382 
1305 206 1376.5693872358 0.9382 
1315 207 1376.5693872358 0.9382 
1320 208 1376.5693872358 0.9382 
1325 209 1376.5693872358 0.9382 
1330 210 1376.5693872358 0.9382 
1335 211 1376.5693872358 0.9382 
1340 212 1376.5693872358 0.9382 
1345 213 1376.5693872358 0.9382 
1355 214 1376.5693872358 0.9382 
1360 215 1376.5693872358 0.9382 
1365 216 1376.5693872358 0.9382 
1370 217 1376.5693872358 0.9382 
1375 218 1376.5693872358 0.9382 
1380 219 1376.5693872358 0.9382 
1385 220 1376.5693872358 0.9382 
1390 221 1376.5693872358 0.9382 
1395 222 1376.5693872358 0.9382 
1400 223 1376.5693872358 0.9382 
1410 224 1375.8787565704 0.9386 
1415 225 1375.8787565704 0.9386 
1420 226 1375.8787565704 0.9386 
1425 227 1375.8787565704 0.9386 
1430 228 1375.8787565704 0.9386 
1435 229 1375.8787565704 0.9386 
1440 230 1375.8787565704 0.9386 
1445 231 1375.8787565704 0.9386 
1450 232 1375.8787565704 0.9386 
1455 233 1375.8787565704 0.9386 
1460 234 1375.8787565704 0.9386 
1465 235 1375.8787565704 0.9386 
1470 236 1375.8787565704 0.9386 
1480 237 1375.8787565704 0.9386 
1485 238 1375.8787565704 0.9386 
1490 239 1375.8787565704 0.9386 
1495 240 1375.8787565704 0.9386 
