0 0 887.9392390143 0.0000 
5 20 560.8867372088 0.9903 
10 35 558.9902011313 0.9936 
15 50 556.6791413260 0.9978 
20 65 556.6791413260 0.9978 
25 81 556.6791413260 0.9978 
30 96 556.6791413260 0.9978 
35 112 556.6791413260 0.9978 
40 127 556.6791413260 0.9978 
45 143 555.4302364991 1.0000 
50 160 555.4302364991 1.0000 
55 177 555.4302364991 1.0000 
60 194 555.4302364991 1.0000 
65 212 555.4302364991 1.0000 
70 229 555.4302364991 1.0000 
75 248 555.4302364991 1.0000 
80 267 555.4302364991 1.0000 
85 286 555.4302364991 1.0000 
90 306 555.4302364991 1.0000 
95 328 555.4302364991 1.0000 
100 349 555.4302364991 1.0000 
105 372 555.4302364991 1.0000 
110 395 555.4302364991 1.0000 
115 419 555.4302364991 1.0000 
120 445 555.4302364991 1.0000 
125 472 555.4302364991 1.0000 
130 500 555.4302364991 1.0000 
135 531 555.4302364991 1.0000 
140 564 555.4302364991 1.0000 
145 599 555.4302364991 1.0000 
150 638 555.4302364991 1.0000 
155 682 555.4302364991 1.0000 
160 737 555.4302364991 1.0000 
165 809 555.4302364991 1.0000 
170 958 555.4302364991 1.0000 
175 1688 555.4302364991 1.0000 
180 2350 555.4302364991 1.0000 
185 2952 555.4302364991 1.0000 
190 3538 555.4302364991 1.0000 
195 4099 555.4302364991 1.0000 
200 4618 555.4302364991 1.0000 
205 5141 555.4302364991 1.0000 
210 5631 555.4302364991 1.0000 
215 6095 555.4302364991 1.0000 
220 6537 555.4302364991 1.0000 
225 6971 555.4302364991 1.0000 
230 7384 555.4302364991 1.0000 
235 7790 555.4302364991 1.0000 
240 8191 555.4302364991 1.0000 
245 8591 555.4302364991 1.0000 
250 8976 555.4302364991 1.0000 
255 9341 555.4302364991 1.0000 
260 9682 555.4302364991 1.0000 
265 10048 555.4302364991 1.0000 
270 10403 555.4302364991 1.0000 
275 10743 555.4302364991 1.0000 
280 11088 555.4302364991 1.0000 
285 11447 555.4302364991 1.0000 
290 11769 555.4302364991 1.0000 
295 12111 555.4302364991 1.0000 
300 12424 555.4302364991 1.0000 
305 12723 555.4302364991 1.0000 
310 13018 555.4302364991 1.0000 
315 13327 555.4302364991 1.0000 
320 13611 555.4302364991 1.0000 
325 13888 555.4302364991 1.0000 
330 14185 555.4302364991 1.0000 
335 14458 555.4302364991 1.0000 
340 14728 555.4302364991 1.0000 
345 15019 555.4302364991 1.0000 
350 15287 555.4302364991 1.0000 
355 15551 555.4302364991 1.0000 
360 15810 555.4302364991 1.0000 
365 16067 555.4302364991 1.0000 
370 16321 555.4302364991 1.0000 
375 16577 555.4302364991 1.0000 
380 16823 555.4302364991 1.0000 
385 17056 555.4302364991 1.0000 
390 17309 555.4302364991 1.0000 
395 17545 555.4302364991 1.0000 
400 17778 555.4302364991 1.0000 
405 18037 555.4302364991 1.0000 
410 18272 555.4302364991 1.0000 
415 18505 555.4302364991 1.0000 
420 18722 555.4302364991 1.0000 
425 18958 555.4302364991 1.0000 
430 19174 555.4302364991 1.0000 
435 19398 555.4302364991 1.0000 
440 19642 555.4302364991 1.0000 
445 19870 555.4302364991 1.0000 
450 20091 555.4302364991 1.0000 
455 20307 555.4302364991 1.0000 
460 20523 555.4302364991 1.0000 
465 20733 555.4302364991 1.0000 
470 20936 555.4302364991 1.0000 
475 21139 555.4302364991 1.0000 
480 21351 555.4302364991 1.0000 
485 21554 555.4302364991 1.0000 
490 21767 555.4302364991 1.0000 
495 21979 555.4302364991 1.0000 
500 22185 555.4302364991 1.0000 
505 22398 555.4302364991 1.0000 
510 22603 555.4302364991 1.0000 
515 22794 555.4302364991 1.0000 
520 22998 555.4302364991 1.0000 
525 23189 555.4302364991 1.0000 
530 23381 555.4302364991 1.0000 
535 23572 555.4302364991 1.0000 
540 23782 555.4302364991 1.0000 
545 23985 555.4302364991 1.0000 
550 24166 555.4302364991 1.0000 
555 24352 555.4302364991 1.0000 
560 24540 555.4302364991 1.0000 
565 24724 555.4302364991 1.0000 
570 24910 555.4302364991 1.0000 
575 25094 555.4302364991 1.0000 
580 25272 555.4302364991 1.0000 
585 25439 555.4302364991 1.0000 
590 25628 555.4302364991 1.0000 
595 25805 555.4302364991 1.0000 
600 25989 555.4302364991 1.0000 
605 26164 555.4302364991 1.0000 
610 26311 555.4302364991 1.0000 
615 26487 555.4302364991 1.0000 
620 26662 555.4302364991 1.0000 
625 26828 555.4302364991 1.0000 
630 26993 555.4302364991 1.0000 
635 27161 555.4302364991 1.0000 
640 27331 555.4302364991 1.0000 
645 27495 555.4302364991 1.0000 
650 27658 555.4302364991 1.0000 
655 27813 555.4302364991 1.0000 
660 27990 555.4302364991 1.0000 
665 28160 555.4302364991 1.0000 
670 28339 555.4302364991 1.0000 
675 28495 555.4302364991 1.0000 
680 28659 555.4302364991 1.0000 
685 28830 555.4302364991 1.0000 
690 29013 555.4302364991 1.0000 
695 29185 555.4302364991 1.0000 
700 29345 555.4302364991 1.0000 
705 29507 555.4302364991 1.0000 
710 29683 555.4302364991 1.0000 
715 29830 555.4302364991 1.0000 
720 29986 555.4302364991 1.0000 
725 30166 555.4302364991 1.0000 
730 30326 555.4302364991 1.0000 
735 30475 555.4302364991 1.0000 
740 30627 555.4302364991 1.0000 
745 30763 555.4302364991 1.0000 
750 30920 555.4302364991 1.0000 
755 31067 555.4302364991 1.0000 
760 31224 555.4302364991 1.0000 
765 31387 555.4302364991 1.0000 
770 31545 555.4302364991 1.0000 
775 31700 555.4302364991 1.0000 
780 31848 555.4302364991 1.0000 
785 32004 555.4302364991 1.0000 
790 32157 555.4302364991 1.0000 
795 32304 555.4302364991 1.0000 
800 32450 555.4302364991 1.0000 
805 32603 555.4302364991 1.0000 
810 32758 555.4302364991 1.0000 
815 32900 555.4302364991 1.0000 
820 33040 555.4302364991 1.0000 
825 33198 555.4302364991 1.0000 
830 33342 555.4302364991 1.0000 
835 33488 555.4302364991 1.0000 
840 33625 555.4302364991 1.0000 
845 33771 555.4302364991 1.0000 
850 33902 555.4302364991 1.0000 
855 34054 555.4302364991 1.0000 
860 34201 555.4302364991 1.0000 
865 34331 555.4302364991 1.0000 
870 34461 555.4302364991 1.0000 
875 34596 555.4302364991 1.0000 
880 34740 555.4302364991 1.0000 
885 34888 555.4302364991 1.0000 
890 35024 555.4302364991 1.0000 
895 35155 555.4302364991 1.0000 
900 35291 555.4302364991 1.0000 
905 35436 555.4302364991 1.0000 
910 35572 555.4302364991 1.0000 
915 35706 555.4302364991 1.0000 
920 35839 555.4302364991 1.0000 
925 35976 555.4302364991 1.0000 
930 36107 555.4302364991 1.0000 
935 36247 555.4302364991 1.0000 
940 36375 555.4302364991 1.0000 
945 36523 555.4302364991 1.0000 
950 36646 555.4302364991 1.0000 
955 36791 555.4302364991 1.0000 
960 36947 555.4302364991 1.0000 
965 37084 555.4302364991 1.0000 
970 37221 555.4302364991 1.0000 
975 37352 555.4302364991 1.0000 
980 37485 555.4302364991 1.0000 
985 37627 555.4302364991 1.0000 
990 37767 555.4302364991 1.0000 
995 37900 555.4302364991 1.0000 
1000 38022 555.4302364991 1.0000 
1005 38168 555.4302364991 1.0000 
1010 38295 555.4302364991 1.0000 
1015 38427 555.4302364991 1.0000 
1020 38556 555.4302364991 1.0000 
1025 38676 555.4302364991 1.0000 
1030 38816 555.4302364991 1.0000 
1035 38949 555.4302364991 1.0000 
1040 39071 555.4302364991 1.0000 
1045 39190 555.4302364991 1.0000 
1050 39317 555.4302364991 1.0000 
1055 39439 555.4302364991 1.0000 
1060 39574 555.4302364991 1.0000 
1065 39697 555.4302364991 1.0000 
1070 39833 555.4302364991 1.0000 
1075 39964 555.4302364991 1.0000 
1080 40094 555.4302364991 1.0000 
1085 40219 555.4302364991 1.0000 
1090 40337 555.4302364991 1.0000 
1095 40467 555.4302364991 1.0000 
1100 40583 555.4302364991 1.0000 
1105 40722 555.4302364991 1.0000 
1110 40842 555.4302364991 1.0000 
1115 40975 555.4302364991 1.0000 
1120 41092 555.4302364991 1.0000 
1125 41207 555.4302364991 1.0000 
1130 41319 555.4302364991 1.0000 
1135 41434 555.4302364991 1.0000 
1140 41550 555.4302364991 1.0000 
1145 41668 555.4302364991 1.0000 
1150 41781 555.4302364991 1.0000 
1155 41904 555.4302364991 1.0000 
1160 42021 555.4302364991 1.0000 
1165 42147 555.4302364991 1.0000 
1170 42269 555.4302364991 1.0000 
1175 42395 555.4302364991 1.0000 
1180 42504 555.4302364991 1.0000 
1185 42627 555.4302364991 1.0000 
1190 42745 555.4302364991 1.0000 
1195 42886 555.4302364991 1.0000 
1200 42997 555.4302364991 1.0000 
1205 43122 555.4302364991 1.0000 
1210 43236 555.4302364991 1.0000 
1215 43356 555.4302364991 1.0000 
1220 43459 555.4302364991 1.0000 
1225 43575 555.4302364991 1.0000 
1230 43682 555.4302364991 1.0000 
1235 43799 555.4302364991 1.0000 
1240 43919 555.4302364991 1.0000 
1245 44029 555.4302364991 1.0000 
1250 44154 555.4302364991 1.0000 
1255 44274 555.4302364991 1.0000 
1260 44397 555.4302364991 1.0000 
1265 44498 555.4302364991 1.0000 
1270 44619 555.4302364991 1.0000 
1275 44752 555.4302364991 1.0000 
1280 44860 555.4302364991 1.0000 
1285 44971 555.4302364991 1.0000 
1290 45089 555.4302364991 1.0000 
1295 45200 555.4302364991 1.0000 
1300 45313 555.4302364991 1.0000 
1305 45429 555.4302364991 1.0000 
1310 45548 555.4302364991 1.0000 
1315 45669 555.4302364991 1.0000 
1320 45782 555.4302364991 1.0000 
1325 45920 555.4302364991 1.0000 
1330 46041 555.4302364991 1.0000 
1335 46135 555.4302364991 1.0000 
1340 46250 555.4302364991 1.0000 
1345 46353 555.4302364991 1.0000 
1350 46477 555.4302364991 1.0000 
1355 46582 555.4302364991 1.0000 
1360 46692 555.4302364991 1.0000 
1365 46801 555.4302364991 1.0000 
1370 46913 555.4302364991 1.0000 
1375 47015 555.4302364991 1.0000 
1380 47117 555.4302364991 1.0000 
1385 47218 555.4302364991 1.0000 
1390 47321 555.4302364991 1.0000 
1395 47434 555.4302364991 1.0000 
1400 47538 555.4302364991 1.0000 
1405 47645 555.4302364991 1.0000 
1410 47751 555.4302364991 1.0000 
1415 47868 555.4302364991 1.0000 
1420 47987 555.4302364991 1.0000 
1425 48104 555.4302364991 1.0000 
1430 48231 555.4302364991 1.0000 
1435 48329 555.4302364991 1.0000 
1440 48433 555.4302364991 1.0000 
1445 48533 555.4302364991 1.0000 
1450 48649 555.4302364991 1.0000 
1455 48744 555.4302364991 1.0000 
1460 48857 555.4302364991 1.0000 
1465 48971 555.4302364991 1.0000 
1470 49087 555.4302364991 1.0000 
1475 49187 555.4302364991 1.0000 
1480 49304 555.4302364991 1.0000 
1485 49405 555.4302364991 1.0000 
1490 49497 555.4302364991 1.0000 
1495 49601 555.4302364991 1.0000 
1500 49707 555.4302364991 1.0000 
