0 0 1265.6665551481 0.0000 
5 9 1265.6665551481 0.0000 
10 17 1265.6665551481 0.0000 
15 26 1265.6665551481 0.0000 
20 35 1265.6665551481 0.0000 
25 43 1265.6665551481 0.0000 
30 52 1265.6665551481 0.0000 
35 61 1265.6665551481 0.0000 
40 70 1265.6665551481 0.0000 
45 79 1265.6665551481 0.0000 
50 88 1265.6665551481 0.0000 
55 97 1265.6665551481 0.0000 
60 106 1265.6665551481 0.0000 
65 115 1265.6665551481 0.0000 
70 124 1265.6665551481 0.0000 
75 134 1265.6665551481 0.0000 
80 143 1265.6665551481 0.0000 
85 153 1265.6665551481 0.0000 
90 162 1265.6665551481 0.0000 
95 172 1265.6665551481 0.0000 
100 182 1265.6665551481 0.0000 
105 192 1265.6665551481 0.0000 
110 202 1265.6665551481 0.0000 
115 213 1265.6665551481 0.0000 
120 223 1265.6665551481 0.0000 
125 233 1265.6665551481 0.0000 
130 244 1265.6665551481 0.0000 
135 255 1265.6665551481 0.0000 
140 266 1265.6665551481 0.0000 
145 277 1265.6665551481 0.0000 
150 288 1265.6665551481 0.0000 
155 300 1265.6665551481 0.0000 
160 311 1265.6665551481 0.0000 
165 323 1265.6665551481 0.0000 
170 335 1265.6665551481 0.0000 
175 347 1265.6665551481 0.0000 
180 360 1265.6665551481 0.0000 
185 372 1265.6665551481 0.0000 
190 386 1265.6665551481 0.0000 
195 399 1265.6665551481 0.0000 
200 412 1265.6665551481 0.0000 
205 426 1265.6665551481 0.0000 
210 440 1265.6665551481 0.0000 
215 455 1265.6665551481 0.0000 
220 470 1265.6665551481 0.0000 
225 486 1265.6665551481 0.0000 
230 502 1265.6665551481 0.0000 
235 518 1265.6665551481 0.0000 
240 535 1265.6665551481 0.0000 
245 553 1265.6665551481 0.0000 
250 571 1265.6665551481 0.0000 
255 590 1265.6665551481 0.0000 
260 611 1265.6665551481 0.0000 
265 632 1265.6665551481 0.0000 
270 654 1265.6665551481 0.0000 
275 679 1265.6665551481 0.0000 
280 705 1265.6665551481 0.0000 
285 734 1265.6665551481 0.0000 
290 766 1265.6665551481 0.0000 
295 804 1265.6665551481 0.0000 
300 852 1265.6665551481 0.0000 
305 930 1265.6665551481 0.0000 
310 1268 1265.6665551481 0.0000 
315 1592 1265.6665551481 0.0000 
320 1911 1265.6665551481 0.0000 
325 2232 1265.6665551481 0.0000 
330 2518 1265.6665551481 0.0000 
335 2804 1265.6665551481 0.0000 
340 3102 1265.6665551481 0.0000 
345 3377 1265.6665551481 0.0000 
350 3640 1265.6665551481 0.0000 
355 3898 1265.6665551481 0.0000 
360 4159 1265.6665551481 0.0000 
365 4412 1265.6665551481 0.0000 
370 4646 1265.6665551481 0.0000 
375 4881 1265.6665551481 0.0000 
380 5119 1265.6665551481 0.0000 
385 5350 1265.6665551481 0.0000 
390 5563 1265.6665551481 0.0000 
395 5786 1265.6665551481 0.0000 
400 6001 1265.6665551481 0.0000 
405 6218 1265.6665551481 0.0000 
410 6408 1265.6665551481 0.0000 
415 6612 1265.6665551481 0.0000 
420 6807 1265.6665551481 0.0000 
425 7012 1265.6665551481 0.0000 
430 7217 1265.6665551481 0.0000 
435 7419 1265.6665551481 0.0000 
440 7599 1265.6665551481 0.0000 
445 7778 1265.6665551481 0.0000 
450 7961 1265.6665551481 0.0000 
455 8145 1265.6665551481 0.0000 
460 8325 1265.6665551481 0.0000 
465 8510 1265.6665551481 0.0000 
470 8694 1265.6665551481 0.0000 
475 8885 1265.6665551481 0.0000 
480 9050 1265.6665551481 0.0000 
485 9233 1265.6665551481 0.0000 
490 9378 1265.6665551481 0.0000 
495 9551 1265.6665551481 0.0000 
500 9719 1265.6665551481 0.0000 
505 9876 1265.6665551481 0.0000 
510 10044 1265.6665551481 0.0000 
515 10209 1265.6665551481 0.0000 
520 10369 1265.6665551481 0.0000 
525 10526 1265.6665551481 0.0000 
530 10676 1265.6665551481 0.0000 
535 10820 1265.6665551481 0.0000 
540 10961 1265.6665551481 0.0000 
545 11107 1265.6665551481 0.0000 
550 11255 1265.6665551481 0.0000 
555 11396 1265.6665551481 0.0000 
560 11543 1265.6665551481 0.0000 
565 11697 1265.6665551481 0.0000 
570 11854 1265.6665551481 0.0000 
575 12006 1265.6665551481 0.0000 
580 12161 1265.6665551481 0.0000 
585 12316 1265.6665551481 0.0000 
590 12454 1265.6665551481 0.0000 
595 12605 1265.6665551481 0.0000 
600 12730 1265.6665551481 0.0000 
605 12861 1265.6665551481 0.0000 
610 12997 1265.6665551481 0.0000 
615 13142 1265.6665551481 0.0000 
620 13295 1265.6665551481 0.0000 
625 13428 1265.6665551481 0.0000 
630 13567 1265.6665551481 0.0000 
635 13710 1265.6665551481 0.0000 
640 13846 1265.6665551481 0.0000 
645 13988 1265.6665551481 0.0000 
650 14138 1265.6665551481 0.0000 
655 14272 1265.6665551481 0.0000 
660 14393 1265.6665551481 0.0000 
665 14520 1265.6665551481 0.0000 
670 14658 1265.6665551481 0.0000 
675 14774 1265.6665551481 0.0000 
680 14895 1265.6665551481 0.0000 
685 15036 1265.6665551481 0.0000 
690 15166 1265.6665551481 0.0000 
695 15289 1265.6665551481 0.0000 
700 15411 1265.6665551481 0.0000 
705 15533 1265.6665551481 0.0000 
710 15640 1265.6665551481 0.0000 
715 15760 1265.6665551481 0.0000 
720 15877 1265.6665551481 0.0000 
725 16003 1265.6665551481 0.0000 
730 16121 1265.6665551481 0.0000 
735 16234 1265.6665551481 0.0000 
740 16351 1265.6665551481 0.0000 
745 16458 1265.6665551481 0.0000 
750 16575 1265.6665551481 0.0000 
755 16691 1265.6665551481 0.0000 
760 16804 1265.6665551481 0.0000 
765 16913 1265.6665551481 0.0000 
770 17023 1265.6665551481 0.0000 
775 17129 1265.6665551481 0.0000 
780 17252 1265.6665551481 0.0000 
785 17361 1265.6665551481 0.0000 
790 17477 1265.6665551481 0.0000 
795 17586 1265.6665551481 0.0000 
800 17721 1265.6665551481 0.0000 
805 17842 1265.6665551481 0.0000 
810 17963 1265.6665551481 0.0000 
815 18074 1265.6665551481 0.0000 
820 18178 1265.6665551481 0.0000 
825 18282 1265.6665551481 0.0000 
830 18388 1265.6665551481 0.0000 
835 18490 1265.6665551481 0.0000 
840 18592 1265.6665551481 0.0000 
845 18695 1265.6665551481 0.0000 
850 18808 1265.6665551481 0.0000 
855 18913 1265.6665551481 0.0000 
860 19030 1265.6665551481 0.0000 
865 19139 1265.6665551481 0.0000 
870 19248 1265.6665551481 0.0000 
875 19353 1265.6665551481 0.0000 
880 19444 1265.6665551481 0.0000 
885 19556 1265.6665551481 0.0000 
890 19660 1265.6665551481 0.0000 
895 19775 1265.6665551481 0.0000 
900 19876 1265.6665551481 0.0000 
905 19986 1265.6665551481 0.0000 
910 20081 1265.6665551481 0.0000 
915 20174 1265.6665551481 0.0000 
920 20274 1265.6665551481 0.0000 
925 20373 1265.6665551481 0.0000 
930 20483 1265.6665551481 0.0000 
935 20580 1265.6665551481 0.0000 
940 20679 1265.6665551481 0.0000 
945 20781 1265.6665551481 0.0000 
950 20879 1265.6665551481 0.0000 
955 20972 1265.6665551481 0.0000 
960 21089 1265.6665551481 0.0000 
965 21182 1265.6665551481 0.0000 
970 21290 1265.6665551481 0.0000 
975 21383 1265.6665551481 0.0000 
980 21477 1265.6665551481 0.0000 
985 21571 1265.6665551481 0.0000 
990 21671 1265.6665551481 0.0000 
995 21767 1265.6665551481 0.0000 
1000 21861 1265.6665551481 0.0000 
1005 21959 1265.6665551481 0.0000 
1010 22050 1265.6665551481 0.0000 
1015 22159 1265.6665551481 0.0000 
1020 22264 1265.6665551481 0.0000 
1025 22357 1265.6665551481 0.0000 
1030 22446 1265.6665551481 0.0000 
1035 22530 1265.6665551481 0.0000 
1040 22625 1265.6665551481 0.0000 
1045 22711 1265.6665551481 0.0000 
1050 22813 1265.6665551481 0.0000 
1055 22914 1265.6665551481 0.0000 
1060 23009 1265.6665551481 0.0000 
1065 23096 1265.6665551481 0.0000 
1070 23177 1265.6665551481 0.0000 
1075 23277 1265.6665551481 0.0000 
1080 23370 1265.6665551481 0.0000 
1085 23462 1265.6665551481 0.0000 
1090 23545 1265.6665551481 0.0000 
1095 23649 1265.6665551481 0.0000 
1100 23731 1265.6665551481 0.0000 
1105 23839 1265.6665551481 0.0000 
1110 23926 1265.6665551481 0.0000 
1115 24005 1265.6665551481 0.0000 
1120 24090 1265.6665551481 0.0000 
1125 24164 1265.6665551481 0.0000 
1130 24255 1265.6665551481 0.0000 
1135 24351 1265.6665551481 0.0000 
1140 24448 1265.6665551481 0.0000 
1145 24539 1265.6665551481 0.0000 
1150 24615 1265.6665551481 0.0000 
1155 24702 1265.6665551481 0.0000 
1160 24793 1265.6665551481 0.0000 
1165 24891 1265.6665551481 0.0000 
1170 24982 1265.6665551481 0.0000 
1175 25072 1265.6665551481 0.0000 
1180 25167 1265.6665551481 0.0000 
1185 25240 1265.6665551481 0.0000 
1190 25321 1265.6665551481 0.0000 
1195 25416 1265.6665551481 0.0000 
1200 25500 1265.6665551481 0.0000 
1205 25572 1265.6665551481 0.0000 
1210 25662 1265.6665551481 0.0000 
1215 25745 1265.6665551481 0.0000 
1220 25823 1265.6665551481 0.0000 
1225 25897 1265.6665551481 0.0000 
1230 25989 1265.6665551481 0.0000 
1235 26062 1265.6665551481 0.0000 
1240 26151 1265.6665551481 0.0000 
1245 26241 1265.6665551481 0.0000 
1250 26323 1265.6665551481 0.0000 
1255 26424 1265.6665551481 0.0000 
1260 26507 1265.6665551481 0.0000 
1265 26585 1265.6665551481 0.0000 
1270 26663 1265.6665551481 0.0000 
1275 26740 1265.6665551481 0.0000 
1280 26825 1265.6665551481 0.0000 
1285 26902 1265.6665551481 0.0000 
1290 26977 1265.6665551481 0.0000 
1295 27064 1265.6665551481 0.0000 
1300 27166 1265.6665551481 0.0000 
1305 27246 1265.6665551481 0.0000 
1310 27319 1265.6665551481 0.0000 
1315 27396 1265.6665551481 0.0000 
1320 27464 1265.6665551481 0.0000 
1325 27555 1265.6665551481 0.0000 
1330 27631 1265.6665551481 0.0000 
1335 27712 1265.6665551481 0.0000 
1340 27794 1265.6665551481 0.0000 
1345 27875 1265.6665551481 0.0000 
1350 27951 1265.6665551481 0.0000 
1355 28033 1265.6665551481 0.0000 
1360 28117 1265.6665551481 0.0000 
1365 28196 1265.6665551481 0.0000 
1370 28279 1265.6665551481 0.0000 
1375 28352 1265.6665551481 0.0000 
1380 28424 1265.6665551481 0.0000 
1385 28498 1265.6665551481 0.0000 
1390 28580 1265.6665551481 0.0000 
1395 28666 1265.6665551481 0.0000 
1400 28738 1265.6665551481 0.0000 
1405 28829 1265.6665551481 0.0000 
1410 28915 1265.6665551481 0.0000 
1415 28983 1265.6665551481 0.0000 
1420 29062 1265.6665551481 0.0000 
1425 29136 1265.6665551481 0.0000 
1430 29211 1265.6665551481 0.0000 
1435 29288 1265.6665551481 0.0000 
1440 29370 1265.6665551481 0.0000 
1445 29452 1265.6665551481 0.0000 
1450 29527 1265.6665551481 0.0000 
1455 29608 1265.6665551481 0.0000 
1460 29674 1265.6665551481 0.0000 
1465 29751 1265.6665551481 0.0000 
1470 29825 1265.6665551481 0.0000 
1475 29894 1265.6665551481 0.0000 
1480 29963 1265.6665551481 0.0000 
1485 30036 1265.6665551481 0.0000 
1490 30121 1265.6665551481 0.0000 
1495 30201 1265.6665551481 0.0000 
1500 30268 1265.6665551481 0.0000 
