0 0 1333.2858262020 0.0000 
5 4 1333.2858262020 0.0000 
10 8 1333.2858262020 0.0000 
15 12 967.0902913369 0.8954 
20 16 936.9787189649 0.9242 
25 20 920.8203244676 0.9404 
30 24 897.5749274996 0.9648 
35 28 891.9959819049 0.9708 
40 32 881.4013368066 0.9825 
45 36 881.4013368066 0.9825 
50 40 875.7550223866 0.9888 
55 44 875.2780391252 0.9893 
60 48 874.8157155305 0.9899 
65 52 873.3638171268 0.9915 
70 56 873.3638171268 0.9915 
75 60 873.3638171268 0.9915 
80 64 872.3870321812 0.9926 
85 68 872.2910817281 0.9927 
90 72 872.2910817281 0.9927 
95 76 872.2910817281 0.9927 
100 80 872.2910817281 0.9927 
105 84 872.2910817281 0.9927 
110 88 872.2910817281 0.9927 
115 93 872.2910817281 0.9927 
120 97 872.2910817281 0.9927 
125 101 872.2910817281 0.9927 
130 105 872.2910817281 0.9927 
135 109 872.2910817281 0.9927 
140 113 872.2910817281 0.9927 
145 117 872.2910817281 0.9927 
150 121 872.2910817281 0.9927 
155 126 872.2910817281 0.9927 
160 130 872.2910817281 0.9927 
165 134 872.2910817281 0.9927 
170 138 872.2910817281 0.9927 
175 143 872.1922933763 0.9928 
180 147 872.1922933763 0.9928 
185 151 872.1922933763 0.9928 
190 156 872.1922933763 0.9928 
195 160 871.7542434605 0.9933 
200 164 871.7542434605 0.9933 
205 169 871.7542434605 0.9933 
210 173 871.7542434605 0.9933 
215 178 871.1815513933 0.9940 
220 182 871.1815513933 0.9940 
225 187 869.4819704285 0.9959 
230 191 869.4819704285 0.9959 
235 196 869.4819704285 0.9959 
240 200 869.4819704285 0.9959 
245 205 869.4819704285 0.9959 
250 209 869.4819704285 0.9959 
255 214 869.4819704285 0.9959 
260 218 869.4819704285 0.9959 
265 223 869.4819704285 0.9959 
270 228 869.4819704285 0.9959 
275 232 869.4819704285 0.9959 
280 237 869.4819704285 0.9959 
285 242 869.4819704285 0.9959 
290 246 869.4819704285 0.9959 
295 251 869.1338571425 0.9963 
300 256 869.1338571425 0.9963 
305 261 869.1338571425 0.9963 
310 266 869.1338571425 0.9963 
315 271 869.1338571425 0.9963 
320 276 869.1338571425 0.9963 
325 281 869.1338571425 0.9963 
330 286 869.1338571425 0.9963 
335 291 869.1338571425 0.9963 
340 296 869.1338571425 0.9963 
345 301 869.1338571425 0.9963 
350 306 869.1338571425 0.9963 
355 311 869.1338571425 0.9963 
360 317 869.1338571425 0.9963 
365 322 869.1338571425 0.9963 
370 327 869.1338571425 0.9963 
375 333 869.1338571425 0.9963 
380 338 869.1338571425 0.9963 
385 343 869.0746857063 0.9964 
390 349 868.7215013672 0.9968 
395 355 868.1177370672 0.9975 
400 360 867.6778479825 0.9980 
405 366 865.9445056376 1.0000 
410 372 865.9445056376 1.0000 
415 377 865.9445056376 1.0000 
420 383 865.9445056376 1.0000 
425 389 865.9445056376 1.0000 
430 395 865.9445056376 1.0000 
435 401 865.9445056376 1.0000 
440 407 865.9445056376 1.0000 
445 413 865.9445056376 1.0000 
450 419 865.9445056376 1.0000 
455 425 865.9445056376 1.0000 
460 431 865.9445056376 1.0000 
465 438 865.9445056376 1.0000 
470 444 865.9445056376 1.0000 
475 451 865.9445056376 1.0000 
480 457 865.9445056376 1.0000 
485 464 865.9445056376 1.0000 
490 470 865.9445056376 1.0000 
495 477 865.9445056376 1.0000 
500 484 865.9445056376 1.0000 
505 491 865.9445056376 1.0000 
510 498 865.9445056376 1.0000 
515 505 865.9445056376 1.0000 
520 513 865.9445056376 1.0000 
525 520 865.9445056376 1.0000 
530 527 865.9445056376 1.0000 
535 535 865.9445056376 1.0000 
540 543 865.9445056376 1.0000 
545 551 865.9445056376 1.0000 
550 559 865.9445056376 1.0000 
555 567 865.9445056376 1.0000 
560 575 865.9445056376 1.0000 
565 584 865.9445056376 1.0000 
570 593 865.9445056376 1.0000 
575 601 865.9445056376 1.0000 
580 611 865.9445056376 1.0000 
585 620 865.9445056376 1.0000 
590 629 865.9445056376 1.0000 
595 639 865.9445056376 1.0000 
600 649 865.9445056376 1.0000 
605 659 865.9445056376 1.0000 
610 670 865.9445056376 1.0000 
615 681 865.9445056376 1.0000 
620 693 865.9445056376 1.0000 
625 704 865.9445056376 1.0000 
630 717 865.9445056376 1.0000 
635 730 865.9445056376 1.0000 
640 743 865.9445056376 1.0000 
645 758 865.9445056376 1.0000 
650 774 865.9445056376 1.0000 
655 790 865.9445056376 1.0000 
660 809 865.9445056376 1.0000 
665 829 865.9445056376 1.0000 
670 851 865.9445056376 1.0000 
675 878 865.9445056376 1.0000 
680 914 865.9445056376 1.0000 
685 1006 865.9445056376 1.0000 
690 1181 865.9445056376 1.0000 
695 1358 865.9445056376 1.0000 
700 1499 865.9445056376 1.0000 
705 1639 865.9445056376 1.0000 
710 1771 865.9445056376 1.0000 
715 1906 865.9445056376 1.0000 
720 2041 865.9445056376 1.0000 
725 2180 865.9445056376 1.0000 
730 2314 865.9445056376 1.0000 
735 2440 865.9445056376 1.0000 
740 2558 865.9445056376 1.0000 
745 2680 865.9445056376 1.0000 
750 2800 865.9445056376 1.0000 
755 2920 865.9445056376 1.0000 
760 3044 865.9445056376 1.0000 
765 3165 865.9445056376 1.0000 
770 3288 865.9445056376 1.0000 
775 3408 865.9445056376 1.0000 
780 3517 865.9445056376 1.0000 
785 3623 865.9445056376 1.0000 
790 3726 865.9445056376 1.0000 
795 3839 865.9445056376 1.0000 
800 3951 865.9445056376 1.0000 
805 4063 865.9445056376 1.0000 
810 4170 865.9445056376 1.0000 
815 4282 865.9445056376 1.0000 
820 4389 865.9445056376 1.0000 
825 4489 865.9445056376 1.0000 
830 4591 865.9445056376 1.0000 
835 4698 865.9445056376 1.0000 
840 4801 865.9445056376 1.0000 
845 4899 865.9445056376 1.0000 
850 5002 865.9445056376 1.0000 
855 5105 865.9445056376 1.0000 
860 5204 865.9445056376 1.0000 
865 5311 865.9445056376 1.0000 
870 5410 865.9445056376 1.0000 
875 5499 865.9445056376 1.0000 
880 5600 865.9445056376 1.0000 
885 5693 865.9445056376 1.0000 
890 5786 865.9445056376 1.0000 
895 5875 865.9445056376 1.0000 
900 5965 865.9445056376 1.0000 
905 6050 865.9445056376 1.0000 
910 6145 865.9445056376 1.0000 
915 6235 865.9445056376 1.0000 
920 6324 865.9445056376 1.0000 
925 6404 865.9445056376 1.0000 
930 6486 865.9445056376 1.0000 
935 6574 865.9445056376 1.0000 
940 6661 865.9445056376 1.0000 
945 6748 865.9445056376 1.0000 
950 6835 865.9445056376 1.0000 
955 6916 865.9445056376 1.0000 
960 7007 865.9445056376 1.0000 
965 7092 865.9445056376 1.0000 
970 7184 865.9445056376 1.0000 
975 7277 865.9445056376 1.0000 
980 7361 865.9445056376 1.0000 
985 7448 865.9445056376 1.0000 
990 7526 865.9445056376 1.0000 
995 7602 865.9445056376 1.0000 
1000 7681 865.9445056376 1.0000 
1005 7751 865.9445056376 1.0000 
1010 7830 865.9445056376 1.0000 
1015 7903 865.9445056376 1.0000 
1020 7981 865.9445056376 1.0000 
1025 8063 865.9445056376 1.0000 
1030 8135 865.9445056376 1.0000 
1035 8213 865.9445056376 1.0000 
1040 8288 865.9445056376 1.0000 
1045 8367 865.9445056376 1.0000 
1050 8443 865.9445056376 1.0000 
1055 8522 865.9445056376 1.0000 
1060 8598 865.9445056376 1.0000 
1065 8666 865.9445056376 1.0000 
1070 8740 865.9445056376 1.0000 
1075 8811 865.9445056376 1.0000 
1080 8886 865.9445056376 1.0000 
1085 8966 865.9445056376 1.0000 
1090 9040 865.9445056376 1.0000 
1095 9117 865.9445056376 1.0000 
1100 9195 865.9445056376 1.0000 
1105 9264 865.9445056376 1.0000 
1110 9333 865.9445056376 1.0000 
1115 9404 865.9445056376 1.0000 
1120 9471 865.9445056376 1.0000 
1125 9548 865.9445056376 1.0000 
1130 9611 865.9445056376 1.0000 
1135 9676 865.9445056376 1.0000 
1140 9745 865.9445056376 1.0000 
1145 9814 865.9445056376 1.0000 
1150 9889 865.9445056376 1.0000 
1155 9958 865.9445056376 1.0000 
1160 10031 865.9445056376 1.0000 
1165 10090 865.9445056376 1.0000 
1170 10159 865.9445056376 1.0000 
1175 10222 865.9445056376 1.0000 
1180 10287 865.9445056376 1.0000 
1185 10360 865.9445056376 1.0000 
1190 10433 865.9445056376 1.0000 
1195 10496 865.9445056376 1.0000 
1200 10562 865.9445056376 1.0000 
1205 10631 865.9445056376 1.0000 
1210 10706 865.9445056376 1.0000 
1215 10775 865.9445056376 1.0000 
1220 10837 865.9445056376 1.0000 
1225 10904 865.9445056376 1.0000 
1230 10970 865.9445056376 1.0000 
1235 11038 865.9445056376 1.0000 
1240 11103 865.9445056376 1.0000 
1245 11166 865.9445056376 1.0000 
1250 11235 865.9445056376 1.0000 
1255 11298 865.9445056376 1.0000 
1260 11363 865.9445056376 1.0000 
1265 11419 865.9445056376 1.0000 
1270 11485 865.9445056376 1.0000 
1275 11547 865.9445056376 1.0000 
1280 11608 865.9445056376 1.0000 
1285 11668 865.9445056376 1.0000 
1290 11720 865.9445056376 1.0000 
1295 11782 865.9445056376 1.0000 
1300 11836 865.9445056376 1.0000 
1305 11902 865.9445056376 1.0000 
1310 11963 865.9445056376 1.0000 
1315 12021 865.9445056376 1.0000 
1320 12082 865.9445056376 1.0000 
1325 12143 865.9445056376 1.0000 
1330 12206 865.9445056376 1.0000 
1335 12267 865.9445056376 1.0000 
1340 12324 865.9445056376 1.0000 
1345 12384 865.9445056376 1.0000 
1350 12440 865.9445056376 1.0000 
1355 12495 865.9445056376 1.0000 
1360 12551 865.9445056376 1.0000 
1365 12608 865.9445056376 1.0000 
1370 12676 865.9445056376 1.0000 
1375 12736 865.9445056376 1.0000 
1380 12787 865.9445056376 1.0000 
1385 12851 865.9445056376 1.0000 
1390 12911 865.9445056376 1.0000 
1395 12965 865.9445056376 1.0000 
1400 13022 865.9445056376 1.0000 
1405 13081 865.9445056376 1.0000 
1410 13135 865.9445056376 1.0000 
1415 13198 865.9445056376 1.0000 
1420 13254 865.9445056376 1.0000 
1425 13308 865.9445056376 1.0000 
1430 13363 865.9445056376 1.0000 
1435 13421 865.9445056376 1.0000 
1440 13468 865.9445056376 1.0000 
1445 13518 865.9445056376 1.0000 
1450 13574 865.9445056376 1.0000 
1455 13630 865.9445056376 1.0000 
1460 13687 865.9445056376 1.0000 
1465 13739 865.9445056376 1.0000 
1470 13797 865.9445056376 1.0000 
1475 13851 865.9445056376 1.0000 
1480 13903 865.9445056376 1.0000 
1485 13951 865.9445056376 1.0000 
1490 14004 865.9445056376 1.0000 
1495 14057 865.9445056376 1.0000 
1500 14114 865.9445056376 1.0000 
