0 0 1752.9957316738 0.0000 
5 2 1752.9957316738 0.0000 
10 3 1752.9957316738 0.0000 
15 5 1752.9957316738 0.0000 
20 6 1752.9957316738 0.0000 
25 8 1752.9957316738 0.0000 
30 9 1752.9957316738 0.0000 
35 11 1752.9957316738 0.0000 
40 12 1752.9957316738 0.0000 
45 14 1364.1625443797 0.8522 
50 15 1364.1625443797 0.8522 
55 17 1364.1625443797 0.8522 
60 18 1364.1625443797 0.8522 
65 20 1364.1625443797 0.8522 
70 21 1364.1625443797 0.8522 
75 23 1285.8866823326 0.9041 
80 24 1282.3203013429 0.9066 
85 26 1282.3203013429 0.9066 
90 27 1282.3203013429 0.9066 
95 29 1282.3203013429 0.9066 
100 30 1268.6859872260 0.9163 
105 32 1253.9981741426 0.9271 
110 33 1253.9981741426 0.9271 
115 35 1253.9981741426 0.9271 
120 36 1253.9981741426 0.9271 
125 38 1253.9981741426 0.9271 
130 39 1253.9981741426 0.9271 
135 41 1253.9981741426 0.9271 
140 43 1253.9981741426 0.9271 
145 44 1253.9981741426 0.9271 
150 46 1229.6557196951 0.9454 
155 47 1229.6557196951 0.9454 
160 49 1229.6557196951 0.9454 
165 50 1229.6557196951 0.9454 
170 52 1229.6557196951 0.9454 
175 53 1229.6557196951 0.9454 
180 55 1229.6557196951 0.9454 
185 56 1229.6557196951 0.9454 
190 58 1227.5817308974 0.9470 
195 59 1224.3429118823 0.9495 
200 61 1224.3429118823 0.9495 
205 63 1224.3429118823 0.9495 
210 64 1223.5132520111 0.9502 
215 66 1223.4598982187 0.9502 
220 67 1223.4598982187 0.9502 
225 69 1223.4598982187 0.9502 
230 70 1223.4598982187 0.9502 
235 72 1222.0381292106 0.9513 
240 74 1221.6783340503 0.9516 
245 75 1221.6783340503 0.9516 
250 77 1221.6783340503 0.9516 
255 78 1221.6783340503 0.9516 
260 80 1221.6783340503 0.9516 
265 81 1221.6783340503 0.9516 
270 83 1221.6783340503 0.9516 
275 85 1221.6783340503 0.9516 
280 86 1221.6783340503 0.9516 
285 88 1221.6783340503 0.9516 
290 90 1221.6783340503 0.9516 
295 91 1221.6783340503 0.9516 
300 93 1221.6783340503 0.9516 
305 94 1221.6783340503 0.9516 
310 96 1221.6783340503 0.9516 
315 98 1221.6783340503 0.9516 
320 99 1221.6783340503 0.9516 
325 101 1221.6783340503 0.9516 
330 102 1221.6783340503 0.9516 
335 104 1221.6783340503 0.9516 
340 106 1221.6783340503 0.9516 
345 107 1221.6783340503 0.9516 
350 109 1221.6783340503 0.9516 
355 111 1221.6783340503 0.9516 
360 112 1221.6783340503 0.9516 
365 114 1221.6783340503 0.9516 
370 116 1210.4244728747 0.9604 
375 117 1207.3431613619 0.9629 
380 119 1207.3431613619 0.9629 
385 121 1207.3431613619 0.9629 
390 122 1207.3431613619 0.9629 
395 124 1207.3431613619 0.9629 
400 125 1207.3431613619 0.9629 
405 127 1207.3431613619 0.9629 
410 129 1207.2834577258 0.9629 
415 130 1206.8673952616 0.9633 
420 132 1206.8673952616 0.9633 
425 134 1206.6298012352 0.9635 
430 135 1206.6298012352 0.9635 
435 137 1206.6298012352 0.9635 
440 139 1206.6298012352 0.9635 
445 140 1206.6298012352 0.9635 
450 142 1206.6298012352 0.9635 
455 144 1206.6298012352 0.9635 
460 146 1206.6298012352 0.9635 
465 147 1206.6298012352 0.9635 
470 149 1206.6298012352 0.9635 
475 151 1206.6298012352 0.9635 
480 153 1206.6298012352 0.9635 
485 154 1206.6298012352 0.9635 
490 156 1206.6298012352 0.9635 
495 158 1206.6298012352 0.9635 
500 159 1206.6298012352 0.9635 
505 161 1206.6298012352 0.9635 
510 163 1206.6298012352 0.9635 
515 165 1206.6298012352 0.9635 
520 166 1206.6298012352 0.9635 
525 168 1206.6298012352 0.9635 
530 170 1206.6298012352 0.9635 
535 171 1206.6298012352 0.9635 
540 173 1206.6298012352 0.9635 
545 175 1206.6298012352 0.9635 
550 177 1206.6298012352 0.9635 
555 178 1206.6298012352 0.9635 
560 180 1206.6298012352 0.9635 
565 182 1206.6298012352 0.9635 
570 184 1206.6298012352 0.9635 
575 185 1206.6298012352 0.9635 
580 187 1206.6298012352 0.9635 
585 189 1206.6298012352 0.9635 
590 191 1206.6298012352 0.9635 
595 193 1206.6298012352 0.9635 
600 195 1206.6298012352 0.9635 
605 196 1206.6298012352 0.9635 
610 198 1206.6298012352 0.9635 
615 200 1206.6298012352 0.9635 
620 202 1206.6298012352 0.9635 
625 204 1206.6298012352 0.9635 
630 205 1206.6298012352 0.9635 
635 207 1206.6298012352 0.9635 
640 209 1197.9576297301 0.9704 
645 211 1197.9576297301 0.9704 
650 213 1197.9576297301 0.9704 
655 215 1197.9255026794 0.9705 
660 217 1197.9255026794 0.9705 
665 218 1197.9255026794 0.9705 
670 220 1197.9255026794 0.9705 
675 222 1197.9255026794 0.9705 
680 224 1197.9255026794 0.9705 
685 226 1197.9255026794 0.9705 
690 228 1197.1901645365 0.9711 
695 230 1197.1901645365 0.9711 
700 232 1197.1901645365 0.9711 
705 233 1197.1901645365 0.9711 
710 235 1197.1901645365 0.9711 
715 237 1196.9372827667 0.9713 
720 239 1196.9372827667 0.9713 
725 241 1196.9372827667 0.9713 
730 243 1196.9372827667 0.9713 
735 245 1196.9372827667 0.9713 
740 247 1196.9372827667 0.9713 
745 249 1196.9372827667 0.9713 
750 251 1196.9372827667 0.9713 
755 253 1196.9372827667 0.9713 
760 255 1196.9372827667 0.9713 
765 257 1196.9372827667 0.9713 
770 259 1196.9372827667 0.9713 
775 261 1196.9372827667 0.9713 
780 263 1196.9372827667 0.9713 
785 265 1196.9372827667 0.9713 
790 266 1196.9372827667 0.9713 
795 269 1196.9372827667 0.9713 
800 271 1196.9372827667 0.9713 
805 273 1196.9372827667 0.9713 
810 275 1196.9372827667 0.9713 
815 277 1196.9372827667 0.9713 
820 279 1196.9372827667 0.9713 
825 281 1196.9372827667 0.9713 
830 283 1196.9372827667 0.9713 
835 285 1196.9372827667 0.9713 
840 287 1196.9372827667 0.9713 
845 289 1196.9372827667 0.9713 
850 291 1196.9372827667 0.9713 
855 293 1196.9372827667 0.9713 
860 295 1196.9372827667 0.9713 
865 297 1196.9372827667 0.9713 
870 299 1196.4296385782 0.9717 
875 301 1196.4296385782 0.9717 
880 303 1194.9473593495 0.9729 
885 305 1194.9473593495 0.9729 
890 307 1194.9473593495 0.9729 
895 310 1194.9473593495 0.9729 
900 312 1194.9473593495 0.9729 
905 314 1194.9473593495 0.9729 
910 316 1194.9473593495 0.9729 
915 318 1194.3513299537 0.9734 
920 320 1194.3513299537 0.9734 
925 322 1194.3513299537 0.9734 
930 324 1194.3513299537 0.9734 
935 326 1194.3513299537 0.9734 
940 329 1194.3513299537 0.9734 
945 331 1194.3513299537 0.9734 
950 333 1194.3513299537 0.9734 
955 335 1194.3513299537 0.9734 
960 337 1194.3513299537 0.9734 
965 339 1194.3513299537 0.9734 
970 342 1194.3513299537 0.9734 
975 344 1194.3513299537 0.9734 
980 346 1194.3513299537 0.9734 
985 348 1194.3513299537 0.9734 
990 351 1194.3513299537 0.9734 
995 353 1194.3513299537 0.9734 
1000 355 1194.3513299537 0.9734 
1005 357 1194.3513299537 0.9734 
1010 360 1192.4977435850 0.9749 
1015 362 1191.1899537128 0.9760 
1020 364 1191.1899537128 0.9760 
1025 366 1191.1899537128 0.9760 
1030 369 1189.5728586237 0.9773 
1035 371 1189.5728586237 0.9773 
1040 373 1189.5728586237 0.9773 
1045 376 1189.5728586237 0.9773 
1050 378 1189.5728586237 0.9773 
1055 380 1189.5728586237 0.9773 
1060 383 1189.2172352048 0.9776 
1065 385 1189.2172352048 0.9776 
1070 388 1189.1197808918 0.9777 
1075 390 1189.1197808918 0.9777 
1080 392 1189.1197808918 0.9777 
1085 395 1189.1197808918 0.9777 
1090 397 1189.1009336339 0.9777 
1095 400 1189.1009336339 0.9777 
1100 402 1189.1009336339 0.9777 
1105 404 1188.8294203182 0.9779 
1110 407 1188.8294203182 0.9779 
1115 409 1188.8294203182 0.9779 
1120 412 1188.8294203182 0.9779 
1125 415 1188.8294203182 0.9779 
1130 417 1188.8294203182 0.9779 
1135 420 1185.4956230980 0.9806 
1140 422 1185.2327558588 0.9809 
1145 425 1181.8348239638 0.9837 
1150 427 1181.8348239638 0.9837 
1155 430 1181.8170481235 0.9837 
1160 432 1181.8170481235 0.9837 
1165 435 1181.8170481235 0.9837 
1170 437 1181.8170481235 0.9837 
1175 440 1181.8170481235 0.9837 
1180 443 1181.8170481235 0.9837 
1185 445 1181.8170481235 0.9837 
1190 448 1181.8170481235 0.9837 
1195 451 1181.8170481235 0.9837 
1200 453 1181.8170481235 0.9837 
1205 456 1181.8170481235 0.9837 
1210 458 1181.8170481235 0.9837 
1215 461 1181.8170481235 0.9837 
1220 464 1181.8170481235 0.9837 
1225 467 1181.8170481235 0.9837 
1230 470 1181.8170481235 0.9837 
1235 472 1181.8170481235 0.9837 
1240 475 1181.8170481235 0.9837 
1245 478 1181.8170481235 0.9837 
1250 481 1181.8170481235 0.9837 
1255 483 1181.8170481235 0.9837 
1260 486 1181.8170481235 0.9837 
1265 489 1181.8170481235 0.9837 
1270 492 1181.8170481235 0.9837 
1275 495 1181.8170481235 0.9837 
1280 498 1181.8170481235 0.9837 
1285 501 1181.8170481235 0.9837 
1290 504 1181.8170481235 0.9837 
1295 507 1181.8170481235 0.9837 
1300 510 1181.8170481235 0.9837 
1305 513 1181.8170481235 0.9837 
1310 516 1181.8170481235 0.9837 
1315 519 1181.8170481235 0.9837 
1320 522 1181.8170481235 0.9837 
1325 525 1181.8170481235 0.9837 
1330 528 1181.8170481235 0.9837 
1335 531 1181.8170481235 0.9837 
1340 535 1181.8170481235 0.9837 
1345 538 1181.8170481235 0.9837 
1350 541 1181.8170481235 0.9837 
1355 544 1181.8170481235 0.9837 
1360 547 1181.8170481235 0.9837 
1365 551 1181.8170481235 0.9837 
1370 554 1181.8170481235 0.9837 
1375 557 1181.8170481235 0.9837 
1380 560 1181.8170481235 0.9837 
1385 564 1181.8170481235 0.9837 
1390 567 1181.8170481235 0.9837 
1395 571 1181.8170481235 0.9837 
1400 574 1181.8170481235 0.9837 
1405 577 1181.8170481235 0.9837 
1410 581 1181.8170481235 0.9837 
1415 584 1181.8170481235 0.9837 
1420 588 1181.8170481235 0.9837 
1425 591 1181.8170481235 0.9837 
1430 595 1181.2136684041 0.9842 
1435 598 1181.2136684041 0.9842 
1440 602 1181.2136684041 0.9842 
1445 606 1181.2136684041 0.9842 
1450 610 1181.2136684041 0.9842 
1455 613 1181.2136684041 0.9842 
1460 617 1181.2136684041 0.9842 
1465 621 1181.2136684041 0.9842 
1470 625 1181.2136684041 0.9842 
1475 629 1181.2136684041 0.9842 
1480 633 1181.2136684041 0.9842 
1485 637 1181.2136684041 0.9842 
1490 641 1181.2136684041 0.9842 
1495 645 1181.2136684041 0.9842 
