0 0 2129.5628048328 0.0000 
5 1 2129.5628048328 0.0000 
10 2 2129.5628048328 0.0000 
20 3 2129.5628048328 0.0000 
25 4 2129.5628048328 0.0000 
30 5 2129.5628048328 0.0000 
40 6 2129.5628048328 0.0000 
45 7 2129.5628048328 0.0000 
55 8 2129.5628048328 0.0000 
60 9 2129.5628048328 0.0000 
65 10 2129.5628048328 0.0000 
75 11 2129.5628048328 0.0000 
80 12 2129.5628048328 0.0000 
85 13 2129.5628048328 0.0000 
95 14 2129.5628048328 0.0000 
100 15 2129.5628048328 0.0000 
110 16 2129.5628048328 0.0000 
115 17 2129.5628048328 0.0000 
120 18 2129.5628048328 0.0000 
130 19 2129.5628048328 0.0000 
135 20 2129.5628048328 0.0000 
140 21 2129.5628048328 0.0000 
150 22 2129.5628048328 0.0000 
155 23 2129.5628048328 0.0000 
165 24 2129.5628048328 0.0000 
170 25 2129.5628048328 0.0000 
175 26 2129.5628048328 0.0000 
185 27 2129.5628048328 0.0000 
190 28 2129.5628048328 0.0000 
195 29 1614.3182828025 0.8647 
205 30 1614.3182828025 0.8647 
210 31 1605.3105031176 0.8695 
215 32 1605.3105031176 0.8695 
225 33 1605.3105031176 0.8695 
230 34 1587.9594677046 0.8790 
235 35 1587.9594677046 0.8790 
245 36 1587.9594677046 0.8790 
250 37 1587.9594677046 0.8790 
255 38 1587.9594677046 0.8790 
265 39 1587.9594677046 0.8790 
270 40 1587.9594677046 0.8790 
280 41 1567.1047197500 0.8907 
285 42 1567.1047197500 0.8907 
290 43 1563.1537440463 0.8930 
300 44 1563.1537440463 0.8930 
305 45 1563.1537440463 0.8930 
310 46 1563.1537440463 0.8930 
320 47 1563.1537440463 0.8930 
325 48 1563.1537440463 0.8930 
330 49 1563.1537440463 0.8930 
340 50 1563.1537440463 0.8930 
345 51 1563.1537440463 0.8930 
350 52 1527.4151100627 0.9139 
360 53 1527.4151100627 0.9139 
365 54 1527.4151100627 0.9139 
370 55 1527.4151100627 0.9139 
375 56 1519.8123293709 0.9184 
385 57 1519.8123293709 0.9184 
390 58 1519.8123293709 0.9184 
395 59 1519.8123293709 0.9184 
405 60 1519.8123293709 0.9184 
410 61 1519.8123293709 0.9184 
415 62 1519.8123293709 0.9184 
425 63 1519.8123293709 0.9184 
430 64 1519.8123293709 0.9184 
435 65 1519.8123293709 0.9184 
440 66 1519.8123293709 0.9184 
450 67 1519.8123293709 0.9184 
455 68 1515.6946896722 0.9209 
460 69 1514.6040568368 0.9216 
470 70 1514.6040568368 0.9216 
475 71 1514.6040568368 0.9216 
480 72 1514.6040568368 0.9216 
490 73 1514.6040568368 0.9216 
495 74 1514.6040568368 0.9216 
500 75 1514.6040568368 0.9216 
505 76 1513.4163450964 0.9223 
515 77 1513.4163450964 0.9223 
520 78 1513.4163450964 0.9223 
525 79 1513.4163450964 0.9223 
535 80 1513.3974092155 0.9223 
540 81 1513.3974092155 0.9223 
545 82 1513.3974092155 0.9223 
555 83 1513.3974092155 0.9223 
560 84 1513.3974092155 0.9223 
565 85 1513.3974092155 0.9223 
570 86 1511.8004460630 0.9233 
580 87 1511.8004460630 0.9233 
585 88 1511.8004460630 0.9233 
590 89 1511.8004460630 0.9233 
600 90 1511.8004460630 0.9233 
605 91 1511.8004460630 0.9233 
610 92 1511.8004460630 0.9233 
615 93 1511.8004460630 0.9233 
625 94 1511.8004460630 0.9233 
630 95 1511.8004460630 0.9233 
635 96 1511.0608158437 0.9238 
640 97 1511.0608158437 0.9238 
650 98 1511.0608158437 0.9238 
655 99 1508.7796570562 0.9252 
660 100 1508.7796570562 0.9252 
665 101 1508.7796570562 0.9252 
675 102 1508.7796570562 0.9252 
680 103 1508.7796570562 0.9252 
685 104 1508.7796570562 0.9252 
690 105 1508.7796570562 0.9252 
700 106 1508.7796570562 0.9252 
705 107 1508.7796570562 0.9252 
710 108 1508.7796570562 0.9252 
715 109 1508.7796570562 0.9252 
725 110 1508.7796570562 0.9252 
730 111 1508.7796570562 0.9252 
735 112 1508.7796570562 0.9252 
740 113 1508.7796570562 0.9252 
750 114 1508.7796570562 0.9252 
755 115 1508.7796570562 0.9252 
760 116 1508.7796570562 0.9252 
765 117 1508.7796570562 0.9252 
770 118 1508.7796570562 0.9252 
780 119 1508.7796570562 0.9252 
785 120 1508.7796570562 0.9252 
790 121 1508.7796570562 0.9252 
800 122 1508.7796570562 0.9252 
805 123 1508.7796570562 0.9252 
810 124 1508.7796570562 0.9252 
815 125 1508.7796570562 0.9252 
820 126 1508.7796570562 0.9252 
830 127 1508.7796570562 0.9252 
835 128 1508.7796570562 0.9252 
840 129 1508.7796570562 0.9252 
845 130 1508.7796570562 0.9252 
850 131 1508.7796570562 0.9252 
860 132 1508.7796570562 0.9252 
865 133 1508.7796570562 0.9252 
870 134 1508.7796570562 0.9252 
875 135 1508.7796570562 0.9252 
880 136 1508.7796570562 0.9252 
890 137 1508.7796570562 0.9252 
895 138 1508.7796570562 0.9252 
900 139 1508.7796570562 0.9252 
905 140 1508.7796570562 0.9252 
915 141 1508.7796570562 0.9252 
920 142 1508.7796570562 0.9252 
925 143 1508.7796570562 0.9252 
930 144 1508.7796570562 0.9252 
935 145 1508.7796570562 0.9252 
940 146 1508.7796570562 0.9252 
950 147 1508.7796570562 0.9252 
955 148 1508.7796570562 0.9252 
960 149 1508.7796570562 0.9252 
965 150 1508.7796570562 0.9252 
970 151 1508.7796570562 0.9252 
980 152 1508.7796570562 0.9252 
985 153 1508.7796570562 0.9252 
990 154 1508.7796570562 0.9252 
995 155 1508.7796570562 0.9252 
1000 156 1508.7796570562 0.9252 
1010 157 1508.7796570562 0.9252 
1015 158 1508.7796570562 0.9252 
1020 159 1508.7796570562 0.9252 
1025 160 1508.7796570562 0.9252 
1030 161 1508.7796570562 0.9252 
1040 162 1508.7796570562 0.9252 
1045 163 1508.7796570562 0.9252 
1050 164 1508.7796570562 0.9252 
1055 165 1508.7796570562 0.9252 
1060 166 1508.7796570562 0.9252 
1065 167 1508.7796570562 0.9252 
1075 168 1508.7796570562 0.9252 
1080 169 1508.7796570562 0.9252 
1085 170 1508.7796570562 0.9252 
1090 171 1508.7796570562 0.9252 
1095 172 1508.7796570562 0.9252 
1100 173 1508.7796570562 0.9252 
1110 174 1508.7796570562 0.9252 
1115 175 1508.7796570562 0.9252 
1120 176 1508.7796570562 0.9252 
1125 177 1508.7796570562 0.9252 
1130 178 1508.7796570562 0.9252 
1135 179 1508.7796570562 0.9252 
1140 180 1508.7796570562 0.9252 
1150 181 1508.7796570562 0.9252 
1155 182 1508.7796570562 0.9252 
1160 183 1508.7796570562 0.9252 
1165 184 1508.7796570562 0.9252 
1170 185 1508.7796570562 0.9252 
1175 186 1508.7796570562 0.9252 
1180 187 1508.7796570562 0.9252 
1190 188 1508.7796570562 0.9252 
1195 189 1508.7796570562 0.9252 
1200 190 1508.7796570562 0.9252 
1205 191 1508.7796570562 0.9252 
1210 192 1508.7796570562 0.9252 
1215 193 1508.7796570562 0.9252 
1220 194 1508.7796570562 0.9252 
1225 195 1508.7796570562 0.9252 
1235 196 1508.7796570562 0.9252 
1240 197 1508.7796570562 0.9252 
1245 198 1508.7796570562 0.9252 
1250 199 1508.7796570562 0.9252 
1255 200 1508.7796570562 0.9252 
1260 201 1508.7796570562 0.9252 
1265 202 1508.7796570562 0.9252 
1270 203 1508.7796570562 0.9252 
1280 204 1508.7796570562 0.9252 
1285 205 1508.7796570562 0.9252 
1290 206 1508.7796570562 0.9252 
1295 207 1508.7796570562 0.9252 
1300 208 1508.7796570562 0.9252 
1305 209 1508.7796570562 0.9252 
1310 210 1508.7796570562 0.9252 
1315 211 1508.7796570562 0.9252 
1320 212 1508.7796570562 0.9252 
1325 213 1508.7796570562 0.9252 
1330 214 1508.7796570562 0.9252 
1340 215 1508.7796570562 0.9252 
1345 216 1508.7796570562 0.9252 
1350 217 1508.7796570562 0.9252 
1355 218 1508.7796570562 0.9252 
1360 219 1508.7796570562 0.9252 
1365 220 1508.7796570562 0.9252 
1370 221 1508.7796570562 0.9252 
1375 222 1508.7796570562 0.9252 
1380 223 1508.7796570562 0.9252 
1390 224 1508.7796570562 0.9252 
1395 225 1508.7796570562 0.9252 
1400 226 1508.7796570562 0.9252 
1405 227 1508.7796570562 0.9252 
1410 228 1508.7796570562 0.9252 
1415 229 1508.7796570562 0.9252 
1420 230 1508.7796570562 0.9252 
1425 231 1508.7796570562 0.9252 
1430 232 1508.7796570562 0.9252 
1435 233 1508.7796570562 0.9252 
1440 234 1508.7796570562 0.9252 
1445 235 1508.7796570562 0.9252 
1450 236 1508.7796570562 0.9252 
1455 237 1508.7796570562 0.9252 
1465 238 1508.7796570562 0.9252 
1470 239 1508.7796570562 0.9252 
1475 240 1508.7796570562 0.9252 
1480 241 1508.7796570562 0.9252 
1485 242 1508.7796570562 0.9252 
1490 243 1508.7796570562 0.9252 
1495 244 1508.7796570562 0.9252 
