0 0 1393.0806474892 0.0000 
5 3 1393.0806474892 0.0000 
10 5 1393.0806474892 0.0000 
15 7 1393.0806474892 0.0000 
20 10 1393.0806474892 0.0000 
25 12 1393.0806474892 0.0000 
30 14 1393.0806474892 0.0000 
35 17 1393.0806474892 0.0000 
40 19 1393.0806474892 0.0000 
45 21 1393.0806474892 0.0000 
50 24 1393.0806474892 0.0000 
55 26 1393.0806474892 0.0000 
60 29 1393.0806474892 0.0000 
65 31 1393.0806474892 0.0000 
70 33 1393.0806474892 0.0000 
75 36 1393.0806474892 0.0000 
80 38 1393.0806474892 0.0000 
85 40 1393.0806474892 0.0000 
90 43 1167.2673458167 0.8928 
95 45 1159.2931502583 0.8989 
100 48 1159.2931502583 0.8989 
105 50 1159.2931502583 0.8989 
110 53 1159.2931502583 0.8989 
115 55 1159.2931502583 0.8989 
120 57 1130.1057692286 0.9221 
125 60 1130.1057692286 0.9221 
130 62 1127.6509082777 0.9241 
135 65 1125.0187562546 0.9263 
140 67 1125.0187562546 0.9263 
145 70 1125.0187562546 0.9263 
150 72 1125.0187562546 0.9263 
155 74 1124.8068782531 0.9265 
160 77 1124.8068782531 0.9265 
165 79 1124.8068782531 0.9265 
170 82 1124.8068782531 0.9265 
175 84 1124.8068782531 0.9265 
180 87 1124.8068782531 0.9265 
185 89 1124.8068782531 0.9265 
190 92 1124.8068782531 0.9265 
195 94 1124.8068782531 0.9265 
200 97 1124.8068782531 0.9265 
205 99 1124.8068782531 0.9265 
210 102 1124.8068782531 0.9265 
215 105 1124.8068782531 0.9265 
220 107 1124.8068782531 0.9265 
225 110 1124.8068782531 0.9265 
230 112 1124.8068782531 0.9265 
235 115 1124.8068782531 0.9265 
240 117 1124.8068782531 0.9265 
245 120 1124.8068782531 0.9265 
250 123 1124.8068782531 0.9265 
255 125 1124.8068782531 0.9265 
260 128 1124.8068782531 0.9265 
265 131 1124.8068782531 0.9265 
270 133 1124.8068782531 0.9265 
275 136 1124.8068782531 0.9265 
280 138 1124.8068782531 0.9265 
285 141 1124.8068782531 0.9265 
290 144 1124.8068782531 0.9265 
295 146 1124.8068782531 0.9265 
300 149 1124.8068782531 0.9265 
305 152 1124.8068782531 0.9265 
310 154 1124.8068782531 0.9265 
315 157 1124.8068782531 0.9265 
320 160 1124.8068782531 0.9265 
325 162 1124.8068782531 0.9265 
330 165 1124.8068782531 0.9265 
335 168 1124.8068782531 0.9265 
340 171 1124.8068782531 0.9265 
345 173 1076.2214703019 0.9683 
350 176 1076.2214703019 0.9683 
355 179 1076.2214703019 0.9683 
360 181 1074.6466816899 0.9697 
365 184 1074.6466816899 0.9697 
370 187 1074.6466816899 0.9697 
375 190 1074.6466816899 0.9697 
380 193 1074.6466816899 0.9697 
385 196 1074.6466816899 0.9697 
390 198 1074.6466816899 0.9697 
395 201 1074.6466816899 0.9697 
400 204 1074.6466816899 0.9697 
405 207 1074.6466816899 0.9697 
410 210 1074.6466816899 0.9697 
415 213 1074.6466816899 0.9697 
420 216 1074.6466816899 0.9697 
425 218 1074.6466816899 0.9697 
430 221 1074.6466816899 0.9697 
435 224 1074.6466816899 0.9697 
440 227 1074.6466816899 0.9697 
445 230 1074.6466816899 0.9697 
450 233 1074.6466816899 0.9697 
455 236 1074.6466816899 0.9697 
460 239 1074.6466816899 0.9697 
465 242 1074.6466816899 0.9697 
470 245 1073.8156014898 0.9705 
475 248 1073.8156014898 0.9705 
480 251 1073.8156014898 0.9705 
485 254 1073.8156014898 0.9705 
490 257 1073.8156014898 0.9705 
495 260 1073.8156014898 0.9705 
500 263 1073.8156014898 0.9705 
505 266 1073.8156014898 0.9705 
510 269 1073.8156014898 0.9705 
515 272 1073.8156014898 0.9705 
520 275 1073.8156014898 0.9705 
525 278 1073.8156014898 0.9705 
530 282 1073.8156014898 0.9705 
535 285 1073.8156014898 0.9705 
540 288 1073.8156014898 0.9705 
545 291 1073.8156014898 0.9705 
550 295 1073.8156014898 0.9705 
555 298 1073.8156014898 0.9705 
560 301 1073.8156014898 0.9705 
565 304 1073.8156014898 0.9705 
570 308 1073.8156014898 0.9705 
575 311 1073.8156014898 0.9705 
580 314 1073.8156014898 0.9705 
585 317 1073.8156014898 0.9705 
590 321 1073.8156014898 0.9705 
595 324 1073.8156014898 0.9705 
600 327 1073.8156014898 0.9705 
605 331 1073.8156014898 0.9705 
610 334 1073.8156014898 0.9705 
615 338 1073.8156014898 0.9705 
620 341 1073.8156014898 0.9705 
625 344 1073.8156014898 0.9705 
630 348 1073.8156014898 0.9705 
635 351 1073.8156014898 0.9705 
640 355 1073.8156014898 0.9705 
645 358 1073.8156014898 0.9705 
650 362 1073.8156014898 0.9705 
655 365 1073.8156014898 0.9705 
660 369 1073.8156014898 0.9705 
665 373 1073.8156014898 0.9705 
670 376 1073.8156014898 0.9705 
675 380 1073.8156014898 0.9705 
680 384 1073.8156014898 0.9705 
685 387 1073.8156014898 0.9705 
690 391 1073.8156014898 0.9705 
695 395 1073.8156014898 0.9705 
700 399 1073.8156014898 0.9705 
705 402 1073.8156014898 0.9705 
710 406 1073.8156014898 0.9705 
715 410 1073.8156014898 0.9705 
720 414 1073.8156014898 0.9705 
725 418 1073.8156014898 0.9705 
730 422 1073.8156014898 0.9705 
735 426 1073.8156014898 0.9705 
740 430 1073.8156014898 0.9705 
745 434 1073.8156014898 0.9705 
750 438 1073.8156014898 0.9705 
755 442 1073.8156014898 0.9705 
760 446 1073.8156014898 0.9705 
765 450 1073.8156014898 0.9705 
770 454 1073.8156014898 0.9705 
775 459 1073.8156014898 0.9705 
780 463 1073.8156014898 0.9705 
785 467 1073.8156014898 0.9705 
790 471 1073.8156014898 0.9705 
795 476 1073.8156014898 0.9705 
800 480 1073.8156014898 0.9705 
805 484 1073.8156014898 0.9705 
810 489 1073.8156014898 0.9705 
815 493 1073.8156014898 0.9705 
820 497 1073.8156014898 0.9705 
825 502 1073.8156014898 0.9705 
830 507 1073.8156014898 0.9705 
835 511 1073.8156014898 0.9705 
840 516 1073.8156014898 0.9705 
845 521 1073.8156014898 0.9705 
850 525 1073.8156014898 0.9705 
855 530 1073.8156014898 0.9705 
860 535 1073.8156014898 0.9705 
865 540 1073.8156014898 0.9705 
870 545 1073.8156014898 0.9705 
875 550 1073.8156014898 0.9705 
880 555 1073.8156014898 0.9705 
885 560 1073.8156014898 0.9705 
890 565 1073.8156014898 0.9705 
895 571 1073.8156014898 0.9705 
900 576 1073.8156014898 0.9705 
905 581 1073.8156014898 0.9705 
910 586 1073.8156014898 0.9705 
915 592 1073.8156014898 0.9705 
920 597 1073.8156014898 0.9705 
925 603 1073.8156014898 0.9705 
930 609 1073.8156014898 0.9705 
935 615 1073.8156014898 0.9705 
940 620 1073.8156014898 0.9705 
945 627 1073.8156014898 0.9705 
950 633 1073.8156014898 0.9705 
955 639 1073.8156014898 0.9705 
960 645 1073.8156014898 0.9705 
965 652 1073.8156014898 0.9705 
970 658 1073.8156014898 0.9705 
975 665 1073.8156014898 0.9705 
980 672 1073.8156014898 0.9705 
985 679 1073.8156014898 0.9705 
990 687 1073.8156014898 0.9705 
995 694 1073.8156014898 0.9705 
1000 702 1073.8156014898 0.9705 
1005 709 1073.8156014898 0.9705 
1010 717 1073.8156014898 0.9705 
1015 726 1073.8156014898 0.9705 
1020 734 1073.8156014898 0.9705 
1025 743 1073.8156014898 0.9705 
1030 753 1073.8156014898 0.9705 
1035 762 1073.8156014898 0.9705 
1040 772 1073.8156014898 0.9705 
1045 783 1073.8156014898 0.9705 
1050 794 1073.8156014898 0.9705 
1055 806 1073.8156014898 0.9705 
1060 818 1073.8156014898 0.9705 
1065 832 1073.8156014898 0.9705 
1070 847 1073.8156014898 0.9705 
1075 863 1073.8156014898 0.9705 
1080 882 1073.8156014898 0.9705 
1085 905 1073.8156014898 0.9705 
1090 939 1073.8156014898 0.9705 
1095 1026 1073.8156014898 0.9705 
1100 1135 1073.8156014898 0.9705 
1105 1247 1073.8156014898 0.9705 
1110 1357 1073.8156014898 0.9705 
1115 1469 1073.8156014898 0.9705 
1120 1583 1073.8156014898 0.9705 
1125 1695 1073.8156014898 0.9705 
1130 1806 1073.8156014898 0.9705 
1135 1915 1073.8156014898 0.9705 
1140 2030 1073.8156014898 0.9705 
1145 2141 1073.8156014898 0.9705 
1150 2255 1073.8156014898 0.9705 
1155 2368 1073.8156014898 0.9705 
1160 2475 1073.8156014898 0.9705 
1165 2587 1073.8156014898 0.9705 
1170 2696 1073.8156014898 0.9705 
1175 2809 1073.8156014898 0.9705 
1180 2922 1073.8156014898 0.9705 
1185 3031 1073.8156014898 0.9705 
1190 3145 1073.8156014898 0.9705 
1195 3258 1073.8156014898 0.9705 
1200 3368 1073.8156014898 0.9705 
1205 3481 1073.8156014898 0.9705 
1210 3589 1073.8156014898 0.9705 
1215 3690 1073.8156014898 0.9705 
1220 3799 1073.8156014898 0.9705 
1225 3910 1073.8156014898 0.9705 
1230 4024 1073.8156014898 0.9705 
1235 4137 1073.8156014898 0.9705 
1240 4252 1073.8156014898 0.9705 
1245 4365 1073.8156014898 0.9705 
1250 4480 1073.8156014898 0.9705 
1255 4593 1073.8156014898 0.9705 
1260 4707 1073.8156014898 0.9705 
1265 4821 1073.8156014898 0.9705 
1270 4935 1073.8156014898 0.9705 
1275 5050 1073.8156014898 0.9705 
1280 5165 1073.8156014898 0.9705 
1285 5280 1073.8156014898 0.9705 
1290 5391 1073.8156014898 0.9705 
1295 5506 1073.8156014898 0.9705 
1300 5621 1073.8156014898 0.9705 
1305 5730 1073.8156014898 0.9705 
1310 5833 1073.8156014898 0.9705 
1315 5934 1073.8156014898 0.9705 
1320 6038 1073.8156014898 0.9705 
1325 6140 1073.8156014898 0.9705 
1330 6241 1073.8156014898 0.9705 
1335 6345 1073.8156014898 0.9705 
1340 6447 1073.8156014898 0.9705 
1345 6554 1073.8156014898 0.9705 
1350 6653 1073.8156014898 0.9705 
1355 6747 1073.8156014898 0.9705 
1360 6842 1073.8156014898 0.9705 
1365 6940 1073.8156014898 0.9705 
1370 7036 1073.8156014898 0.9705 
1375 7129 1073.8156014898 0.9705 
1380 7226 1073.8156014898 0.9705 
1385 7321 1073.8156014898 0.9705 
1390 7420 1073.8156014898 0.9705 
1395 7521 1073.8156014898 0.9705 
1400 7620 1073.8156014898 0.9705 
1405 7713 1073.8156014898 0.9705 
1410 7798 1073.8156014898 0.9705 
1415 7885 1073.8156014898 0.9705 
1420 7972 1073.8156014898 0.9705 
1425 8058 1073.8156014898 0.9705 
1430 8150 1073.8156014898 0.9705 
1435 8244 1073.8156014898 0.9705 
1440 8331 1073.8156014898 0.9705 
1445 8420 1073.8156014898 0.9705 
1450 8509 1073.8156014898 0.9705 
1455 8599 1073.8156014898 0.9705 
1460 8688 1073.8156014898 0.9705 
1465 8773 1073.8156014898 0.9705 
1470 8859 1073.8156014898 0.9705 
1475 8939 1073.8156014898 0.9705 
1480 9018 1073.8156014898 0.9705 
1485 9101 1073.8156014898 0.9705 
1490 9188 1073.8156014898 0.9705 
1495 9273 1073.8156014898 0.9705 
1500 9353 1073.8156014898 0.9705 
