0 0 1093.6505635135 0.0000 
5 5 940.6228647197 0.8713 
10 9 923.3352493708 0.8876 
15 13 894.0211225637 0.9167 
20 17 884.8976605307 0.9262 
25 21 872.1370372963 0.9397 
30 26 862.8845789818 0.9498 
35 30 861.0230627753 0.9518 
40 34 847.5999548271 0.9669 
45 38 842.6285044295 0.9726 
50 42 836.6644650258 0.9796 
55 46 836.6644650258 0.9796 
60 50 836.5576369392 0.9797 
65 55 836.5576369392 0.9797 
70 59 836.5576369392 0.9797 
75 63 830.0424271000 0.9874 
80 67 828.5995257276 0.9891 
85 71 826.1882315234 0.9920 
90 75 826.1882315234 0.9920 
95 79 826.1882315234 0.9920 
100 84 826.1882315234 0.9920 
105 88 826.1487018477 0.9920 
110 92 826.1487018477 0.9920 
115 96 826.1487018477 0.9920 
120 101 826.1487018477 0.9920 
125 105 821.4756577049 0.9977 
130 109 819.8503769808 0.9996 
135 113 819.5970738631 1.0000 
140 118 819.5575441875 1.0000 
145 122 819.5575441875 1.0000 
150 127 819.5575441875 1.0000 
155 131 819.5575441875 1.0000 
160 135 819.5575441875 1.0000 
165 140 819.5575441875 1.0000 
170 144 819.5575441875 1.0000 
175 148 819.5575441875 1.0000 
180 153 819.5575441875 1.0000 
185 157 819.5575441875 1.0000 
190 162 819.5575441875 1.0000 
195 166 819.5575441875 1.0000 
200 171 819.5575441875 1.0000 
205 175 819.5575441875 1.0000 
210 180 819.5575441875 1.0000 
215 185 819.5575441875 1.0000 
220 189 819.5575441875 1.0000 
225 194 819.5575441875 1.0000 
230 198 819.5575441875 1.0000 
235 203 819.5575441875 1.0000 
240 207 819.5575441875 1.0000 
245 212 819.5575441875 1.0000 
250 217 819.5575441875 1.0000 
255 222 819.5575441875 1.0000 
260 227 819.5575441875 1.0000 
265 232 819.5575441875 1.0000 
270 236 819.5575441875 1.0000 
275 241 819.5575441875 1.0000 
280 246 819.5575441875 1.0000 
285 251 819.5575441875 1.0000 
290 256 819.5575441875 1.0000 
295 261 819.5575441875 1.0000 
300 266 819.5575441875 1.0000 
305 272 819.5575441875 1.0000 
310 277 819.5575441875 1.0000 
315 282 819.5575441875 1.0000 
320 287 819.5575441875 1.0000 
325 292 819.5575441875 1.0000 
330 297 819.5575441875 1.0000 
335 303 819.5575441875 1.0000 
340 308 819.5575441875 1.0000 
345 313 819.5575441875 1.0000 
350 319 819.5575441875 1.0000 
355 324 819.5575441875 1.0000 
360 330 819.5575441875 1.0000 
365 335 819.5575441875 1.0000 
370 341 819.5575441875 1.0000 
375 347 819.5575441875 1.0000 
380 352 819.5575441875 1.0000 
385 358 819.5575441875 1.0000 
390 364 819.5575441875 1.0000 
395 370 819.5575441875 1.0000 
400 376 819.5575441875 1.0000 
405 382 819.5575441875 1.0000 
410 388 819.5575441875 1.0000 
415 394 819.5575441875 1.0000 
420 400 819.5575441875 1.0000 
425 406 819.5575441875 1.0000 
430 412 819.5575441875 1.0000 
435 419 819.5575441875 1.0000 
440 425 819.5575441875 1.0000 
445 432 819.5575441875 1.0000 
450 438 819.5575441875 1.0000 
455 445 819.5575441875 1.0000 
460 451 819.5575441875 1.0000 
465 458 819.5575441875 1.0000 
470 465 819.5575441875 1.0000 
475 472 819.5575441875 1.0000 
480 479 819.5575441875 1.0000 
485 486 819.5575441875 1.0000 
490 493 819.5575441875 1.0000 
495 501 819.5575441875 1.0000 
500 508 819.5575441875 1.0000 
505 516 819.5575441875 1.0000 
510 524 819.5575441875 1.0000 
515 532 819.5575441875 1.0000 
520 540 819.5575441875 1.0000 
525 548 819.5575441875 1.0000 
530 556 819.5575441875 1.0000 
535 565 819.5575441875 1.0000 
540 574 819.5575441875 1.0000 
545 582 819.5575441875 1.0000 
550 591 819.5575441875 1.0000 
555 601 819.5575441875 1.0000 
560 610 819.5575441875 1.0000 
565 620 819.5575441875 1.0000 
570 630 819.5575441875 1.0000 
575 641 819.5575441875 1.0000 
580 651 819.5575441875 1.0000 
585 662 819.5575441875 1.0000 
590 674 819.5575441875 1.0000 
595 686 819.5575441875 1.0000 
600 698 819.5575441875 1.0000 
605 711 819.5575441875 1.0000 
610 724 819.5575441875 1.0000 
615 739 819.5575441875 1.0000 
620 754 819.5575441875 1.0000 
625 770 819.5575441875 1.0000 
630 788 819.5575441875 1.0000 
635 807 819.5575441875 1.0000 
640 829 819.5575441875 1.0000 
645 854 819.5575441875 1.0000 
650 884 819.5575441875 1.0000 
655 928 819.5575441875 1.0000 
660 1071 819.5575441875 1.0000 
665 1234 819.5575441875 1.0000 
670 1388 819.5575441875 1.0000 
675 1540 819.5575441875 1.0000 
680 1691 819.5575441875 1.0000 
685 1844 819.5575441875 1.0000 
690 1994 819.5575441875 1.0000 
695 2143 819.5575441875 1.0000 
700 2278 819.5575441875 1.0000 
705 2415 819.5575441875 1.0000 
710 2548 819.5575441875 1.0000 
715 2681 819.5575441875 1.0000 
720 2811 819.5575441875 1.0000 
725 2947 819.5575441875 1.0000 
730 3083 819.5575441875 1.0000 
735 3210 819.5575441875 1.0000 
740 3332 819.5575441875 1.0000 
745 3458 819.5575441875 1.0000 
750 3578 819.5575441875 1.0000 
755 3704 819.5575441875 1.0000 
760 3826 819.5575441875 1.0000 
765 3947 819.5575441875 1.0000 
770 4073 819.5575441875 1.0000 
775 4193 819.5575441875 1.0000 
780 4315 819.5575441875 1.0000 
785 4428 819.5575441875 1.0000 
790 4541 819.5575441875 1.0000 
795 4648 819.5575441875 1.0000 
800 4760 819.5575441875 1.0000 
805 4866 819.5575441875 1.0000 
810 4985 819.5575441875 1.0000 
815 5101 819.5575441875 1.0000 
820 5203 819.5575441875 1.0000 
825 5310 819.5575441875 1.0000 
830 5409 819.5575441875 1.0000 
835 5517 819.5575441875 1.0000 
840 5623 819.5575441875 1.0000 
845 5728 819.5575441875 1.0000 
850 5829 819.5575441875 1.0000 
855 5933 819.5575441875 1.0000 
860 6035 819.5575441875 1.0000 
865 6137 819.5575441875 1.0000 
870 6221 819.5575441875 1.0000 
875 6320 819.5575441875 1.0000 
880 6419 819.5575441875 1.0000 
885 6519 819.5575441875 1.0000 
890 6610 819.5575441875 1.0000 
895 6704 819.5575441875 1.0000 
900 6799 819.5575441875 1.0000 
905 6902 819.5575441875 1.0000 
910 6990 819.5575441875 1.0000 
915 7083 819.5575441875 1.0000 
920 7181 819.5575441875 1.0000 
925 7273 819.5575441875 1.0000 
930 7364 819.5575441875 1.0000 
935 7443 819.5575441875 1.0000 
940 7529 819.5575441875 1.0000 
945 7624 819.5575441875 1.0000 
950 7716 819.5575441875 1.0000 
955 7806 819.5575441875 1.0000 
960 7895 819.5575441875 1.0000 
965 7981 819.5575441875 1.0000 
970 8074 819.5575441875 1.0000 
975 8157 819.5575441875 1.0000 
980 8235 819.5575441875 1.0000 
985 8315 819.5575441875 1.0000 
990 8398 819.5575441875 1.0000 
995 8488 819.5575441875 1.0000 
1000 8572 819.5575441875 1.0000 
1005 8657 819.5575441875 1.0000 
1010 8749 819.5575441875 1.0000 
1015 8824 819.5575441875 1.0000 
1020 8906 819.5575441875 1.0000 
1025 8990 819.5575441875 1.0000 
1030 9080 819.5575441875 1.0000 
1035 9167 819.5575441875 1.0000 
1040 9249 819.5575441875 1.0000 
1045 9323 819.5575441875 1.0000 
1050 9397 819.5575441875 1.0000 
1055 9477 819.5575441875 1.0000 
1060 9549 819.5575441875 1.0000 
1065 9627 819.5575441875 1.0000 
1070 9702 819.5575441875 1.0000 
1075 9780 819.5575441875 1.0000 
1080 9855 819.5575441875 1.0000 
1085 9938 819.5575441875 1.0000 
1090 10019 819.5575441875 1.0000 
1095 10096 819.5575441875 1.0000 
1100 10175 819.5575441875 1.0000 
1105 10243 819.5575441875 1.0000 
1110 10327 819.5575441875 1.0000 
1115 10402 819.5575441875 1.0000 
1120 10476 819.5575441875 1.0000 
1125 10556 819.5575441875 1.0000 
1130 10636 819.5575441875 1.0000 
1135 10715 819.5575441875 1.0000 
1140 10789 819.5575441875 1.0000 
1145 10857 819.5575441875 1.0000 
1150 10924 819.5575441875 1.0000 
1155 10999 819.5575441875 1.0000 
1160 11068 819.5575441875 1.0000 
1165 11151 819.5575441875 1.0000 
1170 11227 819.5575441875 1.0000 
1175 11295 819.5575441875 1.0000 
1180 11370 819.5575441875 1.0000 
1185 11439 819.5575441875 1.0000 
1190 11510 819.5575441875 1.0000 
1195 11582 819.5575441875 1.0000 
1200 11651 819.5575441875 1.0000 
1205 11723 819.5575441875 1.0000 
1210 11796 819.5575441875 1.0000 
1215 11868 819.5575441875 1.0000 
1220 11934 819.5575441875 1.0000 
1225 11996 819.5575441875 1.0000 
1230 12062 819.5575441875 1.0000 
1235 12135 819.5575441875 1.0000 
1240 12200 819.5575441875 1.0000 
1245 12272 819.5575441875 1.0000 
1250 12333 819.5575441875 1.0000 
1255 12400 819.5575441875 1.0000 
1260 12469 819.5575441875 1.0000 
1265 12538 819.5575441875 1.0000 
1270 12600 819.5575441875 1.0000 
1275 12660 819.5575441875 1.0000 
1280 12720 819.5575441875 1.0000 
1285 12784 819.5575441875 1.0000 
1290 12848 819.5575441875 1.0000 
1295 12926 819.5575441875 1.0000 
1300 12998 819.5575441875 1.0000 
1305 13060 819.5575441875 1.0000 
1310 13120 819.5575441875 1.0000 
1315 13176 819.5575441875 1.0000 
1320 13242 819.5575441875 1.0000 
1325 13312 819.5575441875 1.0000 
1330 13382 819.5575441875 1.0000 
1335 13441 819.5575441875 1.0000 
1340 13499 819.5575441875 1.0000 
1345 13555 819.5575441875 1.0000 
1350 13616 819.5575441875 1.0000 
1355 13677 819.5575441875 1.0000 
1360 13737 819.5575441875 1.0000 
1365 13807 819.5575441875 1.0000 
1370 13876 819.5575441875 1.0000 
1375 13944 819.5575441875 1.0000 
1380 14015 819.5575441875 1.0000 
1385 14079 819.5575441875 1.0000 
1390 14133 819.5575441875 1.0000 
1395 14192 819.5575441875 1.0000 
1400 14258 819.5575441875 1.0000 
1405 14320 819.5575441875 1.0000 
1410 14381 819.5575441875 1.0000 
1415 14443 819.5575441875 1.0000 
1420 14505 819.5575441875 1.0000 
1425 14566 819.5575441875 1.0000 
1430 14633 819.5575441875 1.0000 
1435 14696 819.5575441875 1.0000 
1440 14759 819.5575441875 1.0000 
1445 14814 819.5575441875 1.0000 
1450 14879 819.5575441875 1.0000 
1455 14950 819.5575441875 1.0000 
1460 15005 819.5575441875 1.0000 
1465 15067 819.5575441875 1.0000 
1470 15127 819.5575441875 1.0000 
1475 15181 819.5575441875 1.0000 
1480 15243 819.5575441875 1.0000 
1485 15296 819.5575441875 1.0000 
1490 15358 819.5575441875 1.0000 
1495 15419 819.5575441875 1.0000 
1500 15471 819.5575441875 1.0000 
