0 0 1893.1746485460 0.0000 
5 3 1893.1746485460 0.0000 
10 6 1893.1746485460 0.0000 
15 8 1893.1746485460 0.0000 
20 11 1893.1746485460 0.0000 
25 14 1730.5112905759 0.8906 
30 16 1730.5112905759 0.8906 
35 19 1718.1917896907 0.8970 
40 22 1718.1917896907 0.8970 
45 24 1717.3785810333 0.8974 
50 27 1717.3785810333 0.8974 
55 30 1669.7357497234 0.9230 
60 33 1669.7357497234 0.9230 
65 35 1669.7357497234 0.9230 
70 38 1617.3447187591 0.9529 
75 41 1617.3447187591 0.9529 
80 43 1611.2070598450 0.9565 
85 46 1611.2070598450 0.9565 
90 49 1599.9213077385 0.9633 
95 52 1599.9213077385 0.9633 
100 54 1599.9213077385 0.9633 
105 57 1599.9213077385 0.9633 
110 60 1599.9213077385 0.9633 
115 63 1599.9213077385 0.9633 
120 65 1599.9213077385 0.9633 
125 68 1599.9213077385 0.9633 
130 71 1599.9213077385 0.9633 
135 74 1576.8778955402 0.9773 
140 77 1576.4927307331 0.9776 
145 79 1576.2706303565 0.9777 
150 82 1574.8975846456 0.9786 
155 85 1574.5498826998 0.9788 
160 88 1574.5498826998 0.9788 
165 91 1574.5498826998 0.9788 
170 94 1574.5498826998 0.9788 
175 97 1574.5498826998 0.9788 
180 100 1574.5498826998 0.9788 
185 102 1574.5498826998 0.9788 
190 105 1574.5498826998 0.9788 
195 108 1574.5498826998 0.9788 
200 111 1574.5498826998 0.9788 
205 114 1574.4652922701 0.9788 
210 117 1574.4652922701 0.9788 
215 120 1574.4652922701 0.9788 
220 123 1574.4652922701 0.9788 
225 126 1574.4047726609 0.9789 
230 129 1574.4047726609 0.9789 
235 132 1574.4047726609 0.9789 
240 135 1574.1052797771 0.9791 
245 138 1574.1052797771 0.9791 
250 141 1573.3763267111 0.9795 
255 144 1573.3763267111 0.9795 
260 147 1572.9293093778 0.9798 
265 150 1572.9293093778 0.9798 
270 153 1572.9293093778 0.9798 
275 156 1572.0147401856 0.9804 
280 159 1571.9021272308 0.9804 
285 162 1569.3272028839 0.9820 
290 165 1568.9420380768 0.9823 
295 169 1568.9420380768 0.9823 
300 172 1568.3074734352 0.9827 
305 175 1568.3074734352 0.9827 
310 178 1568.3074734352 0.9827 
315 181 1568.3074734352 0.9827 
320 185 1567.2470753467 0.9833 
325 188 1567.2470753467 0.9833 
330 191 1567.2470753467 0.9833 
335 194 1566.7875876256 0.9836 
340 197 1566.7875876256 0.9836 
345 201 1566.7875876256 0.9836 
350 204 1566.7875876256 0.9836 
355 207 1566.7875876256 0.9836 
360 211 1566.3102216208 0.9839 
365 214 1566.3102216208 0.9839 
370 217 1566.3102216208 0.9839 
375 221 1564.8618409774 0.9848 
380 224 1564.3025804258 0.9852 
385 227 1564.3025804258 0.9852 
390 231 1564.3025804258 0.9852 
395 234 1564.2500922284 0.9852 
400 237 1564.2500922284 0.9852 
405 241 1561.2566865078 0.9871 
410 244 1561.2566865078 0.9871 
415 248 1561.2566865078 0.9871 
420 251 1561.2566865078 0.9871 
425 255 1561.2566865078 0.9871 
430 258 1561.2566865078 0.9871 
435 262 1561.2566865078 0.9871 
440 265 1561.2566865078 0.9871 
445 269 1561.2566865078 0.9871 
450 272 1561.2566865078 0.9871 
455 276 1561.2566865078 0.9871 
460 279 1560.0430945760 0.9879 
465 283 1559.8994833515 0.9880 
470 287 1559.8994833515 0.9880 
475 290 1559.8994833515 0.9880 
480 294 1559.8994833515 0.9880 
485 298 1559.8994833515 0.9880 
490 301 1559.8994833515 0.9880 
495 305 1559.8994833515 0.9880 
500 309 1559.8994833515 0.9880 
505 313 1559.8994833515 0.9880 
510 316 1559.8994833515 0.9880 
515 320 1559.8994833515 0.9880 
520 324 1559.8994833515 0.9880 
525 328 1559.8994833515 0.9880 
530 332 1559.8994833515 0.9880 
535 336 1559.8994833515 0.9880 
540 340 1559.8994833515 0.9880 
545 344 1559.8994833515 0.9880 
550 348 1559.2206948731 0.9884 
555 352 1559.2206948731 0.9884 
560 356 1559.2206948731 0.9884 
565 360 1559.2206948731 0.9884 
570 364 1559.2206948731 0.9884 
575 368 1559.2206948731 0.9884 
580 372 1559.2206948731 0.9884 
585 376 1559.2206948731 0.9884 
590 380 1559.2206948731 0.9884 
595 384 1559.2206948731 0.9884 
600 388 1559.2206948731 0.9884 
605 393 1559.2206948731 0.9884 
610 397 1559.2206948731 0.9884 
615 401 1559.2206948731 0.9884 
620 406 1559.2206948731 0.9884 
625 410 1559.2206948731 0.9884 
630 414 1558.6264085218 0.9888 
635 419 1558.3559447374 0.9890 
640 424 1558.3559447374 0.9890 
645 428 1558.3559447374 0.9890 
650 433 1558.3559447374 0.9890 
655 437 1558.3559447374 0.9890 
660 442 1558.3559447374 0.9890 
665 447 1558.3559447374 0.9890 
670 451 1558.3559447374 0.9890 
675 456 1558.3559447374 0.9890 
680 461 1558.3559447374 0.9890 
685 466 1558.3559447374 0.9890 
690 471 1558.3559447374 0.9890 
695 475 1558.3559447374 0.9890 
700 480 1558.3559447374 0.9890 
705 485 1558.3559447374 0.9890 
710 490 1558.3559447374 0.9890 
715 495 1558.3559447374 0.9890 
720 501 1558.3559447374 0.9890 
725 506 1557.8265610176 0.9893 
730 511 1557.8265610176 0.9893 
735 517 1557.8265610176 0.9893 
740 522 1557.8265610176 0.9893 
745 528 1557.8265610176 0.9893 
750 533 1557.8265610176 0.9893 
755 539 1557.8265610176 0.9893 
760 544 1557.8265610176 0.9893 
765 550 1557.8265610176 0.9893 
770 556 1557.8265610176 0.9893 
775 562 1557.8265610176 0.9893 
780 568 1557.8265610176 0.9893 
785 574 1557.8265610176 0.9893 
790 580 1554.3476490945 0.9915 
795 587 1554.3476490945 0.9915 
800 593 1554.3476490945 0.9915 
805 599 1553.5434203055 0.9920 
810 606 1553.5434203055 0.9920 
815 613 1553.5434203055 0.9920 
820 620 1553.5434203055 0.9920 
825 627 1553.5434203055 0.9920 
830 634 1553.5434203055 0.9920 
835 641 1553.5434203055 0.9920 
840 648 1553.5434203055 0.9920 
845 656 1553.5434203055 0.9920 
850 663 1553.5434203055 0.9920 
855 671 1553.5434203055 0.9920 
860 679 1553.5434203055 0.9920 
865 687 1553.5434203055 0.9920 
870 695 1553.5434203055 0.9920 
875 704 1553.5434203055 0.9920 
880 713 1553.5434203055 0.9920 
885 722 1553.5434203055 0.9920 
890 732 1553.5434203055 0.9920 
895 742 1553.5434203055 0.9920 
900 752 1553.5434203055 0.9920 
905 763 1553.5434203055 0.9920 
910 774 1553.5434203055 0.9920 
915 787 1553.5434203055 0.9920 
920 799 1553.5434203055 0.9920 
925 813 1552.6986105078 0.9926 
930 828 1552.6986105078 0.9926 
935 844 1552.6986105078 0.9926 
940 862 1552.6986105078 0.9926 
945 883 1552.6986105078 0.9926 
950 910 1552.6182571420 0.9926 
955 953 1552.6182571420 0.9926 
960 1071 1552.3501497718 0.9928 
965 1197 1552.3501497718 0.9928 
970 1324 1552.3501497718 0.9928 
975 1449 1552.3501497718 0.9928 
980 1574 1552.2167344513 0.9929 
985 1701 1551.7916908685 0.9931 
990 1824 1551.6220345793 0.9932 
995 1952 1551.6220345793 0.9932 
1000 2077 1551.6220345793 0.9932 
1005 2202 1551.6220345793 0.9932 
1010 2330 1551.6220345793 0.9932 
1015 2458 1551.6220345793 0.9932 
1020 2587 1551.6220345793 0.9932 
1025 2716 1551.6220345793 0.9932 
1030 2829 1551.6220345793 0.9932 
1035 2937 1551.6220345793 0.9932 
1040 3044 1551.6220345793 0.9932 
1045 3154 1551.6220345793 0.9932 
1050 3269 1551.6220345793 0.9932 
1055 3381 1551.6220345793 0.9932 
1060 3489 1551.6220345793 0.9932 
1065 3609 1551.3651885662 0.9934 
1070 3732 1551.3651885662 0.9934 
1075 3860 1551.3651885662 0.9934 
1080 3986 1551.3651885662 0.9934 
1085 4112 1551.3651885662 0.9934 
1090 4240 1551.3651885662 0.9934 
1095 4366 1551.3651885662 0.9934 
1100 4494 1551.3651885662 0.9934 
1105 4611 1551.2230703664 0.9935 
1110 4739 1550.9248325921 0.9937 
1115 4867 1550.9248325921 0.9937 
1120 4997 1550.9248325921 0.9937 
1125 5128 1550.9248325921 0.9937 
1130 5257 1550.9248325921 0.9937 
1135 5382 1550.9248325921 0.9937 
1140 5508 1550.9248325921 0.9937 
1145 5634 1550.9248325921 0.9937 
1150 5745 1550.9248325921 0.9937 
1155 5857 1550.9248325921 0.9937 
1160 5971 1550.9248325921 0.9937 
1165 6085 1550.9248325921 0.9937 
1170 6197 1550.9248325921 0.9937 
1175 6309 1550.9248325921 0.9937 
1180 6423 1550.9248325921 0.9937 
1185 6539 1550.9248325921 0.9937 
1190 6648 1550.9248325921 0.9937 
1195 6750 1550.9248325921 0.9937 
1200 6851 1550.9248325921 0.9937 
1205 6957 1550.9248325921 0.9937 
1210 7059 1550.9248325921 0.9937 
1215 7161 1550.9248325921 0.9937 
1220 7263 1550.9248325921 0.9937 
1225 7364 1550.9248325921 0.9937 
1230 7465 1550.9248325921 0.9937 
1235 7569 1550.9248325921 0.9937 
1240 7667 1550.9248325921 0.9937 
1245 7764 1550.9248325921 0.9937 
1250 7856 1550.9248325921 0.9937 
1255 7951 1550.9248325921 0.9937 
1260 8045 1550.9248325921 0.9937 
1265 8140 1550.9248325921 0.9937 
1270 8228 1550.9248325921 0.9937 
1275 8325 1550.9248325921 0.9937 
1280 8421 1550.9248325921 0.9937 
1285 8516 1550.9248325921 0.9937 
1290 8609 1550.9248325921 0.9937 
1295 8695 1550.9248325921 0.9937 
1300 8781 1550.9248325921 0.9937 
1305 8872 1550.9248325921 0.9937 
1310 8955 1550.9248325921 0.9937 
1315 9040 1550.9248325921 0.9937 
1320 9129 1550.9248325921 0.9937 
1325 9209 1550.9248325921 0.9937 
1330 9296 1550.9248325921 0.9937 
1335 9385 1550.9248325921 0.9937 
1340 9474 1550.9248325921 0.9937 
1345 9569 1550.9248325921 0.9937 
1350 9660 1550.9248325921 0.9937 
1355 9738 1550.9248325921 0.9937 
1360 9818 1550.9248325921 0.9937 
1365 9899 1550.9248325921 0.9937 
1370 9978 1550.9248325921 0.9937 
1375 10060 1550.9248325921 0.9937 
1380 10138 1550.9248325921 0.9937 
1385 10218 1550.9248325921 0.9937 
1390 10301 1550.9248325921 0.9937 
1395 10382 1550.9248325921 0.9937 
1400 10457 1550.9248325921 0.9937 
1405 10530 1550.9248325921 0.9937 
1410 10613 1550.9248325921 0.9937 
1415 10684 1550.9248325921 0.9937 
1420 10762 1550.9248325921 0.9937 
1425 10843 1550.9248325921 0.9937 
1430 10910 1550.9248325921 0.9937 
1435 10993 1550.9248325921 0.9937 
1440 11067 1550.9248325921 0.9937 
1445 11142 1550.9248325921 0.9937 
1450 11217 1550.9248325921 0.9937 
1455 11296 1550.9248325921 0.9937 
1460 11373 1550.9248325921 0.9937 
1465 11444 1550.9248325921 0.9937 
1470 11523 1550.9248325921 0.9937 
1475 11598 1550.9248325921 0.9937 
1480 11663 1550.9248325921 0.9937 
1485 11734 1550.9248325921 0.9937 
1490 11805 1550.9248325921 0.9937 
1495 11874 1550.9248325921 0.9937 
1500 11945 1550.9248325921 0.9937 
