0 0 1119.9162595854 0.0000 
5 5 1119.9162595854 0.0000 
10 9 946.1971036070 0.9156 
15 13 929.8113644087 0.9318 
20 17 923.7871616861 0.9378 
25 21 921.7369407209 0.9399 
30 26 909.5256607873 0.9526 
35 30 897.7663219570 0.9650 
40 34 895.5243088219 0.9674 
45 39 894.3436335393 0.9687 
50 43 894.3436335393 0.9687 
55 47 894.3436335393 0.9687 
60 51 894.3436335393 0.9687 
65 56 894.3436335393 0.9687 
70 60 892.3703765296 0.9709 
75 64 892.3703765296 0.9709 
80 68 892.3703765296 0.9709 
85 73 892.3703765296 0.9709 
90 77 892.3703765296 0.9709 
95 81 892.3703765296 0.9709 
100 86 892.3703765296 0.9709 
105 90 892.3703765296 0.9709 
110 95 892.3703765296 0.9709 
115 99 892.3703765296 0.9709 
120 103 892.3703765296 0.9709 
125 108 892.3703765296 0.9709 
130 112 892.3703765296 0.9709 
135 117 892.3703765296 0.9709 
140 121 892.3703765296 0.9709 
145 126 892.3703765296 0.9709 
150 131 892.3703765296 0.9709 
155 135 892.3703765296 0.9709 
160 140 892.3703765296 0.9709 
165 145 892.3703765296 0.9709 
170 149 892.3703765296 0.9709 
175 154 892.3703765296 0.9709 
180 159 892.3703765296 0.9709 
185 163 892.3703765296 0.9709 
190 168 892.3703765296 0.9709 
195 173 892.3703765296 0.9709 
200 178 892.3703765296 0.9709 
205 183 892.3703765296 0.9709 
210 188 892.3703765296 0.9709 
215 193 892.3703765296 0.9709 
220 197 892.3703765296 0.9709 
225 202 892.3703765296 0.9709 
230 207 892.3703765296 0.9709 
235 213 892.3703765296 0.9709 
240 218 892.3703765296 0.9709 
245 223 892.3703765296 0.9709 
250 228 892.3703765296 0.9709 
255 233 892.3703765296 0.9709 
260 238 892.3703765296 0.9709 
265 244 892.3703765296 0.9709 
270 249 892.3703765296 0.9709 
275 254 892.3703765296 0.9709 
280 260 892.3703765296 0.9709 
285 265 892.3703765296 0.9709 
290 271 892.3703765296 0.9709 
295 276 892.3703765296 0.9709 
300 281 892.3703765296 0.9709 
305 287 892.3703765296 0.9709 
310 293 892.3703765296 0.9709 
315 299 892.3703765296 0.9709 
320 304 892.3703765296 0.9709 
325 310 892.3703765296 0.9709 
330 316 892.3703765296 0.9709 
335 322 892.3703765296 0.9709 
340 328 892.3703765296 0.9709 
345 334 892.3703765296 0.9709 
350 340 892.3703765296 0.9709 
355 346 892.3703765296 0.9709 
360 352 892.3703765296 0.9709 
365 358 892.3703765296 0.9709 
370 365 892.3703765296 0.9709 
375 371 892.3703765296 0.9709 
380 378 892.3703765296 0.9709 
385 384 892.3703765296 0.9709 
390 391 892.3703765296 0.9709 
395 397 892.3703765296 0.9709 
400 404 892.3703765296 0.9709 
405 411 892.3703765296 0.9709 
410 418 892.3703765296 0.9709 
415 425 892.3703765296 0.9709 
420 432 892.3703765296 0.9709 
425 439 892.3703765296 0.9709 
430 446 892.3703765296 0.9709 
435 454 892.3703765296 0.9709 
440 461 892.3703765296 0.9709 
445 469 892.3703765296 0.9709 
450 476 892.3703765296 0.9709 
455 484 892.3703765296 0.9709 
460 492 892.3703765296 0.9709 
465 500 892.3703765296 0.9709 
470 509 892.3703765296 0.9709 
475 517 892.3703765296 0.9709 
480 526 892.3703765296 0.9709 
485 534 892.3703765296 0.9709 
490 543 892.3703765296 0.9709 
495 552 892.3703765296 0.9709 
500 561 892.3703765296 0.9709 
505 571 892.3703765296 0.9709 
510 580 892.3703765296 0.9709 
515 590 892.3703765296 0.9709 
520 600 892.3703765296 0.9709 
525 611 892.3703765296 0.9709 
530 621 892.3703765296 0.9709 
535 632 892.3703765296 0.9709 
540 644 892.3703765296 0.9709 
545 655 892.3703765296 0.9709 
550 667 892.3703765296 0.9709 
555 680 892.3703765296 0.9709 
560 693 892.3703765296 0.9709 
565 707 892.3703765296 0.9709 
570 721 892.3703765296 0.9709 
575 736 892.3703765296 0.9709 
580 752 892.3703765296 0.9709 
585 770 892.3703765296 0.9709 
590 789 892.3703765296 0.9709 
595 809 892.3703765296 0.9709 
600 832 892.3703765296 0.9709 
605 859 892.3703765296 0.9709 
610 894 892.3703765296 0.9709 
615 951 892.3703765296 0.9709 
620 1145 892.3703765296 0.9709 
625 1344 892.3703765296 0.9709 
630 1535 892.3703765296 0.9709 
635 1738 892.3703765296 0.9709 
640 1941 892.3703765296 0.9709 
645 2145 892.3703765296 0.9709 
650 2348 892.3703765296 0.9709 
655 2531 892.3703765296 0.9709 
660 2705 892.3703765296 0.9709 
665 2880 892.3703765296 0.9709 
670 3057 892.3703765296 0.9709 
675 3228 892.3703765296 0.9709 
680 3399 892.3703765296 0.9709 
685 3555 892.3703765296 0.9709 
690 3707 892.3703765296 0.9709 
695 3861 892.3703765296 0.9709 
700 4022 892.3703765296 0.9709 
705 4173 892.3703765296 0.9709 
710 4335 892.3703765296 0.9709 
715 4488 892.3703765296 0.9709 
720 4632 892.3703765296 0.9709 
725 4778 892.3703765296 0.9709 
730 4921 892.3703765296 0.9709 
735 5072 892.3703765296 0.9709 
740 5212 892.3703765296 0.9709 
745 5350 892.3703765296 0.9709 
750 5485 892.3703765296 0.9709 
755 5615 892.3703765296 0.9709 
760 5754 892.3703765296 0.9709 
765 5879 892.3703765296 0.9709 
770 6011 892.3703765296 0.9709 
775 6141 892.3703765296 0.9709 
780 6276 892.3703765296 0.9709 
785 6403 892.3703765296 0.9709 
790 6521 892.3703765296 0.9709 
795 6646 892.3703765296 0.9709 
800 6766 892.3703765296 0.9709 
805 6885 892.3703765296 0.9709 
810 6996 892.3703765296 0.9709 
815 7128 892.3703765296 0.9709 
820 7253 892.3703765296 0.9709 
825 7373 892.3703765296 0.9709 
830 7497 892.3703765296 0.9709 
835 7614 892.3703765296 0.9709 
840 7727 892.3703765296 0.9709 
845 7850 892.3703765296 0.9709 
850 8014 892.3703765296 0.9709 
855 8217 892.3703765296 0.9709 
860 8418 892.3703765296 0.9709 
865 8618 892.3703765296 0.9709 
870 8819 892.3703765296 0.9709 
875 9001 892.3703765296 0.9709 
880 9174 892.3703765296 0.9709 
885 9347 892.3703765296 0.9709 
890 9521 892.3703765296 0.9709 
895 9691 892.3703765296 0.9709 
900 9864 892.3703765296 0.9709 
905 10023 892.3703765296 0.9709 
910 10173 892.3703765296 0.9709 
915 10324 892.3703765296 0.9709 
920 10476 892.3703765296 0.9709 
925 10631 892.3703765296 0.9709 
930 10783 892.3703765296 0.9709 
935 10943 892.3703765296 0.9709 
940 11085 892.3703765296 0.9709 
945 11230 892.3703765296 0.9709 
950 11374 892.3703765296 0.9709 
955 11515 892.3703765296 0.9709 
960 11656 892.3703765296 0.9709 
965 11794 892.3703765296 0.9709 
970 11936 892.3703765296 0.9709 
975 12064 892.3703765296 0.9709 
980 12195 892.3703765296 0.9709 
985 12332 892.3703765296 0.9709 
990 12451 892.3703765296 0.9709 
995 12579 892.3703765296 0.9709 
1000 12711 892.3703765296 0.9709 
1005 12841 892.3703765296 0.9709 
1010 12968 892.3703765296 0.9709 
1015 13087 892.3703765296 0.9709 
1020 13209 892.3703765296 0.9709 
1025 13338 892.3703765296 0.9709 
1030 13457 892.3703765296 0.9709 
1035 13584 892.3703765296 0.9709 
1040 13700 892.3703765296 0.9709 
1045 13818 892.3703765296 0.9709 
1050 13933 892.3703765296 0.9709 
1055 14040 892.3703765296 0.9709 
1060 14139 892.3703765296 0.9709 
1065 14243 892.3703765296 0.9709 
1070 14347 892.3703765296 0.9709 
1075 14461 892.3703765296 0.9709 
1080 14572 892.3703765296 0.9709 
1085 14681 892.3703765296 0.9709 
1090 14791 892.3703765296 0.9709 
1095 14905 892.3703765296 0.9709 
1100 15008 892.3703765296 0.9709 
1105 15109 892.3703765296 0.9709 
1110 15216 892.3703765296 0.9709 
1115 15327 892.3703765296 0.9709 
1120 15430 892.3703765296 0.9709 
1125 15534 892.3703765296 0.9709 
1130 15642 892.3703765296 0.9709 
1135 15763 892.3703765296 0.9709 
1140 15867 892.3703765296 0.9709 
1145 15969 892.3703765296 0.9709 
1150 16059 892.3703765296 0.9709 
1155 16158 892.3703765296 0.9709 
1160 16256 892.3703765296 0.9709 
1165 16357 892.3703765296 0.9709 
1170 16452 892.3703765296 0.9709 
1175 16548 892.3703765296 0.9709 
1180 16641 892.3703765296 0.9709 
1185 16735 892.3703765296 0.9709 
1190 16833 892.3703765296 0.9709 
1195 16922 892.3703765296 0.9709 
1200 17003 892.3703765296 0.9709 
1205 17087 892.3703765296 0.9709 
1210 17179 892.3703765296 0.9709 
1215 17281 892.3703765296 0.9709 
1220 17372 892.3703765296 0.9709 
1225 17461 892.3703765296 0.9709 
1230 17545 892.3703765296 0.9709 
1235 17641 892.3703765296 0.9709 
1240 17747 892.3703765296 0.9709 
1245 17833 892.3703765296 0.9709 
1250 17926 892.3703765296 0.9709 
1255 18011 892.3703765296 0.9709 
1260 18105 892.3703765296 0.9709 
1265 18193 892.3703765296 0.9709 
1270 18280 892.3703765296 0.9709 
1275 18364 892.3703765296 0.9709 
1280 18445 892.3703765296 0.9709 
1285 18533 892.3703765296 0.9709 
1290 18628 892.3703765296 0.9709 
1295 18721 892.3703765296 0.9709 
1300 18805 892.3703765296 0.9709 
1305 18890 892.3703765296 0.9709 
1310 18973 892.3703765296 0.9709 
1315 19059 892.3703765296 0.9709 
1320 19153 892.3703765296 0.9709 
1325 19238 892.3703765296 0.9709 
1330 19326 892.3703765296 0.9709 
1335 19404 892.3703765296 0.9709 
1340 19493 892.3703765296 0.9709 
1345 19574 892.3703765296 0.9709 
1350 19655 892.3703765296 0.9709 
1355 19740 892.3703765296 0.9709 
1360 19827 892.3703765296 0.9709 
1365 19924 892.3703765296 0.9709 
1370 20000 892.3703765296 0.9709 
1375 20081 892.3703765296 0.9709 
1380 20171 892.3703765296 0.9709 
1385 20253 892.3703765296 0.9709 
1390 20335 892.3703765296 0.9709 
1395 20422 892.3703765296 0.9709 
1400 20506 892.3703765296 0.9709 
1405 20583 892.3703765296 0.9709 
1410 20655 892.3703765296 0.9709 
1415 20729 892.3703765296 0.9709 
1420 20809 892.3703765296 0.9709 
1425 20895 892.3703765296 0.9709 
1430 20977 892.3703765296 0.9709 
1435 21045 892.3703765296 0.9709 
1440 21122 892.3703765296 0.9709 
1445 21192 892.3703765296 0.9709 
1450 21272 892.3703765296 0.9709 
1455 21340 892.3703765296 0.9709 
1460 21412 892.3703765296 0.9709 
1465 21484 892.3703765296 0.9709 
1470 21558 892.3703765296 0.9709 
1475 21643 892.3703765296 0.9709 
1480 21713 892.3703765296 0.9709 
1485 21785 892.3703765296 0.9709 
1490 21862 892.3703765296 0.9709 
1495 21935 892.3703765296 0.9709 
1500 22000 892.3703765296 0.9709 
