0 0 832.7575867448 0.0000 0 1119.8960542767 0.0000 0 1216.0592858652 0.0000 0 1655.9101550407 0.0000 0 2029.3884605098 0.0000 0 887.9392390143 0.0000 0 1265.6665551481 0.0000 0 1333.2858262020 0.0000 0 1752.9957316738 0.0000 0 2129.5628048328 0.0000 0 1393.0806474892 0.0000 0 1093.6505635135 0.0000 0 1893.1746485460 0.0000 0 1119.9162595854 0.0000
5 14 544.3224509815 0.9638 9 1119.8960542767 0.0000 4 1080.6887384433 0.7645 2 1655.9101550407 0.0000 1 2029.3884605098 0.0000 20 560.8867372088 0.9903 9 1265.6665551481 0.0000 4 1333.2858262020 0.0000 2 1752.9957316738 0.0000 1 2129.5628048328 0.0000 3 1393.0806474892 0.0000 5 940.6228647197 0.8713 3 1893.1746485460 0.0000 5 1119.9162595854 0.0000
10 31 527.0322235044 0.9954 17 1119.8960542767 0.0000 8 938.9584501940 0.8798 3 1655.9101550407 0.0000 2 2029.3884605098 0.0000 35 558.9902011313 0.9936 17 1265.6665551481 0.0000 8 1333.2858262020 0.0000 3 1752.9957316738 0.0000 2 2129.5628048328 0.0000 5 1393.0806474892 0.0000 9 923.3352493708 0.8876 6 1893.1746485460 0.0000 9 946.1971036070 0.9156
20 64 524.6111466425 1.0000 34 899.5955469493 0.9285 16 858.7493232450 0.9620 6 1655.9101550407 0.0000 3 2029.3884605098 0.0000 65 556.6791413260 0.9978 35 1265.6665551481 0.0000 16 936.9787189649 0.9242 6 1752.9957316738 0.0000 3 2129.5628048328 0.0000 10 1393.0806474892 0.0000 17 884.8976605307 0.9262 11 1893.1746485460 0.0000 17 923.7871616861 0.9378
25 80 524.6111466425 1.0000 43 891.4938103619 0.9369 20 847.1561749266 0.9752 8 1320.5123882456 0.7788 4 2029.3884605098 0.0000 81 556.6791413260 0.9978 43 1265.6665551481 0.0000 20 920.8203244676 0.9404 8 1752.9957316738 0.0000 4 2129.5628048328 0.0000 12 1393.0806474892 0.0000 21 872.1370372963 0.9397 14 1730.5112905759 0.8906 21 921.7369407209 0.9399
30 97 524.6111466425 1.0000 52 891.4938103619 0.9369 24 845.0277391615 0.9776 9 1320.5123882456 0.7788 5 2029.3884605098 0.0000 96 556.6791413260 0.9978 52 1265.6665551481 0.0000 24 897.5749274996 0.9648 9 1752.9957316738 0.0000 5 2129.5628048328 0.0000 14 1393.0806474892 0.0000 26 862.8845789818 0.9498 16 1730.5112905759 0.8906 26 909.5256607873 0.9526
40 130 524.6111466425 1.0000 69 868.3168811859 0.9619 31 836.0018379499 0.9882 12 1320.5123882456 0.7788 6 2029.3884605098 0.0000 127 556.6791413260 0.9978 70 1265.6665551481 0.0000 32 881.4013368066 0.9825 12 1752.9957316738 0.0000 6 2129.5628048328 0.0000 19 1393.0806474892 0.0000 34 847.5999548271 0.9669 22 1718.1917896907 0.8970 34 895.5243088219 0.9674
45 146 524.6111466425 1.0000 78 868.1189186350 0.9621 35 831.4743420621 0.9936 13 1320.5123882456 0.7788 7 2029.3884605098 0.0000 143 555.4302364991 1.0000 79 1265.6665551481 0.0000 36 881.4013368066 0.9825 14 1364.1625443797 0.8522 7 2129.5628048328 0.0000 21 1393.0806474892 0.0000 38 842.6285044295 0.9726 24 1717.3785810333 0.8974 39 894.3436335393 0.9687
60 198 524.6111466425 1.0000 105 856.5971096991 0.9751 46 831.2069045076 0.9939 18 1320.5123882456 0.7788 9 2029.3884605098 0.0000 194 555.4302364991 1.0000 106 1265.6665551481 0.0000 48 874.8157155305 0.9899 18 1364.1625443797 0.8522 9 2129.5628048328 0.0000 29 1393.0806474892 0.0000 50 836.5576369392 0.9797 33 1669.7357497234 0.9230 51 894.3436335393 0.9687
65 215 524.6111466425 1.0000 114 851.0186759288 0.9815 50 831.2069045076 0.9939 19 1320.5123882456 0.7788 10 1611.3223380042 0.8015 212 555.4302364991 1.0000 115 1265.6665551481 0.0000 52 873.3638171268 0.9915 20 1364.1625443797 0.8522 10 2129.5628048328 0.0000 31 1393.0806474892 0.0000 55 836.5576369392 0.9797 35 1669.7357497234 0.9230 56 894.3436335393 0.9687
75 252 524.6111466425 1.0000 133 851.0186759288 0.9815 58 831.1294128955 0.9940 22 1320.5123882456 0.7788 11 1600.3613153132 0.8070 248 555.4302364991 1.0000 134 1265.6665551481 0.0000 60 873.3638171268 0.9915 23 1285.8866823326 0.9041 11 2129.5628048328 0.0000 36 1393.0806474892 0.0000 63 830.0424271000 0.9874 41 1617.3447187591 0.9529 64 892.3703765296 0.9709
80 271 524.6111466425 1.0000 142 851.0186759288 0.9815 62 831.1294128955 0.9940 23 1115.5825526548 0.9219 12 1600.3613153132 0.8070 267 555.4302364991 1.0000 143 1265.6665551481 0.0000 64 872.3870321812 0.9926 24 1282.3203013429 0.9066 12 2129.5628048328 0.0000 38 1393.0806474892 0.0000 67 828.5995257276 0.9891 43 1611.2070598450 0.9565 68 892.3703765296 0.9709
85 290 524.6111466425 1.0000 151 851.0186759288 0.9815 65 831.1294128955 0.9940 25 1112.0898773368 0.9248 13 1600.3613153132 0.8070 286 555.4302364991 1.0000 153 1265.6665551481 0.0000 68 872.2910817281 0.9927 26 1282.3203013429 0.9066 13 2129.5628048328 0.0000 40 1393.0806474892 0.0000 71 826.1882315234 0.9920 46 1611.2070598450 0.9565 73 892.3703765296 0.9709
95 330 524.6111466425 1.0000 171 851.0186759288 0.9815 73 829.5356804376 0.9959 28 1101.0462084310 0.9340 14 1552.8485440350 0.8317 328 555.4302364991 1.0000 172 1265.6665551481 0.0000 76 872.2910817281 0.9927 29 1282.3203013429 0.9066 14 2129.5628048328 0.0000 45 1159.2931502583 0.8989 79 826.1882315234 0.9920 52 1599.9213077385 0.9633 81 892.3703765296 0.9709
100 350 524.6111466425 1.0000 181 851.0186759288 0.9815 77 829.4397299846 0.9960 29 1101.0462084310 0.9340 15 1552.8485440350 0.8317 349 555.4302364991 1.0000 182 1265.6665551481 0.0000 80 872.2910817281 0.9927 30 1268.6859872260 0.9163 15 2129.5628048328 0.0000 48 1159.2931502583 0.8989 84 826.1882315234 0.9920 54 1599.9213077385 0.9633 86 892.3703765296 0.9709
110 394 524.6111466425 1.0000 201 850.3347564243 0.9823 85 829.4397299846 0.9960 32 1098.1635373534 0.9365 16 1548.7673192122 0.8339 395 555.4302364991 1.0000 202 1265.6665551481 0.0000 88 872.2910817281 0.9927 33 1253.9981741426 0.9271 16 2129.5628048328 0.0000 53 1159.2931502583 0.8989 92 826.1487018477 0.9920 60 1599.9213077385 0.9633 95 892.3703765296 0.9709
115 417 524.6111466425 1.0000 211 850.3347564243 0.9823 88 829.4397299846 0.9960 34 1098.1635373534 0.9365 17 1548.7673192122 0.8339 419 555.4302364991 1.0000 213 1265.6665551481 0.0000 93 872.2910817281 0.9927 35 1253.9981741426 0.9271 17 2129.5628048328 0.0000 55 1159.2931502583 0.8989 96 826.1487018477 0.9920 63 1599.9213077385 0.9633 99 892.3703765296 0.9709
120 441 524.6111466425 1.0000 221 850.3347564243 0.9823 92 829.4397299846 0.9960 35 1098.1635373534 0.9365 18 1536.8560303688 0.8403 445 555.4302364991 1.0000 223 1265.6665551481 0.0000 97 872.2910817281 0.9927 36 1253.9981741426 0.9271 18 2129.5628048328 0.0000 57 1130.1057692286 0.9221 101 826.1487018477 0.9920 65 1599.9213077385 0.9633 103 892.3703765296 0.9709
130 494 524.6111466425 1.0000 242 849.0363580612 0.9838 100 829.4397299846 0.9960 38 1094.8555093216 0.9393 19 1536.8560303688 0.8403 500 555.4302364991 1.0000 244 1265.6665551481 0.0000 105 872.2910817281 0.9927 39 1253.9981741426 0.9271 19 2129.5628048328 0.0000 62 1127.6509082777 0.9241 109 819.8503769808 0.9996 71 1599.9213077385 0.9633 112 892.3703765296 0.9709
135 522 524.6111466425 1.0000 252 848.8443319954 0.9840 104 829.4397299846 0.9960 39 1093.3755914764 0.9406 20 1536.8560303688 0.8403 531 555.4302364991 1.0000 255 1265.6665551481 0.0000 109 872.2910817281 0.9927 41 1253.9981741426 0.9271 20 2129.5628048328 0.0000 65 1125.0187562546 0.9263 113 819.5970738631 1.0000 74 1576.8778955402 0.9773 117 892.3703765296 0.9709
150 620 524.6111466425 1.0000 286 848.5467457025 0.9843 116 829.4397299846 0.9960 44 1089.9706899712 0.9435 22 1515.3412309894 0.8523 638 555.4302364991 1.0000 288 1265.6665551481 0.0000 121 872.2910817281 0.9927 46 1229.6557196951 0.9454 22 2129.5628048328 0.0000 72 1125.0187562546 0.9263 127 819.5575441875 1.0000 82 1574.8975846456 0.9786 131 892.3703765296 0.9709
155 659 524.6111466425 1.0000 297 848.5467457025 0.9843 120 829.4397299846 0.9960 45 1085.5740734517 0.9474 23 1515.3412309894 0.8523 682 555.4302364991 1.0000 300 1265.6665551481 0.0000 126 872.2910817281 0.9927 47 1229.6557196951 0.9454 23 2129.5628048328 0.0000 74 1124.8068782531 0.9265 131 819.5575441875 1.0000 85 1574.5498826998 0.9788 135 892.3703765296 0.9709
165 757 524.6111466425 1.0000 320 848.5467457025 0.9843 128 829.4397299846 0.9960 48 1085.1015392000 0.9478 24 1515.3412309894 0.8523 809 555.4302364991 1.0000 323 1265.6665551481 0.0000 134 872.2910817281 0.9927 50 1229.6557196951 0.9454 24 2129.5628048328 0.0000 79 1124.8068782531 0.9265 140 819.5575441875 1.0000 91 1574.5498826998 0.9788 145 892.3703765296 0.9709
170 829 524.6111466425 1.0000 332 848.5467457025 0.9843 132 829.4397299846 0.9960 50 1083.8792610550 0.9488 25 1515.3412309894 0.8523 958 555.4302364991 1.0000 335 1265.6665551481 0.0000 138 872.2910817281 0.9927 52 1229.6557196951 0.9454 25 2129.5628048328 0.0000 82 1124.8068782531 0.9265 144 819.5575441875 1.0000 94 1574.5498826998 0.9788 149 892.3703765296 0.9709
185 2267 524.6111466425 1.0000 369 848.5467457025 0.9843 144 829.4397299846 0.9960 54 1079.4453013347 0.9527 27 1493.2478734011 0.8649 2952 555.4302364991 1.0000 372 1265.6665551481 0.0000 151 872.1922933763 0.9928 56 1229.6557196951 0.9454 27 2129.5628048328 0.0000 89 1124.8068782531 0.9265 157 819.5575441875 1.0000 102 1574.5498826998 0.9788 163 892.3703765296 0.9709
190 2788 524.6111466425 1.0000 382 848.5467457025 0.9843 148 829.4397299846 0.9960 56 1079.4453013347 0.9527 28 1489.0430655722 0.8673 3538 555.4302364991 1.0000 386 1265.6665551481 0.0000 156 872.1922933763 0.9928 58 1227.5817308974 0.9470 28 2129.5628048328 0.0000 92 1124.8068782531 0.9265 162 819.5575441875 1.0000 105 1574.5498826998 0.9788 168 892.3703765296 0.9709
205 4235 524.6111466425 1.0000 422 842.4041967848 0.9915 160 829.4397299846 0.9960 60 1076.1877252988 0.9556 30 1475.1478025563 0.8755 5141 555.4302364991 1.0000 426 1265.6665551481 0.0000 169 871.7542434605 0.9933 63 1224.3429118823 0.9495 30 1614.3182828025 0.8647 99 1124.8068782531 0.9265 175 819.5575441875 1.0000 114 1574.4652922701 0.9788 183 892.3703765296 0.9709
215 5095 524.6111466425 1.0000 451 842.2328403504 0.9917 169 829.4397299846 0.9960 63 1076.1877252988 0.9556 31 1475.1478025563 0.8755 6095 555.4302364991 1.0000 455 1265.6665551481 0.0000 178 871.1815513933 0.9940 66 1223.4598982187 0.9502 32 1605.3105031176 0.8695 105 1124.8068782531 0.9265 185 819.5575441875 1.0000 120 1574.4652922701 0.9788 193 892.3703765296 0.9709
225 5900 524.6111466425 1.0000 481 842.2328403504 0.9917 177 829.4397299846 0.9960 66 1075.1933651542 0.9565 33 1460.0777963350 0.8845 6971 555.4302364991 1.0000 486 1265.6665551481 0.0000 187 869.4819704285 0.9959 69 1223.4598982187 0.9502 33 1605.3105031176 0.8695 110 1124.8068782531 0.9265 194 819.5575441875 1.0000 126 1574.4047726609 0.9789 202 892.3703765296 0.9709
235 6671 524.6111466425 1.0000 513 842.2328403504 0.9917 186 829.4397299846 0.9960 69 1073.4805045712 0.9580 34 1460.0777963350 0.8845 7790 555.4302364991 1.0000 518 1265.6665551481 0.0000 196 869.4819704285 0.9959 72 1222.0381292106 0.9513 35 1587.9594677046 0.8790 115 1124.8068782531 0.9265 203 819.5575441875 1.0000 132 1574.4047726609 0.9789 213 892.3703765296 0.9709
250 7745 524.6111466425 1.0000 566 842.2328403504 0.9917 199 829.4397299846 0.9960 73 1072.5227183649 0.9589 36 1454.2705835424 0.8880 8976 555.4302364991 1.0000 571 1265.6665551481 0.0000 209 869.4819704285 0.9959 77 1221.6783340503 0.9516 37 1587.9594677046 0.8790 123 1124.8068782531 0.9265 217 819.5575441875 1.0000 141 1573.3763267111 0.9795 228 892.3703765296 0.9709
255 8092 524.6111466425 1.0000 585 842.2328403504 0.9917 203 829.4397299846 0.9960 75 1072.5227183649 0.9589 37 1445.9450437384 0.8932 9341 555.4302364991 1.0000 590 1265.6665551481 0.0000 214 869.4819704285 0.9959 78 1221.6783340503 0.9516 38 1587.9594677046 0.8790 125 1124.8068782531 0.9265 222 819.5575441875 1.0000 144 1573.3763267111 0.9795 233 892.3703765296 0.9709
270 9034 524.6111466425 1.0000 648 842.2328403504 0.9917 216 829.4397299846 0.9960 79 1070.1849227741 0.9610 39 1443.8946193255 0.8944 10403 555.4302364991 1.0000 654 1265.6665551481 0.0000 228 869.4819704285 0.9959 83 1221.6783340503 0.9516 40 1587.9594677046 0.8790 133 1124.8068782531 0.9265 236 819.5575441875 1.0000 153 1572.9293093778 0.9798 249 892.3703765296 0.9709
280 9658 524.6111466425 1.0000 698 842.2328403504 0.9917 225 829.4397299846 0.9960 83 1067.4375534674 0.9634 41 1440.5567643569 0.8965 11088 555.4302364991 1.0000 705 1265.6665551481 0.0000 237 869.4819704285 0.9959 86 1221.6783340503 0.9516 41 1567.1047197500 0.8907 138 1124.8068782531 0.9265 246 819.5575441875 1.0000 159 1571.9021272308 0.9804 260 892.3703765296 0.9709
290 10249 524.6111466425 1.0000 757 842.2328403504 0.9917 234 829.4397299846 0.9960 86 1067.4375534674 0.9634 42 1433.7694760917 0.9007 11769 555.4302364991 1.0000 766 1265.6665551481 0.0000 246 869.4819704285 0.9959 90 1221.6783340503 0.9516 43 1563.1537440463 0.8930 144 1124.8068782531 0.9265 256 819.5575441875 1.0000 165 1568.9420380768 0.9823 271 892.3703765296 0.9709
305 11101 524.6111466425 1.0000 906 842.2328403504 0.9917 248 829.4397299846 0.9960 90 1066.1477348253 0.9646 44 1433.7694760917 0.9007 12723 555.4302364991 1.0000 930 1265.6665551481 0.0000 261 869.1338571425 0.9963 94 1221.6783340503 0.9516 45 1563.1537440463 0.8930 152 1124.8068782531 0.9265 272 819.5575441875 1.0000 175 1568.3074734352 0.9827 287 892.3703765296 0.9709
310 11388 524.6111466425 1.0000 1200 840.9189219219 0.9933 252 829.4397299846 0.9960 92 1064.1991536490 0.9664 45 1433.7694760917 0.9007 13018 555.4302364991 1.0000 1268 1265.6665551481 0.0000 266 869.1338571425 0.9963 96 1221.6783340503 0.9516 46 1563.1537440463 0.8930 154 1124.8068782531 0.9265 277 819.5575441875 1.0000 178 1568.3074734352 0.9827 293 892.3703765296 0.9709
325 12178 524.6111466425 1.0000 2375 840.9189219219 0.9933 266 829.4397299846 0.9960 96 1064.1991536490 0.9664 47 1421.7771883334 0.9083 13888 555.4302364991 1.0000 2232 1265.6665551481 0.0000 281 869.1338571425 0.9963 101 1221.6783340503 0.9516 48 1563.1537440463 0.8930 162 1124.8068782531 0.9265 292 819.5575441875 1.0000 188 1567.2470753467 0.9833 310 892.3703765296 0.9709
330 12441 524.6111466425 1.0000 2721 840.9189219219 0.9933 271 829.4397299846 0.9960 98 1064.1991536490 0.9664 48 1420.6950032270 0.9090 14185 555.4302364991 1.0000 2518 1265.6665551481 0.0000 286 869.1338571425 0.9963 102 1221.6783340503 0.9516 49 1563.1537440463 0.8930 165 1124.8068782531 0.9265 297 819.5575441875 1.0000 191 1567.2470753467 0.9833 316 892.3703765296 0.9709
345 13206 524.6111466425 1.0000 3712 840.9189219219 0.9933 285 829.4397299846 0.9960 102 1064.1991536490 0.9664 50 1420.6950032270 0.9090 15019 555.4302364991 1.0000 3377 1265.6665551481 0.0000 301 869.1338571425 0.9963 107 1221.6783340503 0.9516 51 1563.1537440463 0.8930 173 1076.2214703019 0.9683 313 819.5575441875 1.0000 201 1566.7875876256 0.9836 334 892.3703765296 0.9709
350 13453 524.6111466425 1.0000 4023 840.9189219219 0.9933 290 829.4397299846 0.9960 104 1063.3310527745 0.9672 51 1420.6950032270 0.9090 15287 555.4302364991 1.0000 3640 1265.6665551481 0.0000 306 869.1338571425 0.9963 109 1221.6783340503 0.9516 52 1527.4151100627 0.9139 176 1076.2214703019 0.9683 319 819.5575441875 1.0000 204 1566.7875876256 0.9836 340 892.3703765296 0.9709
365 14187 524.6111466425 1.0000 4895 840.9189219219 0.9933 305 829.4397299846 0.9960 109 1062.8242440938 0.9676 53 1416.2193615247 0.9119 16067 555.4302364991 1.0000 4412 1265.6665551481 0.0000 322 869.1338571425 0.9963 114 1221.6783340503 0.9516 54 1527.4151100627 0.9139 184 1074.6466816899 0.9697 335 819.5575441875 1.0000 214 1566.3102216208 0.9839 358 892.3703765296 0.9709
370 14417 524.6111466425 1.0000 5173 840.9189219219 0.9933 310 829.4397299846 0.9960 110 1061.8758503617 0.9685 54 1416.2193615247 0.9119 16321 555.4302364991 1.0000 4646 1265.6665551481 0.0000 327 869.1338571425 0.9963 116 1210.4244728747 0.9604 55 1527.4151100627 0.9139 187 1074.6466816899 0.9697 341 819.5575441875 1.0000 217 1566.3102216208 0.9839 365 892.3703765296 0.9709
375 14653 524.6111466425 1.0000 5430 840.9189219219 0.9933 315 829.4397299846 0.9960 112 1061.8688716248 0.9685 55 1416.2193615247 0.9119 16577 555.4302364991 1.0000 4881 1265.6665551481 0.0000 333 869.1338571425 0.9963 117 1207.3431613619 0.9629 56 1519.8123293709 0.9184 190 1074.6466816899 0.9697 347 819.5575441875 1.0000 221 1564.8618409774 0.9848 371 892.3703765296 0.9709
385 15105 524.6111466425 1.0000 5942 840.9189219219 0.9933 325 829.4397299846 0.9960 115 1061.6003002645 0.9687 56 1416.2193615247 0.9119 17056 555.4302364991 1.0000 5350 1265.6665551481 0.0000 343 869.0746857063 0.9964 121 1207.3431613619 0.9629 57 1519.8123293709 0.9184 196 1074.6466816899 0.9697 358 819.5575441875 1.0000 227 1564.3025804258 0.9852 384 892.3703765296 0.9709
390 15340 524.6111466425 1.0000 6196 840.9189219219 0.9933 330 827.3926056185 0.9985 116 1061.6003002645 0.9687 57 1416.2193615247 0.9119 17309 555.4302364991 1.0000 5563 1265.6665551481 0.0000 349 868.7215013672 0.9968 122 1207.3431613619 0.9629 58 1519.8123293709 0.9184 198 1074.6466816899 0.9697 364 819.5575441875 1.0000 231 1564.3025804258 0.9852 391 892.3703765296 0.9709
395 15552 524.6111466425 1.0000 6440 840.9189219219 0.9933 336 827.3926056185 0.9985 118 1061.5806614413 0.9688 58 1416.1299457862 0.9120 17545 555.4302364991 1.0000 5786 1265.6665551481 0.0000 355 868.1177370672 0.9975 124 1207.3431613619 0.9629 59 1519.8123293709 0.9184 201 1074.6466816899 0.9697 370 819.5575441875 1.0000 234 1564.2500922284 0.9852 397 892.3703765296 0.9709
405 15982 524.6111466425 1.0000 6931 840.9189219219 0.9933 346 827.3926056185 0.9985 121 1061.5806614413 0.9688 59 1416.1299457862 0.9120 18037 555.4302364991 1.0000 6218 1265.6665551481 0.0000 366 865.9445056376 1.0000 127 1207.3431613619 0.9629 60 1519.8123293709 0.9184 207 1074.6466816899 0.9697 382 819.5575441875 1.0000 241 1561.2566865078 0.9871 411 892.3703765296 0.9709
410 16193 524.6111466425 1.0000 7175 840.9189219219 0.9933 351 827.3926056185 0.9985 123 1061.5806614413 0.9688 60 1415.3169183333 0.9125 18272 555.4302364991 1.0000 6408 1265.6665551481 0.0000 372 865.9445056376 1.0000 129 1207.2834577258 0.9629 61 1519.8123293709 0.9184 210 1074.6466816899 0.9697 388 819.5575441875 1.0000 244 1561.2566865078 0.9871 418 892.3703765296 0.9709
415 16413 524.6111466425 1.0000 7399 840.9189219219 0.9933 357 827.3926056185 0.9985 124 1061.5806614413 0.9688 61 1411.9454105901 0.9147 18505 555.4302364991 1.0000 6612 1265.6665551481 0.0000 377 865.9445056376 1.0000 130 1206.8673952616 0.9633 62 1519.8123293709 0.9184 213 1074.6466816899 0.9697 394 819.5575441875 1.0000 248 1561.2566865078 0.9871 425 892.3703765296 0.9709
425 16837 524.6111466425 1.0000 7836 840.9189219219 0.9933 367 827.3926056185 0.9985 127 1061.5806614413 0.9688 62 1411.9454105901 0.9147 18958 555.4302364991 1.0000 7012 1265.6665551481 0.0000 389 865.9445056376 1.0000 134 1206.6298012352 0.9635 63 1519.8123293709 0.9184 218 1074.6466816899 0.9697 406 819.5575441875 1.0000 255 1561.2566865078 0.9871 439 892.3703765296 0.9709
430 17048 524.6111466425 1.0000 8058 840.9189219219 0.9933 373 827.3926056185 0.9985 129 1061.5806614413 0.9688 63 1411.9454105901 0.9147 19174 555.4302364991 1.0000 7217 1265.6665551481 0.0000 395 865.9445056376 1.0000 135 1206.6298012352 0.9635 64 1519.8123293709 0.9184 221 1074.6466816899 0.9697 412 819.5575441875 1.0000 258 1561.2566865078 0.9871 446 892.3703765296 0.9709
435 17259 524.6111466425 1.0000 8277 840.9189219219 0.9933 378 827.3926056185 0.9985 131 1061.3601093206 0.9690 64 1411.9454105901 0.9147 19398 555.4302364991 1.0000 7419 1265.6665551481 0.0000 401 865.9445056376 1.0000 137 1206.6298012352 0.9635 65 1519.8123293709 0.9184 224 1074.6466816899 0.9697 419 819.5575441875 1.0000 262 1561.2566865078 0.9871 454 892.3703765296 0.9709
450 17879 524.6111466425 1.0000 9123 836.1829637071 0.9989 396 827.3926056185 0.9985 135 1060.9678216336 0.9693 66 1411.9454105901 0.9147 20091 555.4302364991 1.0000 7961 1265.6665551481 0.0000 419 865.9445056376 1.0000 142 1206.6298012352 0.9635 67 1519.8123293709 0.9184 233 1074.6466816899 0.9697 438 819.5575441875 1.0000 272 1561.2566865078 0.9871 476 892.3703765296 0.9709
455 18082 524.6111466425 1.0000 9526 836.1829637071 0.9989 401 827.3926056185 0.9985 137 1060.9678216336 0.9693 67 1411.9454105901 0.9147 20307 555.4302364991 1.0000 8145 1265.6665551481 0.0000 425 865.9445056376 1.0000 144 1206.6298012352 0.9635 68 1515.6946896722 0.9209 236 1074.6466816899 0.9697 445 819.5575441875 1.0000 276 1561.2566865078 0.9871 484 892.3703765296 0.9709
470 18654 524.6111466425 1.0000 10541 836.1829637071 0.9989 419 827.3926056185 0.9985 142 1060.4168730382 0.9698 69 1411.9454105901 0.9147 20936 555.4302364991 1.0000 8694 1265.6665551481 0.0000 444 865.9445056376 1.0000 149 1206.6298012352 0.9635 70 1514.6040568368 0.9216 245 1073.8156014898 0.9705 465 819.5575441875 1.0000 287 1559.8994833515 0.9880 509 892.3703765296 0.9709
475 18837 524.6111466425 1.0000 10857 836.1829637071 0.9989 425 827.3926056185 0.9985 143 1060.4168730382 0.9698 70 1409.8918157588 0.9160 21139 555.4302364991 1.0000 8885 1265.6665551481 0.0000 451 865.9445056376 1.0000 151 1206.6298012352 0.9635 71 1514.6040568368 0.9216 248 1073.8156014898 0.9705 472 819.5575441875 1.0000 290 1559.8994833515 0.9880 517 892.3703765296 0.9709
490 19420 524.6111466425 1.0000 11738 836.1829637071 0.9989 443 827.3926056185 0.9985 148 1060.3964956859 0.9698 72 1402.7700011269 0.9206 21767 555.4302364991 1.0000 9378 1265.6665551481 0.0000 470 865.9445056376 1.0000 156 1206.6298012352 0.9635 73 1514.6040568368 0.9216 257 1073.8156014898 0.9705 493 819.5575441875 1.0000 301 1559.8994833515 0.9880 543 892.3703765296 0.9709
495 19613 524.6111466425 1.0000 12002 836.1829637071 0.9989 450 827.3926056185 0.9985 150 1060.3964956859 0.9698 73 1402.7700011269 0.9206 21979 555.4302364991 1.0000 9551 1265.6665551481 0.0000 477 865.9445056376 1.0000 158 1206.6298012352 0.9635 74 1514.6040568368 0.9216 260 1073.8156014898 0.9705 501 819.5575441875 1.0000 305 1559.8994833515 0.9880 552 892.3703765296 0.9709
505 20000 524.6111466425 1.0000 12534 836.1829637071 0.9989 462 827.3926056185 0.9985 153 1060.3964956859 0.9698 74 1402.7700011269 0.9206 22398 555.4302364991 1.0000 9876 1265.6665551481 0.0000 491 865.9445056376 1.0000 161 1206.6298012352 0.9635 76 1513.4163450964 0.9223 266 1073.8156014898 0.9705 516 819.5575441875 1.0000 313 1559.8994833515 0.9880 571 892.3703765296 0.9709
515 20371 524.6111466425 1.0000 13041 836.1829637071 0.9989 475 827.3926056185 0.9985 156 1060.0215380920 0.9702 76 1400.9843006239 0.9218 22794 555.4302364991 1.0000 10209 1265.6665551481 0.0000 505 865.9445056376 1.0000 165 1206.6298012352 0.9635 77 1513.4163450964 0.9223 272 1073.8156014898 0.9705 532 819.5575441875 1.0000 320 1559.8994833515 0.9880 590 892.3703765296 0.9709
525 20717 524.6111466425 1.0000 13529 836.1829637071 0.9989 489 827.3926056185 0.9985 160 1060.0215380920 0.9702 77 1400.9843006239 0.9218 23189 555.4302364991 1.0000 10526 1265.6665551481 0.0000 520 865.9445056376 1.0000 168 1206.6298012352 0.9635 79 1513.4163450964 0.9223 278 1073.8156014898 0.9705 548 819.5575441875 1.0000 328 1559.8994833515 0.9880 611 892.3703765296 0.9709
535 21084 524.6111466425 1.0000 13976 836.1829637071 0.9989 502 827.3926056185 0.9985 163 1060.0130071041 0.9702 79 1400.9843006239 0.9218 23572 555.4302364991 1.0000 10820 1265.6665551481 0.0000 535 865.9445056376 1.0000 171 1206.6298012352 0.9635 80 1513.3974092155 0.9223 285 1073.8156014898 0.9705 565 819.5575441875 1.0000 336 1559.8994833515 0.9880 632 892.3703765296 0.9709
545 21452 524.6111466425 1.0000 14428 836.1829637071 0.9989 516 827.3926056185 0.9985 166 1059.0276799374 0.9711 80 1400.9843006239 0.9218 23985 555.4302364991 1.0000 11107 1265.6665551481 0.0000 551 865.9445056376 1.0000 175 1206.6298012352 0.9635 82 1513.3974092155 0.9223 291 1073.8156014898 0.9705 582 819.5575441875 1.0000 344 1559.8994833515 0.9880 655 892.3703765296 0.9709
555 21815 524.6111466425 1.0000 14857 836.1829637071 0.9989 531 827.3926056185 0.9985 169 1059.0276799374 0.9711 82 1400.9843006239 0.9218 24352 555.4302364991 1.0000 11396 1265.6665551481 0.0000 567 865.9445056376 1.0000 178 1206.6298012352 0.9635 83 1513.3974092155 0.9223 298 1073.8156014898 0.9705 601 819.5575441875 1.0000 352 1559.2206948731 0.9884 680 892.3703765296 0.9709
560 21975 524.6111466425 1.0000 15074 836.1829637071 0.9989 538 827.3926056185 0.9985 171 1059.0276799374 0.9711 83 1400.9843006239 0.9218 24540 555.4302364991 1.0000 11543 1265.6665551481 0.0000 575 865.9445056376 1.0000 180 1206.6298012352 0.9635 84 1513.3974092155 0.9223 301 1073.8156014898 0.9705 610 819.5575441875 1.0000 356 1559.2206948731 0.9884 693 892.3703765296 0.9709
570 22348 524.6111466425 1.0000 15495 836.1829637071 0.9989 554 827.3926056185 0.9985 174 1058.9194923486 0.9712 84 1400.9843006239 0.9218 24910 555.4302364991 1.0000 11854 1265.6665551481 0.0000 593 865.9445056376 1.0000 184 1206.6298012352 0.9635 86 1511.8004460630 0.9233 308 1073.8156014898 0.9705 630 819.5575441875 1.0000 364 1559.2206948731 0.9884 721 892.3703765296 0.9709
580 22691 524.6111466425 1.0000 15912 836.1829637071 0.9989 570 827.3926056185 0.9985 178 1058.9194923486 0.9712 86 1400.9843006239 0.9218 25272 555.4302364991 1.0000 12161 1265.6665551481 0.0000 611 865.9445056376 1.0000 187 1206.6298012352 0.9635 87 1511.8004460630 0.9233 314 1073.8156014898 0.9705 651 819.5575441875 1.0000 372 1559.2206948731 0.9884 752 892.3703765296 0.9709
590 23010 524.6111466425 1.0000 16321 836.1829637071 0.9989 586 827.3926056185 0.9985 181 1058.9194923486 0.9712 87 1400.9843006239 0.9218 25628 555.4302364991 1.0000 12454 1265.6665551481 0.0000 629 865.9445056376 1.0000 191 1206.6298012352 0.9635 89 1511.8004460630 0.9233 321 1073.8156014898 0.9705 674 819.5575441875 1.0000 380 1559.2206948731 0.9884 789 892.3703765296 0.9709
600 23332 524.6111466425 1.0000 16705 836.1829637071 0.9989 604 827.3926056185 0.9985 184 1058.9194923486 0.9712 89 1400.9843006239 0.9218 25989 555.4302364991 1.0000 12730 1265.6665551481 0.0000 649 865.9445056376 1.0000 195 1206.6298012352 0.9635 90 1511.8004460630 0.9233 327 1073.8156014898 0.9705 698 819.5575441875 1.0000 388 1559.2206948731 0.9884 832 892.3703765296 0.9709
605 23500 524.6111466425 1.0000 16889 836.1829637071 0.9989 613 827.3926056185 0.9985 186 1058.9194923486 0.9712 90 1400.9843006239 0.9218 26164 555.4302364991 1.0000 12861 1265.6665551481 0.0000 659 865.9445056376 1.0000 196 1206.6298012352 0.9635 91 1511.8004460630 0.9233 331 1073.8156014898 0.9705 711 819.5575441875 1.0000 393 1559.2206948731 0.9884 859 892.3703765296 0.9709
615 23818 524.6111466425 1.0000 17241 836.1829637071 0.9989 631 827.3926056185 0.9985 189 1058.9194923486 0.9712 91 1400.9843006239 0.9218 26487 555.4302364991 1.0000 13142 1265.6665551481 0.0000 681 865.9445056376 1.0000 200 1206.6298012352 0.9635 93 1511.8004460630 0.9233 338 1073.8156014898 0.9705 739 819.5575441875 1.0000 401 1559.2206948731 0.9884 951 892.3703765296 0.9709
625 24135 524.6111466425 1.0000 17613 836.1829637071 0.9989 650 827.3926056185 0.9985 193 1058.9194923486 0.9712 93 1400.9843006239 0.9218 26828 555.4302364991 1.0000 13428 1265.6665551481 0.0000 704 865.9445056376 1.0000 204 1206.6298012352 0.9635 94 1511.8004460630 0.9233 344 1073.8156014898 0.9705 770 819.5575441875 1.0000 410 1559.2206948731 0.9884 1344 892.3703765296 0.9709
630 24306 524.6111466425 1.0000 17786 836.1829637071 0.9989 660 827.3926056185 0.9985 195 1058.9194923486 0.9712 94 1400.9843006239 0.9218 26993 555.4302364991 1.0000 13567 1265.6665551481 0.0000 717 865.9445056376 1.0000 205 1206.6298012352 0.9635 95 1511.8004460630 0.9233 348 1073.8156014898 0.9705 788 819.5575441875 1.0000 414 1558.6264085218 0.9888 1535 892.3703765296 0.9709
640 24615 524.6111466425 1.0000 18133 836.1829637071 0.9989 681 827.3926056185 0.9985 198 1058.9194923486 0.9712 95 1400.1082404486 0.9224 27331 555.4302364991 1.0000 13846 1265.6665551481 0.0000 743 865.9445056376 1.0000 209 1197.9576297301 0.9704 97 1511.0608158437 0.9238 355 1073.8156014898 0.9705 829 819.5575441875 1.0000 424 1558.3559447374 0.9890 1941 892.3703765296 0.9709
650 24929 524.6111466425 1.0000 18465 836.1829637071 0.9989 704 827.3926056185 0.9985 201 1058.8928655664 0.9712 97 1398.9627148217 0.9231 27658 555.4302364991 1.0000 14138 1265.6665551481 0.0000 774 865.9445056376 1.0000 213 1197.9576297301 0.9704 98 1511.0608158437 0.9238 362 1073.8156014898 0.9705 884 819.5575441875 1.0000 433 1558.3559447374 0.9890 2348 892.3703765296 0.9709
660 25254 524.6111466425 1.0000 18799 836.1829637071 0.9989 729 827.3926056185 0.9985 205 1058.8928655664 0.9712 98 1398.9627148217 0.9231 27990 555.4302364991 1.0000 14393 1265.6665551481 0.0000 809 865.9445056376 1.0000 217 1197.9255026794 0.9705 100 1508.7796570562 0.9252 369 1073.8156014898 0.9705 1071 819.5575441875 1.0000 442 1558.3559447374 0.9890 2705 892.3703765296 0.9709
665 25404 524.6111466425 1.0000 18947 836.1829637071 0.9989 742 827.3926056185 0.9985 206 1058.8928655664 0.9712 99 1398.7268170081 0.9233 28160 555.4302364991 1.0000 14520 1265.6665551481 0.0000 829 865.9445056376 1.0000 218 1197.9255026794 0.9705 101 1508.7796570562 0.9252 373 1073.8156014898 0.9705 1234 819.5575441875 1.0000 447 1558.3559447374 0.9890 2880 892.3703765296 0.9709
680 25883 524.6111466425 1.0000 19411 836.1829637071 0.9989 787 827.3926056185 0.9985 212 1058.3225468844 0.9717 101 1398.7268170081 0.9233 28659 555.4302364991 1.0000 14895 1265.6665551481 0.0000 914 865.9445056376 1.0000 224 1197.9255026794 0.9705 103 1508.7796570562 0.9252 384 1073.8156014898 0.9705 1691 819.5575441875 1.0000 461 1558.3559447374 0.9890 3399 892.3703765296 0.9709
685 26033 524.6111466425 1.0000 19593 836.1829637071 0.9989 803 827.3926056185 0.9985 213 1057.9845889246 0.9721 102 1398.7268170081 0.9233 28830 555.4302364991 1.0000 15036 1265.6665551481 0.0000 1006 865.9445056376 1.0000 226 1197.9255026794 0.9705 104 1508.7796570562 0.9252 387 1073.8156014898 0.9705 1844 819.5575441875 1.0000 466 1558.3559447374 0.9890 3555 892.3703765296 0.9709
690 26187 524.6111466425 1.0000 19751 836.1829637071 0.9989 823 827.3926056185 0.9985 215 1057.9845889246 0.9721 103 1398.1610695366 0.9237 29013 555.4302364991 1.0000 15166 1265.6665551481 0.0000 1181 865.9445056376 1.0000 228 1197.1901645365 0.9711 105 1508.7796570562 0.9252 391 1073.8156014898 0.9705 1994 819.5575441875 1.0000 471 1558.3559447374 0.9890 3707 892.3703765296 0.9709
705 26629 524.6111466425 1.0000 20198 836.1829637071 0.9989 900 827.3926056185 0.9985 220 1057.9626593212 0.9721 105 1394.4529475697 0.9261 29507 555.4302364991 1.0000 15533 1265.6665551481 0.0000 1639 865.9445056376 1.0000 233 1197.1901645365 0.9711 107 1508.7796570562 0.9252 402 1073.8156014898 0.9705 2415 819.5575441875 1.0000 485 1558.3559447374 0.9890 4173 892.3703765296 0.9709
710 26772 524.6111466425 1.0000 20357 836.1829637071 0.9989 951 827.3926056185 0.9985 222 1057.9626593212 0.9721 106 1394.4529475697 0.9261 29683 555.4302364991 1.0000 15640 1265.6665551481 0.0000 1771 865.9445056376 1.0000 235 1197.1901645365 0.9711 108 1508.7796570562 0.9252 406 1073.8156014898 0.9705 2548 819.5575441875 1.0000 490 1558.3559447374 0.9890 4335 892.3703765296 0.9709
715 26925 524.6111466425 1.0000 20506 836.1829637071 0.9989 1112 827.3926056185 0.9985 224 1057.9626593212 0.9721 107 1394.4529475697 0.9261 29830 555.4302364991 1.0000 15760 1265.6665551481 0.0000 1906 865.9445056376 1.0000 237 1196.9372827667 0.9713 109 1508.7796570562 0.9252 410 1073.8156014898 0.9705 2681 819.5575441875 1.0000 495 1558.3559447374 0.9890 4488 892.3703765296 0.9709
730 27367 524.6111466425 1.0000 20948 836.1829637071 0.9989 1561 827.3926056185 0.9985 229 1057.8729349442 0.9722 109 1394.4529475697 0.9261 30326 555.4302364991 1.0000 16121 1265.6665551481 0.0000 2314 865.9445056376 1.0000 243 1196.9372827667 0.9713 111 1508.7796570562 0.9252 422 1073.8156014898 0.9705 3083 819.5575441875 1.0000 511 1557.8265610176 0.9893 4921 892.3703765296 0.9709
735 27508 524.6111466425 1.0000 21095 836.1829637071 0.9989 1696 827.3926056185 0.9985 231 1057.8729349442 0.9722 110 1394.4529475697 0.9261 30475 555.4302364991 1.0000 16234 1265.6665551481 0.0000 2440 865.9445056376 1.0000 245 1196.9372827667 0.9713 112 1508.7796570562 0.9252 426 1073.8156014898 0.9705 3210 819.5575441875 1.0000 517 1557.8265610176 0.9893 5072 892.3703765296 0.9709
740 27665 524.6111466425 1.0000 21221 836.1829637071 0.9989 1828 827.3926056185 0.9985 233 1057.8531905313 0.9722 111 1394.4529475697 0.9261 30627 555.4302364991 1.0000 16351 1265.6665551481 0.0000 2558 865.9445056376 1.0000 247 1196.9372827667 0.9713 113 1508.7796570562 0.9252 430 1073.8156014898 0.9705 3332 819.5575441875 1.0000 522 1557.8265610176 0.9893 5212 892.3703765296 0.9709
755 28085 524.6111466425 1.0000 21657 836.1829637071 0.9989 2234 827.3926056185 0.9985 238 1057.8531905313 0.9722 113 1394.4529475697 0.9261 31067 555.4302364991 1.0000 16691 1265.6665551481 0.0000 2920 865.9445056376 1.0000 253 1196.9372827667 0.9713 115 1508.7796570562 0.9252 442 1073.8156014898 0.9705 3704 819.5575441875 1.0000 539 1557.8265610176 0.9893 5615 892.3703765296 0.9709
760 28227 524.6111466425 1.0000 21796 836.1829637071 0.9989 2363 827.3926056185 0.9985 240 1057.8531905313 0.9722 114 1394.4529475697 0.9261 31224 555.4302364991 1.0000 16804 1265.6665551481 0.0000 3044 865.9445056376 1.0000 255 1196.9372827667 0.9713 116 1508.7796570562 0.9252 446 1073.8156014898 0.9705 3826 819.5575441875 1.0000 544 1557.8265610176 0.9893 5754 892.3703765296 0.9709
765 28376 524.6111466425 1.0000 21917 836.1829637071 0.9989 2483 827.3926056185 0.9985 242 1057.8531905313 0.9722 115 1394.4529475697 0.9261 31387 555.4302364991 1.0000 16913 1265.6665551481 0.0000 3165 865.9445056376 1.0000 257 1196.9372827667 0.9713 117 1508.7796570562 0.9252 450 1073.8156014898 0.9705 3947 819.5575441875 1.0000 550 1557.8265610176 0.9893 5879 892.3703765296 0.9709
770 28517 524.6111466425 1.0000 22041 836.1829637071 0.9989 2604 827.3926056185 0.9985 244 1057.8531905313 0.9722 116 1394.4529475697 0.9261 31545 555.4302364991 1.0000 17023 1265.6665551481 0.0000 3288 865.9445056376 1.0000 259 1196.9372827667 0.9713 118 1508.7796570562 0.9252 454 1073.8156014898 0.9705 4073 819.5575441875 1.0000 556 1557.8265610176 0.9893 6011 892.3703765296 0.9709
780 28793 524.6111466425 1.0000 22312 836.1829637071 0.9989 2838 827.3926056185 0.9985 247 1056.4445903994 0.9735 117 1394.4529475697 0.9261 31848 555.4302364991 1.0000 17252 1265.6665551481 0.0000 3517 865.9445056376 1.0000 263 1196.9372827667 0.9713 119 1508.7796570562 0.9252 463 1073.8156014898 0.9705 4315 819.5575441875 1.0000 568 1557.8265610176 0.9893 6276 892.3703765296 0.9709
785 28932 524.6111466425 1.0000 22448 836.1829637071 0.9989 2956 827.3926056185 0.9985 249 1056.4445903994 0.9735 118 1394.4529475697 0.9261 32004 555.4302364991 1.0000 17361 1265.6665551481 0.0000 3623 865.9445056376 1.0000 265 1196.9372827667 0.9713 120 1508.7796570562 0.9252 467 1073.8156014898 0.9705 4428 819.5575441875 1.0000 574 1557.8265610176 0.9893 6403 892.3703765296 0.9709
790 29066 524.6111466425 1.0000 22583 836.1829637071 0.9989 3072 827.3926056185 0.9985 251 1056.4445903994 0.9735 119 1390.7591771160 0.9286 32157 555.4302364991 1.0000 17477 1265.6665551481 0.0000 3726 865.9445056376 1.0000 266 1196.9372827667 0.9713 121 1508.7796570562 0.9252 471 1073.8156014898 0.9705 4541 819.5575441875 1.0000 580 1554.3476490945 0.9915 6521 892.3703765296 0.9709
805 29486 524.6111466425 1.0000 22989 836.1829637071 0.9989 3425 827.3926056185 0.9985 256 1056.4445903994 0.9735 121 1390.7591771160 0.9286 32603 555.4302364991 1.0000 17842 1265.6665551481 0.0000 4063 865.9445056376 1.0000 273 1196.9372827667 0.9713 123 1508.7796570562 0.9252 484 1073.8156014898 0.9705 4866 819.5575441875 1.0000 599 1553.5434203055 0.9920 6885 892.3703765296 0.9709
810 29627 524.6111466425 1.0000 23117 836.1829637071 0.9989 3532 827.3926056185 0.9985 258 1056.4445903994 0.9735 122 1390.7591771160 0.9286 32758 555.4302364991 1.0000 17963 1265.6665551481 0.0000 4170 865.9445056376 1.0000 275 1196.9372827667 0.9713 124 1508.7796570562 0.9252 489 1073.8156014898 0.9705 4985 819.5575441875 1.0000 606 1553.5434203055 0.9920 6996 892.3703765296 0.9709
815 29765 524.6111466425 1.0000 23239 836.1829637071 0.9989 3645 827.3926056185 0.9985 260 1056.4445903994 0.9735 123 1390.7591771160 0.9286 32900 555.4302364991 1.0000 18074 1265.6665551481 0.0000 4282 865.9445056376 1.0000 277 1196.9372827667 0.9713 125 1508.7796570562 0.9252 493 1073.8156014898 0.9705 5101 819.5575441875 1.0000 613 1553.5434203055 0.9920 7128 892.3703765296 0.9709
820 29900 524.6111466425 1.0000 23360 836.1829637071 0.9989 3748 827.3926056185 0.9985 262 1056.4445903994 0.9735 124 1390.7591771160 0.9286 33040 555.4302364991 1.0000 18178 1265.6665551481 0.0000 4389 865.9445056376 1.0000 279 1196.9372827667 0.9713 126 1508.7796570562 0.9252 497 1073.8156014898 0.9705 5203 819.5575441875 1.0000 620 1553.5434203055 0.9920 7253 892.3703765296 0.9709
835 30317 524.6111466425 1.0000 23746 836.1829637071 0.9989 4075 827.3926056185 0.9985 268 1056.4445903994 0.9735 126 1388.7567924308 0.9299 33488 555.4302364991 1.0000 18490 1265.6665551481 0.0000 4698 865.9445056376 1.0000 285 1196.9372827667 0.9713 128 1508.7796570562 0.9252 511 1073.8156014898 0.9705 5517 819.5575441875 1.0000 641 1553.5434203055 0.9920 7614 892.3703765296 0.9709
840 30446 524.6111466425 1.0000 23874 836.1829637071 0.9989 4182 827.3926056185 0.9985 269 1056.4445903994 0.9735 127 1387.6351073939 0.9307 33625 555.4302364991 1.0000 18592 1265.6665551481 0.0000 4801 865.9445056376 1.0000 287 1196.9372827667 0.9713 129 1508.7796570562 0.9252 516 1073.8156014898 0.9705 5623 819.5575441875 1.0000 648 1553.5434203055 0.9920 7727 892.3703765296 0.9709
845 30577 524.6111466425 1.0000 24004 836.1829637071 0.9989 4295 827.3926056185 0.9985 271 1056.4445903994 0.9735 128 1387.6085614710 0.9307 33771 555.4302364991 1.0000 18695 1265.6665551481 0.0000 4899 865.9445056376 1.0000 289 1196.9372827667 0.9713 130 1508.7796570562 0.9252 521 1073.8156014898 0.9705 5728 819.5575441875 1.0000 656 1553.5434203055 0.9920 7850 892.3703765296 0.9709
850 30705 524.6111466425 1.0000 24137 836.1829637071 0.9989 4398 827.3926056185 0.9985 273 1056.4445903994 0.9735 129 1384.7503998179 0.9326 33902 555.4302364991 1.0000 18808 1265.6665551481 0.0000 5002 865.9445056376 1.0000 291 1196.9372827667 0.9713 131 1508.7796570562 0.9252 525 1073.8156014898 0.9705 5829 819.5575441875 1.0000 663 1553.5434203055 0.9920 8014 892.3703765296 0.9709
860 30969 524.6111466425 1.0000 24379 836.1829637071 0.9989 4590 827.3926056185 0.9985 277 1056.4445903994 0.9735 130 1384.7503998179 0.9326 34201 555.4302364991 1.0000 19030 1265.6665551481 0.0000 5204 865.9445056376 1.0000 295 1196.9372827667 0.9713 132 1508.7796570562 0.9252 535 1073.8156014898 0.9705 6035 819.5575441875 1.0000 679 1553.5434203055 0.9920 8418 892.3703765296 0.9709
865 31103 524.6111466425 1.0000 24502 836.1829637071 0.9989 4687 827.3926056185 0.9985 279 1056.4445903994 0.9735 131 1384.7503998179 0.9326 34331 555.4302364991 1.0000 19139 1265.6665551481 0.0000 5311 865.9445056376 1.0000 297 1196.9372827667 0.9713 133 1508.7796570562 0.9252 540 1073.8156014898 0.9705 6137 819.5575441875 1.0000 687 1553.5434203055 0.9920 8618 892.3703765296 0.9709
870 31230 524.6111466425 1.0000 24625 836.1829637071 0.9989 4785 827.3926056185 0.9985 281 1056.4445903994 0.9735 132 1384.7503998179 0.9326 34461 555.4302364991 1.0000 19248 1265.6665551481 0.0000 5410 865.9445056376 1.0000 299 1196.4296385782 0.9717 134 1508.7796570562 0.9252 545 1073.8156014898 0.9705 6221 819.5575441875 1.0000 695 1553.5434203055 0.9920 8819 892.3703765296 0.9709
875 31353 524.6111466425 1.0000 24756 836.1829637071 0.9989 4886 827.3926056185 0.9985 283 1056.4445903994 0.9735 133 1383.6287147810 0.9334 34596 555.4302364991 1.0000 19353 1265.6665551481 0.0000 5499 865.9445056376 1.0000 301 1196.4296385782 0.9717 135 1508.7796570562 0.9252 550 1073.8156014898 0.9705 6320 819.5575441875 1.0000 704 1553.5434203055 0.9920 9001 892.3703765296 0.9709
880 31480 524.6111466425 1.0000 24875 836.1829637071 0.9989 4983 827.3926056185 0.9985 285 1056.4445903994 0.9735 134 1383.6287147810 0.9334 34740 555.4302364991 1.0000 19444 1265.6665551481 0.0000 5600 865.9445056376 1.0000 303 1194.9473593495 0.9729 136 1508.7796570562 0.9252 555 1073.8156014898 0.9705 6419 819.5575441875 1.0000 713 1553.5434203055 0.9920 9174 892.3703765296 0.9709
890 31745 524.6111466425 1.0000 25111 836.1829637071 0.9989 5176 827.3926056185 0.9985 288 1056.4445903994 0.9735 135 1382.2726209600 0.9343 35024 555.4302364991 1.0000 19660 1265.6665551481 0.0000 5786 865.9445056376 1.0000 307 1194.9473593495 0.9729 137 1508.7796570562 0.9252 565 1073.8156014898 0.9705 6610 819.5575441875 1.0000 732 1553.5434203055 0.9920 9521 892.3703765296 0.9709
895 31863 524.6111466425 1.0000 25231 836.1829637071 0.9989 5275 827.3926056185 0.9985 290 1056.4445903994 0.9735 136 1381.9528731908 0.9345 35155 555.4302364991 1.0000 19775 1265.6665551481 0.0000 5875 865.9445056376 1.0000 310 1194.9473593495 0.9729 138 1508.7796570562 0.9252 571 1073.8156014898 0.9705 6704 819.5575441875 1.0000 742 1553.5434203055 0.9920 9691 892.3703765296 0.9709
900 31986 524.6111466425 1.0000 25344 836.1829637071 0.9989 5375 827.3926056185 0.9985 292 1056.4445903994 0.9735 137 1380.8910417617 0.9352 35291 555.4302364991 1.0000 19876 1265.6665551481 0.0000 5965 865.9445056376 1.0000 312 1194.9473593495 0.9729 139 1508.7796570562 0.9252 576 1073.8156014898 0.9705 6799 819.5575441875 1.0000 752 1553.5434203055 0.9920 9864 892.3703765296 0.9709
905 32117 524.6111466425 1.0000 25457 836.1829637071 0.9989 5462 827.3926056185 0.9985 294 1056.4445903994 0.9735 138 1380.8910417617 0.9352 35436 555.4302364991 1.0000 19986 1265.6665551481 0.0000 6050 865.9445056376 1.0000 314 1194.9473593495 0.9729 140 1508.7796570562 0.9252 581 1073.8156014898 0.9705 6902 819.5575441875 1.0000 763 1553.5434203055 0.9920 10023 892.3703765296 0.9709
915 32386 524.6111466425 1.0000 25677 836.1829637071 0.9989 5634 827.3926056185 0.9985 298 1056.4445903994 0.9735 139 1380.8910417617 0.9352 35706 555.4302364991 1.0000 20174 1265.6665551481 0.0000 6235 865.9445056376 1.0000 318 1194.3513299537 0.9734 141 1508.7796570562 0.9252 592 1073.8156014898 0.9705 7083 819.5575441875 1.0000 787 1553.5434203055 0.9920 10324 892.3703765296 0.9709
920 32510 524.6111466425 1.0000 25785 836.1829637071 0.9989 5728 827.3926056185 0.9985 300 1056.4445903994 0.9735 140 1380.3077399681 0.9356 35839 555.4302364991 1.0000 20274 1265.6665551481 0.0000 6324 865.9445056376 1.0000 320 1194.3513299537 0.9734 142 1508.7796570562 0.9252 597 1073.8156014898 0.9705 7181 819.5575441875 1.0000 799 1553.5434203055 0.9920 10476 892.3703765296 0.9709
925 32633 524.6111466425 1.0000 25897 836.1829637071 0.9989 5823 827.3926056185 0.9985 302 1056.4445903994 0.9735 141 1379.7693567248 0.9360 35976 555.4302364991 1.0000 20373 1265.6665551481 0.0000 6404 865.9445056376 1.0000 322 1194.3513299537 0.9734 143 1508.7796570562 0.9252 603 1073.8156014898 0.9705 7273 819.5575441875 1.0000 813 1552.6986105078 0.9926 10631 892.3703765296 0.9709
930 32754 524.6111466425 1.0000 26013 836.1829637071 0.9989 5908 827.3926056185 0.9985 304 1056.4445903994 0.9735 142 1379.7693567248 0.9360 36107 555.4302364991 1.0000 20483 1265.6665551481 0.0000 6486 865.9445056376 1.0000 324 1194.3513299537 0.9734 144 1508.7796570562 0.9252 609 1073.8156014898 0.9705 7364 819.5575441875 1.0000 828 1552.6986105078 0.9926 10783 892.3703765296 0.9709
940 33012 524.6111466425 1.0000 26230 836.1829637071 0.9989 6082 827.3926056185 0.9985 308 1056.4445903994 0.9735 143 1379.7693567248 0.9360 36375 555.4302364991 1.0000 20679 1265.6665551481 0.0000 6661 865.9445056376 1.0000 329 1194.3513299537 0.9734 146 1508.7796570562 0.9252 620 1073.8156014898 0.9705 7529 819.5575441875 1.0000 862 1552.6986105078 0.9926 11085 892.3703765296 0.9709
950 33247 524.6111466425 1.0000 26468 836.1829637071 0.9989 6262 827.3926056185 0.9985 312 1056.4445903994 0.9735 145 1379.7693567248 0.9360 36646 555.4302364991 1.0000 20879 1265.6665551481 0.0000 6835 865.9445056376 1.0000 333 1194.3513299537 0.9734 147 1508.7796570562 0.9252 633 1073.8156014898 0.9705 7716 819.5575441875 1.0000 910 1552.6182571420 0.9926 11374 892.3703765296 0.9709
955 33362 524.6111466425 1.0000 26583 836.1829637071 0.9989 6349 827.3926056185 0.9985 314 1056.4445903994 0.9735 146 1379.7693567248 0.9360 36791 555.4302364991 1.0000 20972 1265.6665551481 0.0000 6916 865.9445056376 1.0000 335 1194.3513299537 0.9734 148 1508.7796570562 0.9252 639 1073.8156014898 0.9705 7806 819.5575441875 1.0000 953 1552.6182571420 0.9926 11515 892.3703765296 0.9709
960 33482 524.6111466425 1.0000 26703 836.1829637071 0.9989 6423 827.3926056185 0.9985 316 1056.4445903994 0.9735 147 1379.7693567248 0.9360 36947 555.4302364991 1.0000 21089 1265.6665551481 0.0000 7007 865.9445056376 1.0000 337 1194.3513299537 0.9734 149 1508.7796570562 0.9252 645 1073.8156014898 0.9705 7895 819.5575441875 1.0000 1071 1552.3501497718 0.9928 11656 892.3703765296 0.9709
970 33722 524.6111466425 1.0000 26927 836.1829637071 0.9989 6593 827.3926056185 0.9985 320 1056.4445903994 0.9735 148 1379.7693567248 0.9360 37221 555.4302364991 1.0000 21290 1265.6665551481 0.0000 7184 865.9445056376 1.0000 342 1194.3513299537 0.9734 151 1508.7796570562 0.9252 658 1073.8156014898 0.9705 8074 819.5575441875 1.0000 1324 1552.3501497718 0.9928 11936 892.3703765296 0.9709
980 33976 524.6111466425 1.0000 27151 836.1829637071 0.9989 6759 827.3926056185 0.9985 324 1056.4445903994 0.9735 150 1379.5691402596 0.9361 37485 555.4302364991 1.0000 21477 1265.6665551481 0.0000 7361 865.9445056376 1.0000 346 1194.3513299537 0.9734 152 1508.7796570562 0.9252 672 1073.8156014898 0.9705 8235 819.5575441875 1.0000 1574 1552.2167344513 0.9929 12195 892.3703765296 0.9709
985 34095 524.6111466425 1.0000 27249 836.1829637071 0.9989 6840 827.3926056185 0.9985 326 1056.4445903994 0.9735 151 1378.9591859932 0.9365 37627 555.4302364991 1.0000 21571 1265.6665551481 0.0000 7448 865.9445056376 1.0000 348 1194.3513299537 0.9734 153 1508.7796570562 0.9252 679 1073.8156014898 0.9705 8315 819.5575441875 1.0000 1701 1551.7916908685 0.9931 12332 892.3703765296 0.9709
995 34324 524.6111466425 1.0000 27467 836.1829637071 0.9989 7002 827.3926056185 0.9985 330 1056.4445903994 0.9735 152 1378.9591859932 0.9365 37900 555.4302364991 1.0000 21767 1265.6665551481 0.0000 7602 865.9445056376 1.0000 353 1194.3513299537 0.9734 155 1508.7796570562 0.9252 694 1073.8156014898 0.9705 8488 819.5575441875 1.0000 1952 1551.6220345793 0.9932 12579 892.3703765296 0.9709
1000 34443 524.6111466425 1.0000 27589 836.1829637071 0.9989 7085 827.3926056185 0.9985 332 1055.5027749726 0.9743 153 1378.9591859932 0.9365 38022 555.4302364991 1.0000 21861 1265.6665551481 0.0000 7681 865.9445056376 1.0000 355 1194.3513299537 0.9734 156 1508.7796570562 0.9252 702 1073.8156014898 0.9705 8572 819.5575441875 1.0000 2077 1551.6220345793 0.9932 12711 892.3703765296 0.9709
1010 34703 524.6111466425 1.0000 27822 836.1829637071 0.9989 7248 827.3926056185 0.9985 336 1054.9938535964 0.9748 155 1378.9591859932 0.9365 38295 555.4302364991 1.0000 22050 1265.6665551481 0.0000 7830 865.9445056376 1.0000 360 1192.4977435850 0.9749 157 1508.7796570562 0.9252 717 1073.8156014898 0.9705 8749 819.5575441875 1.0000 2330 1551.6220345793 0.9932 12968 892.3703765296 0.9709
1015 34829 524.6111466425 1.0000 27933 836.1829637071 0.9989 7329 827.3926056185 0.9985 338 1054.9938535964 0.9748 156 1378.9591859932 0.9365 38427 555.4302364991 1.0000 22159 1265.6665551481 0.0000 7903 865.9445056376 1.0000 362 1191.1899537128 0.9760 158 1508.7796570562 0.9252 726 1073.8156014898 0.9705 8824 819.5575441875 1.0000 2458 1551.6220345793 0.9932 13087 892.3703765296 0.9709
1025 35057 524.6111466425 1.0000 28131 836.1829637071 0.9989 7485 827.3926056185 0.9985 342 1054.9938535964 0.9748 157 1378.9591859932 0.9365 38676 555.4302364991 1.0000 22357 1265.6665551481 0.0000 8063 865.9445056376 1.0000 366 1191.1899537128 0.9760 160 1508.7796570562 0.9252 743 1073.8156014898 0.9705 8990 819.5575441875 1.0000 2716 1551.6220345793 0.9932 13338 892.3703765296 0.9709
1030 35178 524.6111466425 1.0000 28245 836.1829637071 0.9989 7557 827.3926056185 0.9985 345 1054.9938535964 0.9748 158 1376.9535510583 0.9379 38816 555.4302364991 1.0000 22446 1265.6665551481 0.0000 8135 865.9445056376 1.0000 369 1189.5728586237 0.9773 161 1508.7796570562 0.9252 753 1073.8156014898 0.9705 9080 819.5575441875 1.0000 2829 1551.6220345793 0.9932 13457 892.3703765296 0.9709
1040 35420 524.6111466425 1.0000 28481 836.1829637071 0.9989 7709 827.3926056185 0.9985 349 1054.9938535964 0.9748 160 1376.9535510583 0.9379 39071 555.4302364991 1.0000 22625 1265.6665551481 0.0000 8288 865.9445056376 1.0000 373 1189.5728586237 0.9773 162 1508.7796570562 0.9252 772 1073.8156014898 0.9705 9249 819.5575441875 1.0000 3044 1551.6220345793 0.9932 13700 892.3703765296 0.9709
1045 35544 524.6111466425 1.0000 28591 836.1829637071 0.9989 7785 827.3926056185 0.9985 351 1054.9938535964 0.9748 161 1376.9535510583 0.9379 39190 555.4302364991 1.0000 22711 1265.6665551481 0.0000 8367 865.9445056376 1.0000 376 1189.5728586237 0.9773 163 1508.7796570562 0.9252 783 1073.8156014898 0.9705 9323 819.5575441875 1.0000 3154 1551.6220345793 0.9932 13818 892.3703765296 0.9709
1050 35663 524.6111466425 1.0000 28688 836.1829637071 0.9989 7865 827.3926056185 0.9985 353 1054.9938535964 0.9748 162 1376.9535510583 0.9379 39317 555.4302364991 1.0000 22813 1265.6665551481 0.0000 8443 865.9445056376 1.0000 378 1189.5728586237 0.9773 164 1508.7796570562 0.9252 794 1073.8156014898 0.9705 9397 819.5575441875 1.0000 3269 1551.6220345793 0.9932 13933 892.3703765296 0.9709
1060 35904 524.6111466425 1.0000 28893 836.1829637071 0.9989 8020 827.3926056185 0.9985 357 1054.9938535964 0.9748 163 1376.9535510583 0.9379 39574 555.4302364991 1.0000 23009 1265.6665551481 0.0000 8598 865.9445056376 1.0000 383 1189.2172352048 0.9776 166 1508.7796570562 0.9252 818 1073.8156014898 0.9705 9549 819.5575441875 1.0000 3489 1551.6220345793 0.9932 14139 892.3703765296 0.9709
1065 36007 524.6111466425 1.0000 28989 836.1829637071 0.9989 8090 827.3926056185 0.9985 359 1054.9938535964 0.9748 164 1376.9535510583 0.9379 39697 555.4302364991 1.0000 23096 1265.6665551481 0.0000 8666 865.9445056376 1.0000 385 1189.2172352048 0.9776 167 1508.7796570562 0.9252 832 1073.8156014898 0.9705 9627 819.5575441875 1.0000 3609 1551.3651885662 0.9934 14243 892.3703765296 0.9709
1075 36241 524.6111466425 1.0000 29203 836.1829637071 0.9989 8234 827.3926056185 0.9985 364 1054.9938535964 0.9748 166 1376.9535510583 0.9379 39964 555.4302364991 1.0000 23277 1265.6665551481 0.0000 8811 865.9445056376 1.0000 390 1189.1197808918 0.9777 168 1508.7796570562 0.9252 863 1073.8156014898 0.9705 9780 819.5575441875 1.0000 3860 1551.3651885662 0.9934 14461 892.3703765296 0.9709
1080 36359 524.6111466425 1.0000 29300 836.1829637071 0.9989 8318 827.3926056185 0.9985 366 1054.9938535964 0.9748 167 1376.9535510583 0.9379 40094 555.4302364991 1.0000 23370 1265.6665551481 0.0000 8886 865.9445056376 1.0000 392 1189.1197808918 0.9777 169 1508.7796570562 0.9252 882 1073.8156014898 0.9705 9855 819.5575441875 1.0000 3986 1551.3651885662 0.9934 14572 892.3703765296 0.9709
1090 36572 524.6111466425 1.0000 29518 836.1829637071 0.9989 8461 827.3926056185 0.9985 370 1054.9938535964 0.9748 168 1376.9535510583 0.9379 40337 555.4302364991 1.0000 23545 1265.6665551481 0.0000 9040 865.9445056376 1.0000 397 1189.1009336339 0.9777 171 1508.7796570562 0.9252 939 1073.8156014898 0.9705 10019 819.5575441875 1.0000 4240 1551.3651885662 0.9934 14791 892.3703765296 0.9709
1095 36675 524.6111466425 1.0000 29605 836.1829637071 0.9989 8542 827.3926056185 0.9985 373 1054.9938535964 0.9748 169 1376.9535510583 0.9379 40467 555.4302364991 1.0000 23649 1265.6665551481 0.0000 9117 865.9445056376 1.0000 400 1189.1009336339 0.9777 172 1508.7796570562 0.9252 1026 1073.8156014898 0.9705 10096 819.5575441875 1.0000 4366 1551.3651885662 0.9934 14905 892.3703765296 0.9709
1100 36790 524.6111466425 1.0000 29712 836.1829637071 0.9989 8610 827.3926056185 0.9985 375 1054.9938535964 0.9748 170 1376.9535510583 0.9379 40583 555.4302364991 1.0000 23731 1265.6665551481 0.0000 9195 865.9445056376 1.0000 402 1189.1009336339 0.9777 173 1508.7796570562 0.9252 1135 1073.8156014898 0.9705 10175 819.5575441875 1.0000 4494 1551.3651885662 0.9934 15008 892.3703765296 0.9709
1110 37020 524.6111466425 1.0000 29915 836.1829637071 0.9989 8752 827.3926056185 0.9985 379 1054.9938535964 0.9748 172 1376.6781128542 0.9381 40842 555.4302364991 1.0000 23926 1265.6665551481 0.0000 9333 865.9445056376 1.0000 407 1188.8294203182 0.9779 174 1508.7796570562 0.9252 1357 1073.8156014898 0.9705 10327 819.5575441875 1.0000 4739 1550.9248325921 0.9937 15216 892.3703765296 0.9709
1115 37139 524.6111466425 1.0000 30016 836.1829637071 0.9989 8819 827.3926056185 0.9985 381 1054.9938535964 0.9748 173 1376.6781128542 0.9381 40975 555.4302364991 1.0000 24005 1265.6665551481 0.0000 9404 865.9445056376 1.0000 409 1188.8294203182 0.9779 175 1508.7796570562 0.9252 1469 1073.8156014898 0.9705 10402 819.5575441875 1.0000 4867 1550.9248325921 0.9937 15327 892.3703765296 0.9709
1125 37360 524.6111466425 1.0000 30215 836.1829637071 0.9989 8955 827.3926056185 0.9985 386 1054.9938535964 0.9748 174 1376.6781128542 0.9381 41207 555.4302364991 1.0000 24164 1265.6665551481 0.0000 9548 865.9445056376 1.0000 415 1188.8294203182 0.9779 177 1508.7796570562 0.9252 1695 1073.8156014898 0.9705 10556 819.5575441875 1.0000 5128 1550.9248325921 0.9937 15534 892.3703765296 0.9709
1130 37481 524.6111466425 1.0000 30323 836.1829637071 0.9989 9027 827.3926056185 0.9985 388 1054.9938535964 0.9748 175 1376.6781128542 0.9381 41319 555.4302364991 1.0000 24255 1265.6665551481 0.0000 9611 865.9445056376 1.0000 417 1188.8294203182 0.9779 178 1508.7796570562 0.9252 1806 1073.8156014898 0.9705 10636 819.5575441875 1.0000 5257 1550.9248325921 0.9937 15642 892.3703765296 0.9709
1135 37582 524.6111466425 1.0000 30422 836.1829637071 0.9989 9092 827.3926056185 0.9985 390 1054.9938535964 0.9748 176 1376.6781128542 0.9381 41434 555.4302364991 1.0000 24351 1265.6665551481 0.0000 9676 865.9445056376 1.0000 420 1185.4956230980 0.9806 179 1508.7796570562 0.9252 1915 1073.8156014898 0.9705 10715 819.5575441875 1.0000 5382 1550.9248325921 0.9937 15763 892.3703765296 0.9709
1140 37692 524.6111466425 1.0000 30530 836.1829637071 0.9989 9168 827.3926056185 0.9985 393 1054.9938535964 0.9748 177 1376.6781128542 0.9381 41550 555.4302364991 1.0000 24448 1265.6665551481 0.0000 9745 865.9445056376 1.0000 422 1185.2327558588 0.9809 180 1508.7796570562 0.9252 2030 1073.8156014898 0.9705 10789 819.5575441875 1.0000 5508 1550.9248325921 0.9937 15867 892.3703765296 0.9709
1155 38012 524.6111466425 1.0000 30804 836.1829637071 0.9989 9379 827.3926056185 0.9985 400 1054.9938535964 0.9748 179 1376.6781128542 0.9381 41904 555.4302364991 1.0000 24702 1265.6665551481 0.0000 9958 865.9445056376 1.0000 430 1181.8170481235 0.9837 182 1508.7796570562 0.9252 2368 1073.8156014898 0.9705 10999 819.5575441875 1.0000 5857 1550.9248325921 0.9937 16158 892.3703765296 0.9709
1160 38117 524.6111466425 1.0000 30901 836.1829637071 0.9989 9441 827.3926056185 0.9985 402 1054.9938535964 0.9748 180 1376.6781128542 0.9381 42021 555.4302364991 1.0000 24793 1265.6665551481 0.0000 10031 865.9445056376 1.0000 432 1181.8170481235 0.9837 183 1508.7796570562 0.9252 2475 1073.8156014898 0.9705 11068 819.5575441875 1.0000 5971 1550.9248325921 0.9937 16256 892.3703765296 0.9709
1165 38215 524.6111466425 1.0000 30994 836.1829637071 0.9989 9507 827.3926056185 0.9985 404 1054.9938535964 0.9748 181 1376.6781128542 0.9381 42147 555.4302364991 1.0000 24891 1265.6665551481 0.0000 10090 865.9445056376 1.0000 435 1181.8170481235 0.9837 184 1508.7796570562 0.9252 2587 1073.8156014898 0.9705 11151 819.5575441875 1.0000 6085 1550.9248325921 0.9937 16357 892.3703765296 0.9709
1170 38322 524.6111466425 1.0000 31089 836.1829637071 0.9989 9578 827.3926056185 0.9985 406 1054.9938535964 0.9748 182 1376.6781128542 0.9381 42269 555.4302364991 1.0000 24982 1265.6665551481 0.0000 10159 865.9445056376 1.0000 437 1181.8170481235 0.9837 185 1508.7796570562 0.9252 2696 1073.8156014898 0.9705 11227 819.5575441875 1.0000 6197 1550.9248325921 0.9937 16452 892.3703765296 0.9709
1175 38435 524.6111466425 1.0000 31193 836.1829637071 0.9989 9645 827.3926056185 0.9985 409 1054.9938535964 0.9748 183 1376.6781128542 0.9381 42395 555.4302364991 1.0000 25072 1265.6665551481 0.0000 10222 865.9445056376 1.0000 440 1181.8170481235 0.9837 186 1508.7796570562 0.9252 2809 1073.8156014898 0.9705 11295 819.5575441875 1.0000 6309 1550.9248325921 0.9937 16548 892.3703765296 0.9709
1180 38551 524.6111466425 1.0000 31287 836.1829637071 0.9989 9711 827.3926056185 0.9985 411 1054.9938535964 0.9748 184 1376.6781128542 0.9381 42504 555.4302364991 1.0000 25167 1265.6665551481 0.0000 10287 865.9445056376 1.0000 443 1181.8170481235 0.9837 187 1508.7796570562 0.9252 2922 1073.8156014898 0.9705 11370 819.5575441875 1.0000 6423 1550.9248325921 0.9937 16641 892.3703765296 0.9709
1190 38763 524.6111466425 1.0000 31477 836.1829637071 0.9989 9841 827.3926056185 0.9985 416 1054.9938535964 0.9748 185 1376.6781128542 0.9381 42745 555.4302364991 1.0000 25321 1265.6665551481 0.0000 10433 865.9445056376 1.0000 448 1181.8170481235 0.9837 188 1508.7796570562 0.9252 3145 1073.8156014898 0.9705 11510 819.5575441875 1.0000 6648 1550.9248325921 0.9937 16833 892.3703765296 0.9709
1195 38870 524.6111466425 1.0000 31572 836.1829637071 0.9989 9913 827.3926056185 0.9985 418 1054.9938535964 0.9748 186 1376.6781128542 0.9381 42886 555.4302364991 1.0000 25416 1265.6665551481 0.0000 10496 865.9445056376 1.0000 451 1181.8170481235 0.9837 189 1508.7796570562 0.9252 3258 1073.8156014898 0.9705 11582 819.5575441875 1.0000 6750 1550.9248325921 0.9937 16922 892.3703765296 0.9709
1200 38976 524.6111466425 1.0000 31669 836.1829637071 0.9989 9974 827.3926056185 0.9985 421 1054.9938535964 0.9748 187 1376.6781128542 0.9381 42997 555.4302364991 1.0000 25500 1265.6665551481 0.0000 10562 865.9445056376 1.0000 453 1181.8170481235 0.9837 190 1508.7796570562 0.9252 3368 1073.8156014898 0.9705 11651 819.5575441875 1.0000 6851 1550.9248325921 0.9937 17003 892.3703765296 0.9709
1205 39091 524.6111466425 1.0000 31761 836.1829637071 0.9989 10047 827.3926056185 0.9985 423 1054.9938535964 0.9748 188 1376.6781128542 0.9381 43122 555.4302364991 1.0000 25572 1265.6665551481 0.0000 10631 865.9445056376 1.0000 456 1181.8170481235 0.9837 191 1508.7796570562 0.9252 3481 1073.8156014898 0.9705 11723 819.5575441875 1.0000 6957 1550.9248325921 0.9937 17087 892.3703765296 0.9709
1210 39189 524.6111466425 1.0000 31847 836.1829637071 0.9989 10106 827.3926056185 0.9985 425 1054.9938535964 0.9748 189 1376.6781128542 0.9381 43236 555.4302364991 1.0000 25662 1265.6665551481 0.0000 10706 865.9445056376 1.0000 458 1181.8170481235 0.9837 192 1508.7796570562 0.9252 3589 1073.8156014898 0.9705 11796 819.5575441875 1.0000 7059 1550.9248325921 0.9937 17179 892.3703765296 0.9709
1215 39293 524.6111466425 1.0000 31938 836.1829637071 0.9989 10168 827.3926056185 0.9985 428 1054.9938535964 0.9748 190 1376.6781128542 0.9381 43356 555.4302364991 1.0000 25745 1265.6665551481 0.0000 10775 865.9445056376 1.0000 461 1181.8170481235 0.9837 193 1508.7796570562 0.9252 3690 1073.8156014898 0.9705 11868 819.5575441875 1.0000 7161 1550.9248325921 0.9937 17281 892.3703765296 0.9709
1220 39398 524.6111466425 1.0000 32030 836.1829637071 0.9989 10229 827.3926056185 0.9985 430 1054.9938535964 0.9748 191 1376.6781128542 0.9381 43459 555.4302364991 1.0000 25823 1265.6665551481 0.0000 10837 865.9445056376 1.0000 464 1181.8170481235 0.9837 194 1508.7796570562 0.9252 3799 1073.8156014898 0.9705 11934 819.5575441875 1.0000 7263 1550.9248325921 0.9937 17372 892.3703765296 0.9709
1225 39505 524.6111466425 1.0000 32116 836.1829637071 0.9989 10305 827.3926056185 0.9985 433 1054.9938535964 0.9748 192 1376.6781128542 0.9381 43575 555.4302364991 1.0000 25897 1265.6665551481 0.0000 10904 865.9445056376 1.0000 467 1181.8170481235 0.9837 195 1508.7796570562 0.9252 3910 1073.8156014898 0.9705 11996 819.5575441875 1.0000 7364 1550.9248325921 0.9937 17461 892.3703765296 0.9709
1235 39730 524.6111466425 1.0000 32284 836.1829637071 0.9989 10430 827.3926056185 0.9985 438 1054.9938535964 0.9748 193 1376.6781128542 0.9381 43799 555.4302364991 1.0000 26062 1265.6665551481 0.0000 11038 865.9445056376 1.0000 472 1181.8170481235 0.9837 196 1508.7796570562 0.9252 4137 1073.8156014898 0.9705 12135 819.5575441875 1.0000 7569 1550.9248325921 0.9937 17641 892.3703765296 0.9709
1240 39836 524.6111466425 1.0000 32370 836.1829637071 0.9989 10495 827.3926056185 0.9985 440 1054.9938535964 0.9748 194 1376.6781128542 0.9381 43919 555.4302364991 1.0000 26151 1265.6665551481 0.0000 11103 865.9445056376 1.0000 475 1181.8170481235 0.9837 197 1508.7796570562 0.9252 4252 1073.8156014898 0.9705 12200 819.5575441875 1.0000 7667 1550.9248325921 0.9937 17747 892.3703765296 0.9709
1245 39955 524.6111466425 1.0000 32465 836.1829637071 0.9989 10569 827.3926056185 0.9985 442 1054.9938535964 0.9748 195 1376.5693872358 0.9382 44029 555.4302364991 1.0000 26241 1265.6665551481 0.0000 11166 865.9445056376 1.0000 478 1181.8170481235 0.9837 198 1508.7796570562 0.9252 4365 1073.8156014898 0.9705 12272 819.5575441875 1.0000 7764 1550.9248325921 0.9937 17833 892.3703765296 0.9709
1250 40062 524.6111466425 1.0000 32556 836.1829637071 0.9989 10628 827.3926056185 0.9985 445 1054.9938535964 0.9748 196 1376.5693872358 0.9382 44154 555.4302364991 1.0000 26323 1265.6665551481 0.0000 11235 865.9445056376 1.0000 481 1181.8170481235 0.9837 199 1508.7796570562 0.9252 4480 1073.8156014898 0.9705 12333 819.5575441875 1.0000 7856 1550.9248325921 0.9937 17926 892.3703765296 0.9709
1255 40159 524.6111466425 1.0000 32646 836.1829637071 0.9989 10696 827.3926056185 0.9985 447 1054.9938535964 0.9748 197 1376.5693872358 0.9382 44274 555.4302364991 1.0000 26424 1265.6665551481 0.0000 11298 865.9445056376 1.0000 483 1181.8170481235 0.9837 200 1508.7796570562 0.9252 4593 1073.8156014898 0.9705 12400 819.5575441875 1.0000 7951 1550.9248325921 0.9937 18011 892.3703765296 0.9709
1260 40258 524.6111466425 1.0000 32738 836.1829637071 0.9989 10756 827.3926056185 0.9985 450 1054.9938535964 0.9748 198 1376.5693872358 0.9382 44397 555.4302364991 1.0000 26507 1265.6665551481 0.0000 11363 865.9445056376 1.0000 486 1181.8170481235 0.9837 201 1508.7796570562 0.9252 4707 1073.8156014898 0.9705 12469 819.5575441875 1.0000 8045 1550.9248325921 0.9937 18105 892.3703765296 0.9709
1270 40479 524.6111466425 1.0000 32905 836.1829637071 0.9989 10878 827.3926056185 0.9985 455 1054.9938535964 0.9748 199 1376.5693872358 0.9382 44619 555.4302364991 1.0000 26663 1265.6665551481 0.0000 11485 865.9445056376 1.0000 492 1181.8170481235 0.9837 203 1508.7796570562 0.9252 4935 1073.8156014898 0.9705 12600 819.5575441875 1.0000 8228 1550.9248325921 0.9937 18280 892.3703765296 0.9709
1280 40703 524.6111466425 1.0000 33098 836.1829637071 0.9989 11008 827.3926056185 0.9985 460 1054.9938535964 0.9748 201 1376.5693872358 0.9382 44860 555.4302364991 1.0000 26825 1265.6665551481 0.0000 11608 865.9445056376 1.0000 498 1181.8170481235 0.9837 204 1508.7796570562 0.9252 5165 1073.8156014898 0.9705 12720 819.5575441875 1.0000 8421 1550.9248325921 0.9937 18445 892.3703765296 0.9709
1285 40809 524.6111466425 1.0000 33182 836.1829637071 0.9989 11078 827.3926056185 0.9985 462 1054.9938535964 0.9748 202 1376.5693872358 0.9382 44971 555.4302364991 1.0000 26902 1265.6665551481 0.0000 11668 865.9445056376 1.0000 501 1181.8170481235 0.9837 205 1508.7796570562 0.9252 5280 1073.8156014898 0.9705 12784 819.5575441875 1.0000 8516 1550.9248325921 0.9937 18533 892.3703765296 0.9709
1290 40921 524.6111466425 1.0000 33274 836.1829637071 0.9989 11139 827.3926056185 0.9985 465 1054.9938535964 0.9748 203 1376.5693872358 0.9382 45089 555.4302364991 1.0000 26977 1265.6665551481 0.0000 11720 865.9445056376 1.0000 504 1181.8170481235 0.9837 206 1508.7796570562 0.9252 5391 1073.8156014898 0.9705 12848 819.5575441875 1.0000 8609 1550.9248325921 0.9937 18628 892.3703765296 0.9709
1295 41015 524.6111466425 1.0000 33372 836.1829637071 0.9989 11204 827.3926056185 0.9985 468 1054.9938535964 0.9748 204 1376.5693872358 0.9382 45200 555.4302364991 1.0000 27064 1265.6665551481 0.0000 11782 865.9445056376 1.0000 507 1181.8170481235 0.9837 207 1508.7796570562 0.9252 5506 1073.8156014898 0.9705 12926 819.5575441875 1.0000 8695 1550.9248325921 0.9937 18721 892.3703765296 0.9709
1300 41122 524.6111466425 1.0000 33453 836.1829637071 0.9989 11275 827.3926056185 0.9985 470 1054.9938535964 0.9748 205 1376.5693872358 0.9382 45313 555.4302364991 1.0000 27166 1265.6665551481 0.0000 11836 865.9445056376 1.0000 510 1181.8170481235 0.9837 208 1508.7796570562 0.9252 5621 1073.8156014898 0.9705 12998 819.5575441875 1.0000 8781 1550.9248325921 0.9937 18805 892.3703765296 0.9709
1305 41225 524.6111466425 1.0000 33531 836.1829637071 0.9989 11334 827.3926056185 0.9985 473 1054.9938535964 0.9748 206 1376.5693872358 0.9382 45429 555.4302364991 1.0000 27246 1265.6665551481 0.0000 11902 865.9445056376 1.0000 513 1181.8170481235 0.9837 209 1508.7796570562 0.9252 5730 1073.8156014898 0.9705 13060 819.5575441875 1.0000 8872 1550.9248325921 0.9937 18890 892.3703765296 0.9709
1315 41421 524.6111466425 1.0000 33712 836.1829637071 0.9989 11458 827.3926056185 0.9985 478 1054.9938535964 0.9748 207 1376.5693872358 0.9382 45669 555.4302364991 1.0000 27396 1265.6665551481 0.0000 12021 865.9445056376 1.0000 519 1181.8170481235 0.9837 211 1508.7796570562 0.9252 5934 1073.8156014898 0.9705 13176 819.5575441875 1.0000 9040 1550.9248325921 0.9937 19059 892.3703765296 0.9709
1320 41523 524.6111466425 1.0000 33813 836.1829637071 0.9989 11529 827.3926056185 0.9985 481 1054.9938535964 0.9748 208 1376.5693872358 0.9382 45782 555.4302364991 1.0000 27464 1265.6665551481 0.0000 12082 865.9445056376 1.0000 522 1181.8170481235 0.9837 212 1508.7796570562 0.9252 6038 1073.8156014898 0.9705 13242 819.5575441875 1.0000 9129 1550.9248325921 0.9937 19153 892.3703765296 0.9709
1325 41631 524.6111466425 1.0000 33900 836.1829637071 0.9989 11599 827.3926056185 0.9985 483 1054.9938535964 0.9748 209 1376.5693872358 0.9382 45920 555.4302364991 1.0000 27555 1265.6665551481 0.0000 12143 865.9445056376 1.0000 525 1181.8170481235 0.9837 213 1508.7796570562 0.9252 6140 1073.8156014898 0.9705 13312 819.5575441875 1.0000 9209 1550.9248325921 0.9937 19238 892.3703765296 0.9709
1330 41734 524.6111466425 1.0000 33987 836.1829637071 0.9989 11657 827.3926056185 0.9985 486 1054.9938535964 0.9748 210 1376.5693872358 0.9382 46041 555.4302364991 1.0000 27631 1265.6665551481 0.0000 12206 865.9445056376 1.0000 528 1181.8170481235 0.9837 214 1508.7796570562 0.9252 6241 1073.8156014898 0.9705 13382 819.5575441875 1.0000 9296 1550.9248325921 0.9937 19326 892.3703765296 0.9709
1340 41932 524.6111466425 1.0000 34157 836.1829637071 0.9989 11772 827.3926056185 0.9985 491 1054.9938535964 0.9748 212 1376.5693872358 0.9382 46250 555.4302364991 1.0000 27794 1265.6665551481 0.0000 12324 865.9445056376 1.0000 535 1181.8170481235 0.9837 215 1508.7796570562 0.9252 6447 1073.8156014898 0.9705 13499 819.5575441875 1.0000 9474 1550.9248325921 0.9937 19493 892.3703765296 0.9709
1345 42034 524.6111466425 1.0000 34237 836.1829637071 0.9989 11831 827.3926056185 0.9985 494 1054.9938535964 0.9748 213 1376.5693872358 0.9382 46353 555.4302364991 1.0000 27875 1265.6665551481 0.0000 12384 865.9445056376 1.0000 538 1181.8170481235 0.9837 216 1508.7796570562 0.9252 6554 1073.8156014898 0.9705 13555 819.5575441875 1.0000 9569 1550.9248325921 0.9937 19574 892.3703765296 0.9709
1355 42242 524.6111466425 1.0000 34396 836.1829637071 0.9989 11954 827.3926056185 0.9985 500 1054.9938535964 0.9748 214 1376.5693872358 0.9382 46582 555.4302364991 1.0000 28033 1265.6665551481 0.0000 12495 865.9445056376 1.0000 544 1181.8170481235 0.9837 218 1508.7796570562 0.9252 6747 1073.8156014898 0.9705 13677 819.5575441875 1.0000 9738 1550.9248325921 0.9937 19740 892.3703765296 0.9709
1360 42336 524.6111466425 1.0000 34482 836.1829637071 0.9989 12008 827.3926056185 0.9985 502 1054.9938535964 0.9748 215 1376.5693872358 0.9382 46692 555.4302364991 1.0000 28117 1265.6665551481 0.0000 12551 865.9445056376 1.0000 547 1181.8170481235 0.9837 219 1508.7796570562 0.9252 6842 1073.8156014898 0.9705 13737 819.5575441875 1.0000 9818 1550.9248325921 0.9937 19827 892.3703765296 0.9709
1365 42419 524.6111466425 1.0000 34562 836.1829637071 0.9989 12066 827.3926056185 0.9985 505 1054.8813317532 0.9749 216 1376.5693872358 0.9382 46801 555.4302364991 1.0000 28196 1265.6665551481 0.0000 12608 865.9445056376 1.0000 551 1181.8170481235 0.9837 220 1508.7796570562 0.9252 6940 1073.8156014898 0.9705 13807 819.5575441875 1.0000 9899 1550.9248325921 0.9937 19924 892.3703765296 0.9709
1370 42511 524.6111466425 1.0000 34659 836.1829637071 0.9989 12125 827.3926056185 0.9985 508 1054.8813317532 0.9749 217 1376.5693872358 0.9382 46913 555.4302364991 1.0000 28279 1265.6665551481 0.0000 12676 865.9445056376 1.0000 554 1181.8170481235 0.9837 221 1508.7796570562 0.9252 7036 1073.8156014898 0.9705 13876 819.5575441875 1.0000 9978 1550.9248325921 0.9937 20000 892.3703765296 0.9709
1375 42608 524.6111466425 1.0000 34732 836.1829637071 0.9989 12187 827.3926056185 0.9985 511 1054.8813317532 0.9749 218 1376.5693872358 0.9382 47015 555.4302364991 1.0000 28352 1265.6665551481 0.0000 12736 865.9445056376 1.0000 557 1181.8170481235 0.9837 222 1508.7796570562 0.9252 7129 1073.8156014898 0.9705 13944 819.5575441875 1.0000 10060 1550.9248325921 0.9937 20081 892.3703765296 0.9709
1380 42707 524.6111466425 1.0000 34818 836.1829637071 0.9989 12250 827.3926056185 0.9985 514 1054.4881444273 0.9753 219 1376.5693872358 0.9382 47117 555.4302364991 1.0000 28424 1265.6665551481 0.0000 12787 865.9445056376 1.0000 560 1181.8170481235 0.9837 223 1508.7796570562 0.9252 7226 1073.8156014898 0.9705 14015 819.5575441875 1.0000 10138 1550.9248325921 0.9937 20171 892.3703765296 0.9709
1390 42908 524.6111466425 1.0000 34985 836.1829637071 0.9989 12376 827.3926056185 0.9985 519 1054.4881444273 0.9753 221 1376.5693872358 0.9382 47321 555.4302364991 1.0000 28580 1265.6665551481 0.0000 12911 865.9445056376 1.0000 567 1181.8170481235 0.9837 224 1508.7796570562 0.9252 7420 1073.8156014898 0.9705 14133 819.5575441875 1.0000 10301 1550.9248325921 0.9937 20335 892.3703765296 0.9709
1395 43009 524.6111466425 1.0000 35064 836.1829637071 0.9989 12431 827.3926056185 0.9985 522 1054.4881444273 0.9753 222 1376.5693872358 0.9382 47434 555.4302364991 1.0000 28666 1265.6665551481 0.0000 12965 865.9445056376 1.0000 571 1181.8170481235 0.9837 225 1508.7796570562 0.9252 7521 1073.8156014898 0.9705 14192 819.5575441875 1.0000 10382 1550.9248325921 0.9937 20422 892.3703765296 0.9709
1400 43109 524.6111466425 1.0000 35141 836.1829637071 0.9989 12492 827.3926056185 0.9985 525 1054.1443529994 0.9756 223 1376.5693872358 0.9382 47538 555.4302364991 1.0000 28738 1265.6665551481 0.0000 13022 865.9445056376 1.0000 574 1181.8170481235 0.9837 226 1508.7796570562 0.9252 7620 1073.8156014898 0.9705 14258 819.5575441875 1.0000 10457 1550.9248325921 0.9937 20506 892.3703765296 0.9709
1410 43332 524.6111466425 1.0000 35317 836.1829637071 0.9989 12601 827.3926056185 0.9985 531 1054.1443529994 0.9756 224 1375.8787565704 0.9386 47751 555.4302364991 1.0000 28915 1265.6665551481 0.0000 13135 865.9445056376 1.0000 581 1181.8170481235 0.9837 228 1508.7796570562 0.9252 7798 1073.8156014898 0.9705 14381 819.5575441875 1.0000 10613 1550.9248325921 0.9937 20655 892.3703765296 0.9709
1415 43434 524.6111466425 1.0000 35403 836.1829637071 0.9989 12657 827.3926056185 0.9985 534 1054.1443529994 0.9756 225 1375.8787565704 0.9386 47868 555.4302364991 1.0000 28983 1265.6665551481 0.0000 13198 865.9445056376 1.0000 584 1181.8170481235 0.9837 229 1508.7796570562 0.9252 7885 1073.8156014898 0.9705 14443 819.5575441875 1.0000 10684 1550.9248325921 0.9937 20729 892.3703765296 0.9709
1420 43532 524.6111466425 1.0000 35497 836.1829637071 0.9989 12715 827.3926056185 0.9985 537 1054.1443529994 0.9756 226 1375.8787565704 0.9386 47987 555.4302364991 1.0000 29062 1265.6665551481 0.0000 13254 865.9445056376 1.0000 588 1181.8170481235 0.9837 230 1508.7796570562 0.9252 7972 1073.8156014898 0.9705 14505 819.5575441875 1.0000 10762 1550.9248325921 0.9937 20809 892.3703765296 0.9709
1425 43640 524.6111466425 1.0000 35576 836.1829637071 0.9989 12774 827.3926056185 0.9985 540 1054.1443529994 0.9756 227 1375.8787565704 0.9386 48104 555.4302364991 1.0000 29136 1265.6665551481 0.0000 13308 865.9445056376 1.0000 591 1181.8170481235 0.9837 231 1508.7796570562 0.9252 8058 1073.8156014898 0.9705 14566 819.5575441875 1.0000 10843 1550.9248325921 0.9937 20895 892.3703765296 0.9709
1430 43739 524.6111466425 1.0000 35651 836.1829637071 0.9989 12829 827.3926056185 0.9985 543 1054.1443529994 0.9756 228 1375.8787565704 0.9386 48231 555.4302364991 1.0000 29211 1265.6665551481 0.0000 13363 865.9445056376 1.0000 595 1181.2136684041 0.9842 232 1508.7796570562 0.9252 8150 1073.8156014898 0.9705 14633 819.5575441875 1.0000 10910 1550.9248325921 0.9937 20977 892.3703765296 0.9709
1435 43845 524.6111466425 1.0000 35732 836.1829637071 0.9989 12893 827.3926056185 0.9985 546 1054.1443529994 0.9756 229 1375.8787565704 0.9386 48329 555.4302364991 1.0000 29288 1265.6665551481 0.0000 13421 865.9445056376 1.0000 598 1181.2136684041 0.9842 233 1508.7796570562 0.9252 8244 1073.8156014898 0.9705 14696 819.5575441875 1.0000 10993 1550.9248325921 0.9937 21045 892.3703765296 0.9709
1440 43958 524.6111466425 1.0000 35820 836.1829637071 0.9989 12958 827.3926056185 0.9985 549 1054.1373742625 0.9756 230 1375.8787565704 0.9386 48433 555.4302364991 1.0000 29370 1265.6665551481 0.0000 13468 865.9445056376 1.0000 602 1181.2136684041 0.9842 234 1508.7796570562 0.9252 8331 1073.8156014898 0.9705 14759 819.5575441875 1.0000 11067 1550.9248325921 0.9937 21122 892.3703765296 0.9709
1445 44050 524.6111466425 1.0000 35902 836.1829637071 0.9989 13025 827.3926056185 0.9985 552 1054.1373742625 0.9756 231 1375.8787565704 0.9386 48533 555.4302364991 1.0000 29452 1265.6665551481 0.0000 13518 865.9445056376 1.0000 606 1181.2136684041 0.9842 235 1508.7796570562 0.9252 8420 1073.8156014898 0.9705 14814 819.5575441875 1.0000 11142 1550.9248325921 0.9937 21192 892.3703765296 0.9709
1450 44146 524.6111466425 1.0000 35980 836.1829637071 0.9989 13083 827.3926056185 0.9985 555 1054.1373742625 0.9756 232 1375.8787565704 0.9386 48649 555.4302364991 1.0000 29527 1265.6665551481 0.0000 13574 865.9445056376 1.0000 610 1181.2136684041 0.9842 236 1508.7796570562 0.9252 8509 1073.8156014898 0.9705 14879 819.5575441875 1.0000 11217 1550.9248325921 0.9937 21272 892.3703765296 0.9709
1455 44249 524.6111466425 1.0000 36067 836.1829637071 0.9989 13133 827.3926056185 0.9985 558 1054.1373742625 0.9756 233 1375.8787565704 0.9386 48744 555.4302364991 1.0000 29608 1265.6665551481 0.0000 13630 865.9445056376 1.0000 613 1181.2136684041 0.9842 237 1508.7796570562 0.9252 8599 1073.8156014898 0.9705 14950 819.5575441875 1.0000 11296 1550.9248325921 0.9937 21340 892.3703765296 0.9709
1465 44459 524.6111466425 1.0000 36227 836.1829637071 0.9989 13248 827.3926056185 0.9985 565 1054.1373742625 0.9756 235 1375.8787565704 0.9386 48971 555.4302364991 1.0000 29751 1265.6665551481 0.0000 13739 865.9445056376 1.0000 621 1181.2136684041 0.9842 238 1508.7796570562 0.9252 8773 1073.8156014898 0.9705 15067 819.5575441875 1.0000 11444 1550.9248325921 0.9937 21484 892.3703765296 0.9709
1470 44554 524.6111466425 1.0000 36310 836.1829637071 0.9989 13313 827.3926056185 0.9985 568 1054.1373742625 0.9756 236 1375.8787565704 0.9386 49087 555.4302364991 1.0000 29825 1265.6665551481 0.0000 13797 865.9445056376 1.0000 625 1181.2136684041 0.9842 239 1508.7796570562 0.9252 8859 1073.8156014898 0.9705 15127 819.5575441875 1.0000 11523 1550.9248325921 0.9937 21558 892.3703765296 0.9709
1480 44759 524.6111466425 1.0000 36476 836.1829637071 0.9989 13422 827.3926056185 0.9985 574 1054.1373742625 0.9756 237 1375.8787565704 0.9386 49304 555.4302364991 1.0000 29963 1265.6665551481 0.0000 13903 865.9445056376 1.0000 633 1181.2136684041 0.9842 241 1508.7796570562 0.9252 9018 1073.8156014898 0.9705 15243 819.5575441875 1.0000 11663 1550.9248325921 0.9937 21713 892.3703765296 0.9709
1485 44854 524.6111466425 1.0000 36556 836.1829637071 0.9989 13474 827.3926056185 0.9985 577 1054.1373742625 0.9756 238 1375.8787565704 0.9386 49405 555.4302364991 1.0000 30036 1265.6665551481 0.0000 13951 865.9445056376 1.0000 637 1181.2136684041 0.9842 242 1508.7796570562 0.9252 9101 1073.8156014898 0.9705 15296 819.5575441875 1.0000 11734 1550.9248325921 0.9937 21785 892.3703765296 0.9709
1490 44955 524.6111466425 1.0000 36635 836.1829637071 0.9989 13532 827.3926056185 0.9985 581 1054.1373742625 0.9756 239 1375.8787565704 0.9386 49497 555.4302364991 1.0000 30121 1265.6665551481 0.0000 14004 865.9445056376 1.0000 641 1181.2136684041 0.9842 243 1508.7796570562 0.9252 9188 1073.8156014898 0.9705 15358 819.5575441875 1.0000 11805 1550.9248325921 0.9937 21862 892.3703765296 0.9709
1495 45050 524.6111466425 1.0000 36715 836.1829637071 0.9989 13578 827.3926056185 0.9985 584 1052.9926219903 0.9767 240 1375.8787565704 0.9386 49601 555.4302364991 1.0000 30201 1265.6665551481 0.0000 14057 865.9445056376 1.0000 645 1181.2136684041 0.9842 244 1508.7796570562 0.9252 9273 1073.8156014898 0.9705 15419 819.5575441875 1.0000 11874 1550.9248325921 0.9937 21935 892.3703765296 0.9709
