0 0 813.9657567527 0.0000 
5 40 540.9085059228 0.9699 
10 901 531.0248722356 0.9879 
15 1844 531.0248722356 0.9879 
20 2606 531.0248722356 0.9879 
25 3306 531.0248722356 0.9879 
30 3916 531.0248722356 0.9879 
35 5262 524.6111466425 1.0000 
40 6264 524.6111466425 1.0000 
45 7137 524.6111466425 1.0000 
50 7859 524.6111466425 1.0000 
55 8529 524.6111466425 1.0000 
60 9186 524.6111466425 1.0000 
65 9775 524.6111466425 1.0000 
70 10342 524.6111466425 1.0000 
75 10843 524.6111466425 1.0000 
80 11338 524.6111466425 1.0000 
85 11810 524.6111466425 1.0000 
90 12266 524.6111466425 1.0000 
95 12676 524.6111466425 1.0000 
100 13100 524.6111466425 1.0000 
105 13508 524.6111466425 1.0000 
110 13919 524.6111466425 1.0000 
115 14317 524.6111466425 1.0000 
120 14699 524.6111466425 1.0000 
125 15078 524.6111466425 1.0000 
130 15410 524.6111466425 1.0000 
135 15758 524.6111466425 1.0000 
140 16099 524.6111466425 1.0000 
145 16431 524.6111466425 1.0000 
150 16760 524.6111466425 1.0000 
155 17083 524.6111466425 1.0000 
160 17380 524.6111466425 1.0000 
165 17685 524.6111466425 1.0000 
170 17975 524.6111466425 1.0000 
175 18271 524.6111466425 1.0000 
180 18561 524.6111466425 1.0000 
