0 0 1263.7287005168 0.0000 
5 23 1017.9589982359 0.8205 
10 54 978.8134689535 0.8533 
15 527 891.6339108025 0.9368 
20 1485 860.7434460992 0.9704 
25 2440 853.3854838380 0.9788 
30 3397 847.5763793041 0.9855 
35 4354 847.5763793041 0.9855 
40 5025 847.5763793041 0.9855 
45 5633 847.5763793041 0.9855 
50 6157 847.5763793041 0.9855 
55 6654 847.5763793041 0.9855 
60 7115 847.5763793041 0.9855 
65 7553 847.5763793041 0.9855 
70 7959 847.5763793041 0.9855 
75 8355 847.5763793041 0.9855 
80 8696 847.5763793041 0.9855 
85 9058 847.5763793041 0.9855 
90 9400 847.5763793041 0.9855 
95 9702 847.5763793041 0.9855 
100 10001 847.5763793041 0.9855 
105 10330 847.5763793041 0.9855 
110 10602 847.5763793041 0.9855 
115 10867 847.5763793041 0.9855 
120 11152 847.5763793041 0.9855 
125 11439 847.5763793041 0.9855 
130 11708 847.5763793041 0.9855 
135 11951 847.5763793041 0.9855 
140 12200 847.5763793041 0.9855 
145 12453 847.5763793041 0.9855 
150 12674 847.5763793041 0.9855 
155 12904 847.5763793041 0.9855 
160 13131 847.5763793041 0.9855 
165 13382 847.5763793041 0.9855 
170 13605 847.5763793041 0.9855 
175 13834 847.5763793041 0.9855 
180 14055 847.5763793041 0.9855 
