0 0 1345.7897577767 0.0000 
5 10 929.2456494925 0.8890 
10 21 887.9434884402 0.9304 
15 33 843.2418135806 0.9797 
20 47 843.1715369652 0.9798 
25 67 843.0390439499 0.9800 
30 237 841.1410717392 0.9822 
35 649 832.4433580457 0.9924 
40 1042 829.4397299846 0.9960 
45 1426 829.4397299846 0.9960 
50 1754 829.4397299846 0.9960 
55 1979 829.4397299846 0.9960 
60 2217 829.4397299846 0.9960 
65 2442 829.4397299846 0.9960 
70 2677 829.4397299846 0.9960 
75 2876 829.4397299846 0.9960 
80 3067 829.4397299846 0.9960 
85 3255 829.4397299846 0.9960 
90 3445 829.4397299846 0.9960 
95 3632 829.4397299846 0.9960 
100 3804 829.4397299846 0.9960 
105 3975 829.4397299846 0.9960 
110 4135 829.4397299846 0.9960 
115 4295 829.4397299846 0.9960 
120 4453 829.4397299846 0.9960 
125 4621 829.4397299846 0.9960 
130 4767 829.4397299846 0.9960 
135 4907 829.4397299846 0.9960 
140 5061 829.4397299846 0.9960 
145 5197 829.4397299846 0.9960 
150 5339 829.4397299846 0.9960 
155 5486 829.4397299846 0.9960 
160 5626 829.4397299846 0.9960 
165 5750 829.4397299846 0.9960 
170 5871 829.4397299846 0.9960 
175 5992 829.4397299846 0.9960 
180 6111 829.4397299846 0.9960 
