0 0 1692.0489962822 0.0000 
5 4 1692.0489962822 0.0000 
10 8 1285.8365179863 0.7998 
15 11 1266.2045922088 0.8122 
20 16 1231.8981344507 0.8348 
25 20 1190.1815561249 0.8641 
30 24 1166.1138634579 0.8819 
35 29 1157.1648723405 0.8887 
40 33 1146.9192624754 0.8967 
45 39 1132.2610948123 0.9083 
50 45 1123.0804245799 0.9157 
55 51 1123.0804245799 0.9157 
60 59 1120.0257019221 0.9182 
65 68 1117.0986316160 0.9206 
70 81 1098.0704365165 0.9366 
75 165 1077.5663359527 0.9544 
80 327 1073.2507221088 0.9582 
85 485 1072.6473423894 0.9588 
90 655 1069.8949437007 0.9612 
95 820 1069.8949437007 0.9612 
100 983 1067.7435534140 0.9632 
105 1145 1067.7431949104 0.9632 
110 1310 1067.7431949104 0.9632 
115 1476 1067.1289621122 0.9637 
120 1644 1067.1289621122 0.9637 
125 1811 1067.1289621122 0.9637 
130 1976 1067.1289621122 0.9637 
135 2142 1067.1289621122 0.9637 
140 2304 1067.1289621122 0.9637 
145 2448 1067.1289621122 0.9637 
150 2566 1067.1289621122 0.9637 
155 2686 1067.1289621122 0.9637 
160 2818 1064.3452885083 0.9662 
165 2980 1064.2407267521 0.9663 
170 3146 1064.2407267521 0.9663 
175 3307 1061.5644769672 0.9688 
180 3465 1061.5644769672 0.9688 
