0 0 2054.2649378504 0.0000 
5 2 2054.2649378504 0.0000 
10 4 2054.2649378504 0.0000 
15 6 1808.7442791913 0.7140 
20 8 1790.7753681798 0.7212 
25 10 1671.0942061800 0.7728 
30 12 1646.5858545167 0.7843 
35 14 1631.0206873638 0.7918 
40 16 1601.2987225777 0.8065 
45 18 1591.8088662244 0.8113 
50 20 1581.0980834393 0.8168 
55 22 1557.7082590369 0.8291 
60 24 1556.2583660030 0.8298 
65 27 1543.3260201818 0.8368 
70 29 1532.2883248261 0.8428 
75 31 1527.1793709607 0.8456 
80 34 1526.1047071889 0.8462 
85 37 1526.1047071889 0.8462 
90 39 1516.6425657732 0.8515 
95 42 1499.7037746315 0.8611 
100 45 1493.0544502410 0.8650 
105 49 1489.2726253428 0.8672 
110 52 1486.2850171609 0.8689 
115 56 1484.2225330570 0.8701 
120 60 1478.6518424582 0.8734 
125 64 1478.6518424582 0.8734 
130 69 1472.2278757851 0.8772 
135 75 1468.3381880300 0.8795 
140 82 1460.7053366745 0.8841 
145 102 1439.7824518848 0.8970 
150 188 1405.0394921832 0.9192 
155 271 1387.3208030991 0.9309 
160 353 1379.6589289704 0.9361 
165 434 1379.2117499104 0.9364 
170 520 1379.2117499104 0.9364 
175 602 1379.2117499104 0.9364 
180 687 1377.1670504606 0.9378 
