0 0 835.7771048075 0.0000 
5 61 556.6791413260 0.9978 
10 1342 556.6791413260 0.9978 
15 2368 556.6791413260 0.9978 
20 3242 556.6791413260 0.9978 
25 4006 556.6791413260 0.9978 
30 4695 556.6791413260 0.9978 
35 5313 556.6791413260 0.9978 
40 5900 556.6791413260 0.9978 
45 6443 556.6791413260 0.9978 
50 7008 556.6791413260 0.9978 
55 7485 556.6791413260 0.9978 
60 7971 556.6791413260 0.9978 
65 8441 556.6791413260 0.9978 
70 8888 556.6791413260 0.9978 
75 9326 556.6791413260 0.9978 
80 9739 556.6791413260 0.9978 
85 10150 556.6791413260 0.9978 
90 10532 556.6791413260 0.9978 
95 10909 556.6791413260 0.9978 
100 11267 556.6791413260 0.9978 
105 11624 556.6791413260 0.9978 
110 11981 556.6791413260 0.9978 
115 12303 556.6791413260 0.9978 
120 12640 556.6791413260 0.9978 
125 12980 556.6791413260 0.9978 
130 13295 556.6791413260 0.9978 
135 13601 556.6791413260 0.9978 
140 13924 556.6791413260 0.9978 
145 14205 556.6791413260 0.9978 
150 14518 556.6791413260 0.9978 
155 14811 556.6791413260 0.9978 
160 15109 556.6791413260 0.9978 
165 15394 556.6791413260 0.9978 
170 15659 556.6791413260 0.9978 
175 15938 556.6791413260 0.9978 
180 16202 556.6791413260 0.9978 
