0 0 1182.5380876487 0.0000 
5 23 1182.5380876487 0.0000 
10 56 1182.5380876487 0.0000 
15 586 1182.5380876487 0.0000 
20 1534 1182.5380876487 0.0000 
25 2365 1182.5380876487 0.0000 
30 3038 1182.5380876487 0.0000 
35 3597 1182.5380876487 0.0000 
40 4138 1182.5380876487 0.0000 
45 4607 1182.5380876487 0.0000 
50 5063 1182.5380876487 0.0000 
55 5481 1182.5380876487 0.0000 
60 5898 1182.5380876487 0.0000 
65 6268 1182.5380876487 0.0000 
70 6634 1182.5380876487 0.0000 
75 6986 1182.5380876487 0.0000 
80 7318 1182.5380876487 0.0000 
85 7649 1182.5380876487 0.0000 
90 7981 1182.5380876487 0.0000 
95 8283 1182.5380876487 0.0000 
100 8553 1182.5380876487 0.0000 
105 8853 1182.5380876487 0.0000 
110 9142 1182.5380876487 0.0000 
115 9384 1182.5380876487 0.0000 
120 9650 1182.5380876487 0.0000 
125 9925 1182.5380876487 0.0000 
130 10188 1182.5380876487 0.0000 
135 10421 1182.5380876487 0.0000 
140 10664 1182.5380876487 0.0000 
145 10900 1182.5380876487 0.0000 
150 11127 1182.5380876487 0.0000 
155 11342 1182.5380876487 0.0000 
160 11565 1182.5380876487 0.0000 
165 11794 1182.5380876487 0.0000 
170 12028 1182.5380876487 0.0000 
175 12231 1182.5380876487 0.0000 
180 12437 1182.5380876487 0.0000 
