0 0 1377.7579288724 0.0000 
5 10 1377.7579288724 0.0000 
10 21 953.2294393619 0.9084 
15 35 911.2289286581 0.9503 
20 51 897.3021879371 0.9650 
25 75 894.7322399801 0.9678 
30 367 881.8617461133 0.9819 
35 786 873.9697488261 0.9908 
40 1212 872.9698577928 0.9919 
45 1639 872.9698577928 0.9919 
50 1979 872.9698577928 0.9919 
55 2234 872.9698577928 0.9919 
60 2492 872.9698577928 0.9919 
65 2748 872.9698577928 0.9919 
70 2969 872.9698577928 0.9919 
75 3192 872.9698577928 0.9919 
80 3402 872.9698577928 0.9919 
85 3614 872.9698577928 0.9919 
90 3820 872.9698577928 0.9919 
95 4001 872.9698577928 0.9919 
100 4170 872.9698577928 0.9919 
105 4348 872.9698577928 0.9919 
110 4535 872.9698577928 0.9919 
115 4715 872.9698577928 0.9919 
120 5082 871.7808727697 0.9933 
125 5502 871.7808727697 0.9933 
130 5857 871.7808727697 0.9933 
135 6123 871.7808727697 0.9933 
140 6379 871.7808727697 0.9933 
145 6635 871.7808727697 0.9933 
150 6869 871.7808727697 0.9933 
155 7084 871.7808727697 0.9933 
160 7294 871.7808727697 0.9933 
165 7502 871.7808727697 0.9933 
170 7713 871.7808727697 0.9933 
175 7892 871.7808727697 0.9933 
180 8073 871.7808727697 0.9933 
