0 0 1789.7048412798 0.0000 
5 4 1789.7048412798 0.0000 
10 8 1789.7048412798 0.0000 
15 12 1789.7048412798 0.0000 
20 16 1789.7048412798 0.0000 
25 21 1403.9250302548 0.8281 
30 25 1403.9250302548 0.8281 
35 30 1355.5952085167 0.8576 
40 35 1304.1594935805 0.8914 
45 41 1300.2018484351 0.8941 
50 47 1288.2434816355 0.9024 
55 54 1285.2960491043 0.9045 
60 63 1277.5558096255 0.9100 
65 74 1271.7014243783 0.9142 
70 105 1267.2896101056 0.9174 
75 278 1232.6621563705 0.9431 
80 452 1230.7601302203 0.9446 
85 626 1230.0560354126 0.9451 
90 795 1230.0560354126 0.9451 
95 968 1229.7941751148 0.9453 
100 1139 1229.6708698373 0.9454 
105 1309 1229.6708698373 0.9454 
110 1482 1229.6708698373 0.9454 
115 1654 1229.6667558151 0.9454 
120 1831 1229.3610788636 0.9457 
125 2002 1229.3610788636 0.9457 
130 2174 1224.4248171945 0.9495 
135 2359 1190.5747036839 0.9765 
140 2543 1190.2470799014 0.9767 
145 2723 1190.2470799014 0.9767 
150 2901 1189.8578003039 0.9770 
155 3084 1189.8578003039 0.9770 
160 3270 1189.5763141842 0.9773 
165 3449 1189.5763141842 0.9773 
170 3633 1189.5763141842 0.9773 
175 3815 1189.5763141842 0.9773 
180 3999 1188.6519003927 0.9780 
