0 0 2280.8737930722 0.0000 
5 2 2280.8737930722 0.0000 
10 4 2280.8737930722 0.0000 
15 6 2280.8737930722 0.0000 
20 8 2280.8737930722 0.0000 
25 10 2280.8737930722 0.0000 
30 12 2280.8737930722 0.0000 
35 13 2280.8737930722 0.0000 
40 15 2280.8737930722 0.0000 
45 18 2280.8737930722 0.0000 
50 20 2280.8737930722 0.0000 
55 22 2280.8737930722 0.0000 
60 24 2280.8737930722 0.0000 
65 26 1664.6623535496 0.8385 
70 29 1635.2384293544 0.8536 
75 31 1635.2384293544 0.8536 
80 34 1617.7620824064 0.8628 
85 37 1617.7620824064 0.8628 
90 39 1617.7620824064 0.8628 
95 42 1617.7620824064 0.8628 
100 45 1617.7620824064 0.8628 
105 49 1617.3632478084 0.8630 
110 53 1615.4590909412 0.8641 
115 56 1615.4590909412 0.8641 
120 60 1610.2866232901 0.8668 
125 65 1607.1980498684 0.8685 
130 70 1595.9450710131 0.8746 
135 76 1595.9052462591 0.8746 
140 86 1585.2651717354 0.8805 
145 135 1566.1172885069 0.8913 
150 225 1557.1280868393 0.8964 
155 310 1551.1441303512 0.8999 
160 396 1550.2746840917 0.9004 
165 485 1545.2975290034 0.9033 
170 569 1541.8345741133 0.9053 
175 658 1536.8549606828 0.9083 
180 745 1535.9643912374 0.9088 
