0 0 1582.9717565003 0.0000 
5 6 1312.7954257127 0.7938 
10 12 1248.5374906217 0.8347 
15 19 1236.2211083347 0.8430 
20 26 1212.3736394198 0.8596 
25 34 1196.9887134332 0.8706 
30 42 1188.9540338431 0.8765 
35 52 1169.4781726468 0.8911 
40 67 1167.7456872833 0.8924 
45 92 1153.9506977762 0.9031 
50 352 1090.0372577439 0.9560 
55 628 1060.7237261835 0.9825 
60 903 1060.0385873317 0.9831 
65 1169 1057.7042127341 0.9853 
70 1431 1057.7042127341 0.9853 
75 1702 1057.7042127341 0.9853 
80 1967 1057.3673989386 0.9856 
85 2239 1057.3673989386 0.9856 
90 2509 1057.3673989386 0.9856 
95 2780 1057.3673989386 0.9856 
100 3036 1055.9710872693 0.9869 
105 3312 1055.9710872693 0.9869 
110 3589 1055.9710872693 0.9869 
115 3868 1055.9710872693 0.9869 
120 4125 1055.9710872693 0.9869 
125 4392 1055.7361034273 0.9871 
130 4664 1055.7361034273 0.9871 
135 4937 1055.7361034273 0.9871 
140 5209 1055.7361034273 0.9871 
145 5428 1055.7361034273 0.9871 
150 5663 1055.7361034273 0.9871 
155 5887 1055.7361034273 0.9871 
160 6111 1055.7361034273 0.9871 
165 6319 1055.7361034273 0.9871 
170 6506 1055.7361034273 0.9871 
175 6705 1055.7361034273 0.9871 
180 6904 1055.7361034273 0.9871 
