0 0 1266.3050292548 0.0000 
5 11 943.9532844146 0.8682 
10 22 846.8473403239 0.9678 
15 36 846.8473403239 0.9678 
20 53 827.4070945736 0.9905 
25 80 826.9995823254 0.9910 
30 437 825.6486929660 0.9926 
35 858 825.6486929660 0.9926 
40 1289 824.7767082213 0.9937 
45 1733 824.7767082213 0.9937 
50 2149 824.7767082213 0.9937 
55 2444 824.7767082213 0.9937 
60 2738 824.7767082213 0.9937 
65 3024 824.7767082213 0.9937 
70 3280 824.7767082213 0.9937 
75 3531 824.7767082213 0.9937 
80 3780 824.7767082213 0.9937 
85 4023 824.7767082213 0.9937 
90 4233 824.7767082213 0.9937 
95 4436 824.7767082213 0.9937 
100 4651 824.7767082213 0.9937 
105 4859 824.7767082213 0.9937 
110 5064 824.7767082213 0.9937 
115 5268 824.7767082213 0.9937 
120 5446 824.7767082213 0.9937 
125 5627 824.7767082213 0.9937 
130 5802 824.7767082213 0.9937 
135 5989 824.7767082213 0.9937 
140 6157 824.7767082213 0.9937 
145 6317 824.7767082213 0.9937 
150 6467 824.7767082213 0.9937 
155 6620 824.7767082213 0.9937 
160 6775 824.7767082213 0.9937 
165 6920 824.7767082213 0.9937 
170 7075 824.7767082213 0.9937 
175 7211 824.7767082213 0.9937 
180 7351 824.7767082213 0.9937 
