0 0 1479.3685907660 0.0000 
5 7 1479.3685907660 0.0000 
10 14 1479.3685907660 0.0000 
15 22 1479.3685907660 0.0000 
20 30 1479.3685907660 0.0000 
25 40 1479.3685907660 0.0000 
30 52 1744.7838440793 0.8833 
35 68 1716.6362247765 0.8978 
40 148 1631.8731494694 0.9444 
45 458 1620.3108038866 0.9511 
50 765 1619.7559726629 0.9515 
55 1069 1617.2046568894 0.9530 
60 1375 1616.5947487559 0.9533 
65 1680 1610.7389576304 0.9568 
70 1990 1610.0456534884 0.9572 
75 2305 1609.6623882277 0.9574 
80 2619 1609.6623882277 0.9574 
85 2937 1609.6623882277 0.9574 
90 3249 1609.5389387249 0.9575 
95 3557 1609.5389387249 0.9575 
100 3869 1608.8174300188 0.9579 
105 4183 1608.8174300188 0.9579 
110 4481 1608.8174300188 0.9579 
115 4772 1608.8174300188 0.9579 
120 5018 1608.8174300188 0.9579 
125 5280 1608.7541588658 0.9580 
130 5583 1608.7541588658 0.9580 
135 5893 1608.7541588658 0.9580 
140 6199 1608.7541588658 0.9580 
145 6444 1608.7541588658 0.9580 
150 6757 1607.5299326151 0.9587 
155 7062 1607.5299326151 0.9587 
160 7371 1607.5299326151 0.9587 
165 7633 1607.5299326151 0.9587 
170 7878 1607.5299326151 0.9587 
175 8125 1607.5299326151 0.9587 
180 8390 1607.0767879024 0.9590 
