0 0 1072.0446099454 0.0000 
5 11 929.0807899873 0.9325 
10 23 906.9897707652 0.9552 
15 37 901.0755422083 0.9615 
20 55 894.5761402188 0.9685 
25 86 887.1929340109 0.9765 
30 532 885.7650955832 0.9781 
35 1029 885.6015799787 0.9783 
40 1518 885.6015799787 0.9783 
45 2022 875.0454067652 0.9901 
50 2525 875.0454067652 0.9901 
55 2973 875.0454067652 0.9901 
60 3347 875.0454067652 0.9901 
65 3788 874.4450783608 0.9908 
70 4304 874.4450783608 0.9908 
75 4699 874.4450783608 0.9908 
80 5056 874.4450783608 0.9908 
85 5419 874.4450783608 0.9908 
90 5717 874.4450783608 0.9908 
95 6003 874.4450783608 0.9908 
100 6290 874.4450783608 0.9908 
105 6566 874.4450783608 0.9908 
110 6828 874.4450783608 0.9908 
115 7080 874.4450783608 0.9908 
120 7344 874.4450783608 0.9908 
125 7586 874.4450783608 0.9908 
130 7798 874.4450783608 0.9908 
135 8017 874.4450783608 0.9908 
140 8248 874.4450783608 0.9908 
145 8455 874.4450783608 0.9908 
150 8660 874.4450783608 0.9908 
155 8855 874.4450783608 0.9908 
160 9046 874.4450783608 0.9908 
165 9242 874.4450783608 0.9908 
170 9431 874.4450783608 0.9908 
175 9606 874.4450783608 0.9908 
180 9782 874.4450783608 0.9908 
